Act   Max   Min   Avg
0   0   0   -nan
16287   34211   10622   18008.001994
18698   177620   10622   17732.306041
14973   177620   10622   17873.269973
12980   229167   10622   17338.370380
11741   439778   10582   16990.303048
23724   439778   10582   17231.273090
11150   439778   10582   17151.970391
12049   439778   10582   17225.790359
21538   439778   10582   17408.133075
14193   439778   10582   17701.407271
12428   439778   10582   17980.784330
32323   439778   10582   18173.649585
11740   439778   10582   18237.663270
11522   439778   10582   18283.958822
22162   439778   10582   18158.060626
24244   439778   10582   18064.306602
24090   439778   10582   18065.127787
13481   439778   10582   18074.042176
17058   439778   10582   19046.120142
15839   439778   10582   19907.597512
32891   439778   10582   20490.669731
38861   439778   10582   20963.076433
28690   831709   10582   21493.491347
38391   831709   10582   21873.596376
45139   831709   10582   22185.455059
21707   831709   10582   22402.591382
23779   831709   10582   22593.065974
33603   831709   10582   22651.924294
28838   831709   10582   22697.555601
23667   831709   10582   22748.844311
27332   831709   10582   22827.938762
17599   831709   10582   22780.560433
19662   831709   10582   22728.326675
16146   831709   10582   22603.354147
28953   831709   10582   22578.703275
17259   831709   10582   22518.044347
14827   831709   10582   22394.562145
15280   831709   10582   22322.444313
16672   831709   10582   22288.569973
14303   831709   10582   22232.237329
19034   831709   10582   22156.296212
26491   831709   10582   22098.770324
14324   831709   10582   22050.394050
23974   831709   10582   22021.133268
31301   831709   10582   21994.184028
25777   831709   10582   21973.349772
29460   831709   10582   21916.883686
26160   831709   10582   21869.972393
14603   831709   10582   21847.806657
33612   831709   10582   21901.534199
14392   831709   10582   21954.628040
16919   831709   10582   21982.405621
25787   831709   10582   21924.441541
14559   831709   10582   21841.878049
25534   831709   10582   21771.277710
24440   831709   10582   21709.351612
17484   831709   10582   21587.487829
12934   831709   10582   21480.977124
16919   831709   10582   21358.837247
17652   831709   10582   21271.118191
12473   831709   10582   21164.440376
18874   831709   10582   21083.089411
20239   831709   10582   21052.327377
22841   831709   10582   21006.484037
18657   831709   10582   20960.544053
17632   831709   10582   20912.428914
19468   831709   10582   20863.299675
28324   831709   10582   20825.483125
18123   831709   10582   20781.970502
11732   831709   10582   20729.183640
13061   831709   10582   20672.205285
14617   831709   10582   20613.065005
13325   831709   10582   20567.843110
14603   831709   10582   20517.892556
14750   831709   10582   20477.930793
14264   831709   10582   20459.554534
22723   831709   10582   20443.052116
12775   831709   10582   20430.788802
22463   831709   10582   20415.226974
14750   831709   10582   20391.995932
25157   831709   10582   20381.622626
25993   831709   10582   20374.514491
18471   831709   10582   20383.048571
19868   831709   10582   20358.160520
13029   831709   10582   20332.578144
15855   831709   10582   20297.914312
21676   831709   10582   20267.917184
12504   831709   10582   20230.507628
14507   831709   10582   20176.368323
12627   831709   10582   20112.213544
13906   831709   10582   20058.576452
11902   831709   10582   20035.547097
14279   831709   10582   20011.489292
12986   831709   10582   19975.552706
13643   831709   10582   19948.536720
14210   831709   10582   19896.344553
13558   831709   10582   19853.487696
13233   831709   10582   19799.344128
12204   831709   10582   19759.161249
13076   831709   10582   19725.108242
12924   831709   10582   19685.717376
12252   831709   10582   19619.067246
12588   831709   10582   19554.706925
12705   831709   10582   19495.758675
12456   831709   10582   19434.884549
13809   831709   10582   19374.751641
12534   831709   10582   19319.708516
12054   831709   10582   19264.614995
21249   831709   10582   19218.451386
12388   831709   10582   19161.392149
12317   831709   10582   19104.628950
14920   831709   10582   19049.780985
15524   831709   10582   18997.033794
13683   831709   10582   18947.163110
12612   831709   10582   18903.010928
13287   831709   10582   18862.130312
12255   831709   10582   18824.204423
13017   831709   10582   18787.037482
14510   831709   10582   18745.386959
11932   831709   10582   18710.299818
12419   831709   10582   18671.573619
13479   831709   10582   18633.708221
14649   831709   10582   18601.589984
22810   831709   10582   18574.189380
13042   831709   10582   18553.182540
18039   831709   10582   18527.838833
14915   831709   10582   18514.523353
14265   831709   10582   18481.977385
12683   831709   10582   18444.272116
20827   831709   10582   18408.927709
12759   831709   10582   18373.420106
13745   831709   10582   18340.051532
21137   831709   10582   18348.238912
23347   831709   10582   18357.571096
32374   831709   10582   18373.684034
24223   831709   10582   18386.335787
15241   831709   10582   18394.536570
26733   831709   10582   18401.011754
13315   831709   10582   18389.985943
12832   831709   10582   18357.800565
22283   831709   10582   18354.799813
17005   831709   10582   18362.809541
25512   831709   10582   18369.763468
37311   831709   10582   18376.827387
28285   831709   10582   18383.333512
23651   831709   10582   18391.342609
17213   831709   10582   18390.753511
19325   831709   10582   18398.115250
15427   831709   10582   18405.719991
16569   831709   10582   18411.441915
21586   831709   10582   18422.228160
19601   831709   10582   18430.004799
24724   831709   10582   18436.691416
21957   831709   10582   18442.988649
16881   831709   10582   18450.098368
26410   831709   10582   18458.976273
19331   831709   10582   18466.484829
21490   831709   10582   18473.603585
14848   831709   10582   18480.881325
16326   831709   10582   18487.727303
12083   831709   10582   18493.246185
39013   831709   10582   18497.565336
13372   831709   10582   18504.096235
28206   831709   10582   18509.382469
26682   831709   10582   18513.728947
12282   831709   10582   18518.907195
25197   831709   10582   18526.538560
13185   831709   10582   18533.471610
21132   831709   10582   18540.405068
22673   831709   10582   18546.727778
37136   831709   10582   18553.142897
16665   831709   10582   18561.759961
23553   831709   10582   18565.350848
31970   831709   10582   18574.941382
25836   831709   10582   18582.055385
18171   831709   10582   18591.299504
13007   831709   10582   18601.951508
16319   831709   10582   18611.981754
25434   831709   10582   18619.353250
25460   831709   10582   18625.368920
22484   831709   10582   18632.222407
26072   831709   10582   18638.834447
22116   831709   10582   18646.943146
24634   831709   10582   18657.785381
22037   831709   10582   18664.885655
23237   831709   10582   18671.815821
24275   831709   10582   18679.295538
14273   831709   10582   18680.017266
21360   831709   10582   18660.931414
33128   831709   10582   18662.787901
16513   831709   10582   18651.021238
39447   831709   10582   18660.158069
12685   831709   10582   18661.866297
13528   831709   10582   18634.689642
12380   831709   10582   18608.267744
13687   831709   10582   18583.440219
13335   831709   10582   18578.169042
32192   831709   10582   18571.231581
35345   831709   10582   18556.920343
12447   831709   10582   18552.669857
20179   831709   10582   18544.076019
13527   831709   10582   18525.472116
12967   831709   10582   18498.922321
12651   831709   10582   18472.636401
15361   831709   10582   18450.708381
22038   831709   10582   18440.304716
12085   831709   10582   18433.029705
12821   831709   10582   18425.412317
12390   831709   10582   18417.983068
34681   831709   10582   18407.976146
13383   831709   10582   18391.338146
34263   831709   10582   18375.055428
27599   831709   10582   18377.667469
14333   831709   10582   18375.719267
14273   831709   10582   18375.077655
12663   831709   10582   18369.808180
13646   831709   10582   18361.252941
12789   831709   10582   18355.657375
12229   831709   10582   18350.926023
14986   831709   10582   18358.933974
13165   831709   10582   18360.585480
18317   831709   10582   18350.223573
12278   831709   10582   18345.110198
13645   831709   10582   18356.215430
12501   831709   10582   18355.405075
11743   831709   10582   18359.652298
32844   831709   10582   18360.887376
13101   831709   10582   18361.543735
12910   831709   10582   18357.541624
12614   831709   10582   18349.735125
13126   831709   10582   18337.297929
11745   831709   10582   18320.868329
13464   831709   10582   18309.424165
12893   831709   10582   18288.494681
12274   831709   10582   18265.855165
13320   831709   10582   18243.280109
12333   831709   10582   18221.989416
13509   831709   10582   18199.926685
12844   831709   10582   18186.033335
12424   831709   10582   18176.137848
13515   831709   10582   18160.654625
12799   831709   10582   18144.773801
12344   831709   10582   18122.237777
11254   831709   10582   18099.966018
19532   831709   10582   18080.259202
13287   831709   10582   18061.137528
11999   831709   10582   18039.411409
12262   831709   10582   18017.791495
20757   831709   10582   17999.400792
11683   831709   10582   17986.201324
12229   831709   10582   17965.114092
11705   831709   10582   17943.949100
13411   831709   10582   17923.964153
12823   831709   10582   17907.239511
11488   831709   10582   17886.881020
12503   831709   10582   17866.375987
12469   831709   10582   17847.041024
12910   831709   10582   17834.636846
12231   831709   10582   17814.733638
12608   831709   10582   17794.759803
12000   831709   10582   17775.871350
11679   831709   10582   17761.261922
12373   831709   10582   17741.733788
11726   831709   10582   17722.551369
12039   831709   10582   17703.675913
11773   831709   10582   17693.235681
12195   831709   10582   17674.369661
12989   831709   10582   17655.739569
19613   831709   10582   17638.385939
25428   831709   10582   17638.702138
12957   831709   10582   17620.207772
11987   831709   10582   17602.273215
13044   831709   10582   17584.220648
12668   831709   10582   17574.536464
12567   831709   10582   17556.688992
12389   831709   10582   17540.100633
12498   831709   10582   17522.369100
13644   831709   10582   17507.296544
12498   831709   10582   17492.969257
11823   831709   10582   17475.545232
12718   831709   10582   17458.159292
15745   831709   10582   17447.889105
11656   831709   10582   17431.551762
12811   831709   10582   17414.696170
11978   831709   10582   17397.859557
11838   831709   10582   17385.888786
12731   831709   10582   17369.840321
13137   831709   10582   17353.433448
12580   831709   10582   17337.007927
17953   831709   10582   17325.459995
11880   831709   10582   17312.737659
12560   831709   10582   17296.757052
12027   831709   10582   17281.014187
23846   831709   10582   17267.758097
12390   831709   10582   17253.640755
13364   831709   10582   17238.192485
11363   831709   10582   17222.757256
21317   831709   10582   17210.340290
11969   831709   10582   17199.738536
11955   831709   10582   17184.734792
12501   831709   10582   17169.590578
12585   831709   10582   17155.440139
13263   831709   10582   17143.996107
13299   831709   10582   17129.039524
11942   831709   10582   17114.458682
13813   831709   10582   17103.423167
11631   831709   10582   17094.923160
11649   831709   10582   17080.443026
11914   831709   10582   17066.381173
23693   831709   10582   17052.501642
13869   831709   10582   17042.178318
13025   831709   10582   17028.092489
11837   831709   10582   17014.184772
13004   831709   10582   17000.208270
11982   831709   10582   16992.499010
12636   831709   10582   16981.434077
12927   831709   10582   16968.308676
12257   831709   10582   16954.655376
13131   831709   10582   16945.187259
12932   831709   10582   16931.913112
12004   831709   10582   16918.433654
12293   831709   10582   16905.199334
11724   831709   10582   16899.400974
12879   831709   10582   16886.773954
12686   831709   10582   16873.907647
11940   831709   10582   16865.503245
12452   831709   10582   16856.885380
12377   831709   10582   16844.129013
11884   831709   10582   16831.498559
13277   831709   10582   16818.726710
12460   831709   10582   16813.111561
11917   831709   10582   16800.583085
13444   831709   10582   16788.282499
12541   831709   10582   16775.945955
11742   831709   10582   16767.486610
13111   831709   10582   16756.118290
11981   831709   10582   16743.927221
13357   831709   10582   16731.660408
15257   831709   10582   16725.696736
12624   831709   10582   16714.341279
12943   831709   10582   16702.398709
12651   831709   10582   16690.500633
16453   831709   10582   16683.012268
12025   831709   10582   16671.122152
13601   831709   10582   16659.588082
12529   831709   10582   16648.059235
12841   831709   10582   16640.040208
15979   831709   10582   16631.524407
13625   831709   10582   16620.196815
11789   831709   10582   16608.826894
16287   831709   10582   16599.842178
12154   831709   10582   16590.429323
13177   831709   10582   16579.239096
11749   831709   10582   16568.094177
20217   831709   10582   16559.571928
11667   831709   10582   16552.361877
13231   831709   10582   16541.424238
12248   831709   10582   16530.887087
11901   831709   10582   16521.030094
12992   831709   10582   16513.155708
12272   831709   10582   16502.539024
12709   831709   10582   16492.147584
12204   831709   10582   16482.940015
12036   831709   10582   16477.171172
12733   831709   10582   16466.957057
12375   831709   10582   16456.817651
11887   831709   10582   16446.512882
13021   831709   10582   16440.002403
13521   831709   10582   16430.147419
12116   831709   10582   16419.891449
13414   831709   10582   16409.737354
12478   831709   10582   16405.585558
12474   831709   10504   16395.470029
12818   831709   10339   16385.785454
12973   831709   10339   16375.913455
11859   831709   10197   16368.543326
13205   831709   10180   16358.813983
11241   831709   10180   16348.822635
12035   831709   10180   16338.608882
13198   831709   10180   16333.940834
11218   831709   10180   16324.255251
13456   831709   10180   16314.765938
13700   831709   10180   16305.102352
12967   831709   10180   16298.156469
11243   831709   10180   16287.919508
10822   831709   10180   16277.035032
13693   831709   10180   16265.949210
11235   831709   10180   16260.343908
11748   831709   10180   16249.225212
10960   831709   10180   16238.382334
11457   831709   10180   16227.824189
11355   831709   10180   16220.145305
11145   831709   10152   16209.540443
11330   831709   10152   16198.798858
11199   831709   10152   16188.232614
16548   831709   10152   16182.664463
11271   831709   10152   16174.236664
11119   831709   10152   16163.993308
11912   831709   10152   16154.019393
11587   831709   10152   16146.231878
11894   831709   10152   16136.712222
11842   831709   10152   16126.634949
11251   831709   10152   16116.667079
11675   831709   10152   16109.654557
12405   831709   10152   16102.458186
16484   831709   10152   16092.728721
12219   831709   10152   16082.966044
12061   831709   10152   16074.136171
11566   831709   10152   16066.964572
11333   831709   10152   16057.528964
11667   831709   10152   16048.113523
11901   831709   10152   16040.370444
11745   831709   10152   16035.132141
11497   831709   10152   16026.056547
12352   831709   10152   16016.897791
22023   831709   10152   16008.382392
16522   831709   10152   16001.930847
11908   831709   10152   15992.849097
11845   831709   10152   15983.757703
12177   831709   10152   15974.861710
12366   831709   10152   15971.595639
11475   831709   10152   15962.900130
11296   831709   10152   15954.220369
11906   831709   10152   15945.520314
12297   831709   10152   15940.366900
11264   831709   10152   15931.997263
11858   831709   10152   15923.453050
12900   831709   10152   15915.048778
12066   831709   10152   15911.897936
12002   831709   10152   15903.718139
11782   831709   10152   15895.310838
11756   831709   10152   15887.202454
12072   831709   10152   15882.007372
12271   831709   10152   15876.869392
12277   831709   10152   15868.747985
11764   831709   10152   15860.871971
11598   831709   10152   15857.972848
11521   831709   10152   15849.833864
12723   831709   10152   15841.781306
11594   831709   10152   15833.877676
10790   831709   10152   15829.187735
11575   831709   10152   15821.230854
11632   831709   10152   15813.220205
11603   831709   10152   15805.820404
12305   831709   10152   15802.341764
12776   831709   10152   15795.431260
11830   831709   10152   15787.827315
11984   831709   10152   15780.351443
12624   831709   10152   15775.919341
14255   831709   10152   15768.281530
12613   831709   10152   15760.586230
11388   831709   10152   15752.833674
12421   831709   10152   15746.609185
11961   831709   10152   15742.713286
11473   831709   10152   15735.508619
12213   831709   10152   15728.938715
11073   831709   10152   15722.059784
13034   831709   10152   15716.833901
11251   831709   10152   15709.507347
12269   831709   10152   15702.247602
11492   831709   10152   15696.377103
12027   831709   10152   15692.761943
16335   831709   10152   15685.737940
11672   831709   10152   15678.631074
13230   831709   10152   15672.090029
11756   831709   10152   15667.338998
14398   831709   10152   15660.202932
12604   831709   10152   15653.156526
20003   831709   10152   15649.544419
15183   831709   10152   15652.024114
14834   831709   10152   15650.563345
14209   831709   10152   15648.815894
13701   831709   10152   15646.759916
14265   831709   10152   15647.152558
14765   831709   10152   15644.531972
14384   831709   10152   15641.452448
14193   831709   10152   15638.231462
14015   831709   10152   15639.387629
13749   831709   10152   15635.803442
13386   831709   10152   15632.017617
13661   831709   10152   15628.159366
13949   831709   10152   15627.025955
12935   831709   10152   15622.848155
13006   831709   10152   15618.544504
12737   831709   10152   15614.659685
12589   831709   10152   15613.975732
13626   831709   10152   15610.489562
13070   831709   10152   15605.863559
12786   831709   10152   15601.192011
12794   831709   10152   15599.159030
12660   831709   10152   15594.290677
12586   831709   10152   15589.666144
13234   831709   10152   15584.821725
13032   831709   10152   15584.028068
12970   831709   10152   15579.636786
11991   831709   10152   15574.561735
12207   831709   10152   15569.427318
13403   831709   10152   15567.005930
13783   831709   10152   15561.816311
13225   831709   10152   15557.090402
13712   831709   10152   15551.967944
15878   831709   10152   15549.858411
12167   831709   10152   15546.260916
12801   831709   10152   15541.186317
13461   831709   10152   15536.078689
23039   831709   10152   15533.148682
13246   831709   10152   15528.482205
13236   831709   10152   15523.625206
13143   831709   10152   15518.362281
13808   831709   10152   15515.489680
12324   831709   10152   15512.455002
12070   831709   10152   15507.280081
16804   831709   10152   15502.009013
13522   831709   10152   15497.311758
13622   831709   10152   15494.117360
13461   831709   10152   15489.629639
12583   831709   10152   15484.422440
12727   831709   10152   15480.484613
12479   831709   10152   15478.362119
13536   831709   10152   15473.220472
12931   831709   10152   15468.005590
13660   831709   10152   15463.122297
12714   831709   10152   15460.231638
12347   831709   10152   15455.250238
12242   831709   10152   15450.153627
12826   831709   10152   15444.898897
13483   831709   10152   15444.242342
13374   831709   10152   15439.085012
12590   831709   10152   15433.915067
12807   831709   10152   15428.904929
12539   831709   10152   15426.483409
12924   831709   10152   15421.348231
11903   831709   10152   15416.186641
11579   831709   10152   15411.048224
11648   831709   10152   15409.581602
15241   831709   10152   15403.895552
12212   831709   10152   15398.081383
11229   831709   10152   15392.312766
12829   831709   10152   15389.238678
12015   831709   10152   15383.636825
13399   831709   10152   15380.537702
11622   831709   10152   15375.014727
11567   831709   10152   15373.794808
11292   831709   10152   15368.225330
16101   831709   10152   15362.816046
12504   831709   10152   15357.447478
11659   831709   10152   15354.649125
12662   831709   10152   15349.130527
13288   831709   10152   15343.854913
12727   831709   10152   15338.428765
15985   831709   10152   15336.160345
12600   831709   10152   15332.159550
12567   831709   10152   15327.004165
12770   831709   10152   15321.786368
15681   831709   10152   15319.220133
12397   831709   10152   15314.066568
13045   831709   10152   15308.887757
12071   831709   10152   15303.728159
12545   831709   10152   15301.543380
12377   831709   10152   15297.924317
13652   831709   10152   15292.985419
12197   831709   10152   15287.845384
14142   831709   10152   15283.974431
11112   831709   10152   15280.340718
13363   831709   10152   15275.570402
11471   831709   10152   15271.178504
15432   831709   10152   15268.089694
12445   831709   10152   15265.839647
11728   831709   10152   15260.967946
11799   831709   10152   15256.125928
12355   831709   10152   15251.860975
12725   831709   10152   15248.998058
12061   831709   10152   15244.311095
12076   831709   10152   15239.638874
13645   831709   10152   15235.684881
16820   831709   10152   15234.745296
11420   831709   10152   15230.176347
11988   831709   10152   15225.494211
12007   831709   10152   15221.163295
12295   831709   10152   15218.905624
12019   831709   10152   15214.301454
12006   831709   10152   15209.681454
12866   831709   10152   15205.050637
13115   831709   10152   15204.457118
11834   831709   10152   15200.038078
12210   831709   10152   15195.582825
12562   831709   10152   15191.135947
13058   831709   10152   15188.962935
11912   831709   10152   15184.492725
12394   831709   10152   15180.175608
13572   831709   10152   15175.960436
12209   831709   10152   15175.368153
11732   831709   10152   15170.910620
11529   831709   10152   15166.562683
13333   831709   10152   15162.288540
11878   831709   10152   15160.268770
15666   831709   10152   15155.989856
11747   831709   10152   15151.648307
12874   831709   10152   15147.399647
22765   831709   10152   15145.643544
13029   831709   10152   15143.220675
12324   831709   10152   15139.047875
11864   831709   10152   15134.970156
14175   831709   10152   15133.067419
11684   831709   10152   15128.825372
12750   831709   10152   15124.682612
12510   831709   10152   15120.489896
24789   831709   10152   15118.917953
12623   831709   10152   15116.424040
12601   831709   10152   15112.512433
12365   831709   10152   15108.815425
23026   831709   10152   15106.582335
12255   831709   10152   15103.079602
12200   831709   10152   15099.250529
12871   831709   10152   15095.155027
13675   831709   10152   15093.205376
12458   831709   10152   15091.036260
11831   831709   10152   15086.995867
12589   831709   10152   15082.942540
12253   831709   10152   15079.446724
12144   831709   10152   15077.187097
12069   831709   10152   15073.296484
12736   831709   10152   15069.274651
11820   831709   10152   15066.376603
12537   831709   10152   15065.233744
12923   831709   10152   15061.413072
12319   831709   10152   15057.511734
12111   831709   10152   15054.138295
11895   831709   10152   15052.063431
11579   831709   10152   15048.305127
15954   831709   10152   15044.311135
11462   831709   10152   15040.483130
11883   831709   10152   15040.259106
12350   831709   10152   15036.425156
12117   831709   10152   15032.568333
12295   831709   10152   15029.454037
13133   831709   10152   15027.764252
13069   831709   10152   15024.051236
11945   831709   10152   15020.433107
15854   831709   10152   15016.837731
12040   831709   10152   15016.670330
12501   831709   10152   15012.962104
12522   831709   10152   15009.187317
12726   831709   10152   15005.461577
13305   831709   10152   15004.206447
17020   831709   10152   15000.538270
12196   831709   10152   14997.027185
13367   831709   10152   14993.395672
11953   831709   10152   14995.027586
12997   831709   10152   14991.382830
12877   831709   10152   14987.803961
12137   831709   10152   14984.246495
13910   831709   10152   14982.750855
12752   831709   10152   14979.069900
13003   831709   10152   14975.464263
11934   831709   10152   14971.792447
11869   831709   10152   14970.115034
12512   831709   10152   14968.166222
12165   831709   10152   14964.877767
11491   831709   10152   14961.259525
17557   831709   10152   14958.253456
11848   831709   10152   14956.374710
11602   831709   10152   14952.946814
12511   831709   10152   14949.720844
13447   831709   10152   14948.210679
13199   831709   10152   14946.690554
11840   831709   10152   14943.382417
14309   831709   10152   14939.969890
12960   831709   10152   14937.399641
12143   831709   10152   14935.269130
11823   831709   10152   14931.888921
12755   831709   10152   14928.559729
22967   831709   10152   14926.273693
13030   831709   10152   14925.262183
12096   831709   10152   14921.916359
11967   831709   10152   14918.665910
13146   831709   10152   14915.852585
12318   831709   10152   14914.073143
12111   831709   10152   14910.798206
11586   831709   10152   14907.486097
19106   831709   10152   14904.687705
12431   831709   10152   14904.290178
12632   831709   10152   14901.048472
11475   831709   10152   14897.772846
11606   831709   10152   14894.470668
12620   831709   10152   14893.346632
12808   831709   10152   14890.173052
12561   831709   10152   14886.963856
12898   831709   10152   14883.799238
13671   831709   10152   14883.772280
13269   831709   10152   14880.505960
12647   831709   10152   14877.459337
12834   831709   10152   14874.332855
13467   831709   10152   14873.092732
12873   831709   10152   14869.962597
12669   831709   10152   14867.360150
13450   831709   10152   14864.176669
12848   831709   10152   14864.368551
12838   831709   10152   14861.233964
12779   831709   10152   14858.169694
11875   831709   10152   14855.064881
12125   831709   10152   14853.866246
13717   831709   10152   14850.738490
13454   831709   10152   14847.687387
11209   831709   10152   14844.586049
14598   831709   10152   14843.911843
12841   831709   10152   14842.064296
11810   831709   10152   14839.025586
13601   831709   10152   14836.073493
12876   831709   10152   14834.954976
13129   831709   10152   14831.955779
13966   831709   10152   14828.989547
12010   831709   10152   14825.979790
23059   831709   10152   14824.903562
12208   831709   10152   14823.009778
11686   831709   10152   14820.109230
12691   831709   10152   14817.200978
21408   831709   10152   14815.603882
13131   831709   10152   14813.364640
12038   831709   10152   14810.502189
12756   831709   10152   14807.624517
22204   831709   10152   14806.328966
11924   831709   10152   14804.829680
12480   831709   10152   14801.897361
12672   831709   10152   14798.951318
12314   831709   10152   14796.854972
12237   831709   10152   14795.316901
13167   831709   10152   14792.336854
13009   831709   10152   14789.402259
13494   831709   10152   14787.377652
12913   831709   10152   14786.637470
11952   831709   10152   14783.875712
13473   831709   10152   14781.000255
21753   831709   10152   14778.277011
11940   831709   10152   14777.190421
11679   831709   10152   14774.276697
12656   831709   10152   14771.340511
12224   831709   10152   14768.455214
12919   831709   10152   14768.840843
11373   831709   10152   14766.016735
16937   831709   10152   14763.120187
12995   831709   10152   14760.244247
11995   831709   10152   14759.165602
11851   831709   10152   14756.289889
12858   831709   10152   14753.504594
13483   831709   10152   14750.801210
12336   831709   10152   14751.065684
13525   831709   10152   14748.403679
11954   831709   10152   14745.504730
12834   831709   10152   14742.761157
12076   831709   10152   14741.853413
12540   831709   10152   14739.082694
12932   831709   10152   14736.283267
11529   831709   10152   14733.670868
12328   831709   10152   14733.356644
12593   831709   10152   14731.786218
11928   831709   10152   14730.899785
12227   831709   10152   14728.209103
11741   831709   10152   14727.349017
12297   831709   10152   14724.568649
12998   831709   10152   14721.739027
12898   831709   10152   14719.033573
18739   831709   10152   14718.632812
12426   831709   10152   14716.626858
11609   831709   10152   14714.023912
12204   831709   10152   14711.299682
12906   831709   10152   14710.211288
12212   831709   10152   14707.608513
13328   831709   10152   14704.940196
13460   831709   10152   14702.239212
12732   831709   10152   14701.190377
12692   831709   10152   14699.886158
13549   831709   10152   14697.468256
11283   831709   10152   14694.826417
13890   831709   10152   14692.913191
12312   831709   10152   14691.342014
13114   831709   10152   14688.989225
13167   831709   10152   14686.268514
23278   831709   10152   14684.656439
13545   831709   10152   14683.956953
12683   831709   10152   14681.352139
13275   831709   10152   14678.658575
13238   831709   10152   14676.394593
12763   831709   10152   14675.166017
12238   831709   10152   14672.587947
13200   831709   10152   14670.111137
12711   831709   10152   14667.960659
11337   831709   10152   14667.881740
12247   831709   10152   14665.349924
11823   831709   10152   14663.022812
13084   831709   10152   14660.538453
15148   831709   10152   14659.677433
12003   831709   10152   14657.183384
11896   831709   10152   14654.811137
13892   831709   10152   14652.318901
12881   831709   10152   14652.627638
12200   831709   10152   14650.151094
11587   831709   10152   14647.602701
11884   831709   10152   14645.126251
15816   831709   10152   14644.506962
12356   831709   10152   14642.062513
12306   831709   10152   14639.611952
12261   831709   10152   14637.114169
11668   831709   10152   14637.466507
12557   831709   10152   14634.932310
12075   831709   10152   14632.618097
11841   831709   10152   14630.167151
12122   831709   10152   14629.444181
13015   831709   10152   14627.047470
12037   831709   10152   14624.608258
13281   831709   10152   14622.205637
24287   831709   10152   14622.501229
11991   831709   10152   14620.229963
13238   831709   10152   14617.830162
13065   831709   10152   14615.412163
11796   831709   10152   14615.355968
13213   831709   10152   14612.880301
13333   831709   10152   14610.475814
11521   831709   10152   14608.153030
23356   831709   10152   14607.650366
12871   831709   10152   14606.138457
13106   831709   10152   14603.713081
12253   831709   10152   14601.305369
23478   831709   10152   14599.735658
13529   831709   10152   14598.266443
12049   831709   10152   14595.941876
11885   831709   10152   14593.579297
18065   831709   10152   14592.424300
12785   831709   10152   14591.666169
12749   831709   10152   14589.328785
13649   831709   10152   14586.923065
11995   831709   10152   14585.024659
11399   831709   10152   14583.951217
12463   831709   10152   14581.574540
11455   831709   10152   14579.182871
13056   831709   10152   14577.804809
12922   831709   10152   14577.517316
12316   831709   10152   14575.225074
13215   831709   10152   14572.978638
12205   831709   10152   14570.640288
12139   831709   10152   14569.924326
11760   831709   10152   14567.622272
12639   831709   10152   14565.299849
11838   831709   10152   14563.006722
11805   831709   10152   14563.420012
13922   831709   10152   14561.281090
12512   831709   10152   14559.053038
12520   831709   10152   14556.808173
16660   831709   10152   14556.109433
13220   831709   10152   14553.840869
12976   831709   10152   14551.603595
11907   831709   10152   14549.490980
12203   831709   10152   14549.933506
12493   831709   10152   14547.780447
12502   831709   10152   14545.601183
12447   831709   10152   14543.313581
11597   831709   10152   14542.685099
12460   831709   10152   14540.534677
12205   831709   10152   14538.307511
13207   831709   10152   14536.127300
12505   831709   10152   14536.677712
11466   831709   10152   14534.432667
12465   831709   10152   14532.506445
12027   831709   10152   14530.350588
12262   831709   10152   14531.382891
12055   831709   10152   14529.449757
13027   831709   10152   14527.227952
13677   831709   10152   14525.431022
18067   831709   10152   14525.573737
12207   831709   10152   14523.944507
12556   831709   10152   14521.786282
11938   831709   10152   14519.610902
24538   831709   10152   14518.907462
12421   831709   10152   14517.068773
16092   831709   10152   14514.967953
12975   831709   10152   14513.207413
13348   831709   10152   14512.485115
11796   831709   10152   14511.558205
12389   831709   10152   14509.491979
12246   831709   10152   14507.335744
22217   831709   10152   14505.870512
12684   831709   10152   14504.591134
12041   831709   10152   14502.504674
13484   831709   10152   14500.440703
19936   831709   10152   14499.128820
11765   831709   10152   14498.720447
12857   831709   10152   14496.664990
13646   831709   10152   14494.629541
11906   831709   10152   14492.878767
13706   831709   10152   14492.030781
12628   831709   10152   14489.932008
14191   831709   10152   14487.822676
14159   831709   10152   14486.081320
12593   831709   10152   14486.259498
13502   831709   10152   14484.213918
12229   831709   10152   14482.207779
13108   831709   10152   14480.404505
11565   831709   10152   14480.086583
12679   831709   10152   14478.148829
12056   831709   10152   14476.148218
16438   831709   10152   14474.107564
13784   831709   10152   14474.640099
11615   831709   10152   14472.603796
16363   831709   10152   14470.583477
13388   831709   10152   14468.508443
13204   831709   10152   14468.236373
11981   831709   10152   14466.183634
12229   831709   10152   14464.208738
11379   831709   10152   14462.423000
13128   831709   10152   14463.122413
11873   831709   10152   14461.307635
13216   831709   10152   14459.402360
11124   831709   10152   14457.495090
13623   831709   10152   14457.148932
12791   831709   10152   14455.414193
12270   831709   10152   14453.464764
13271   831709   10152   14451.775595
19705   831709   10152   14452.081221
11615   831709   10152   14450.362180
13627   831709   10152   14448.489826
13152   831709   10152   14446.566522
12940   831709   10152   14444.991723
11741   831709   10152   14444.174425
11873   831709   10152   14442.194117
13907   831709   10152   14440.215474
13148   831709   10152   14439.772167
11379   831709   10152   14438.912053
11878   831709   10152   14437.087006
12268   831709   10152   14435.319946
12094   831709   10152   14434.261366
11583   831709   10152   14432.925698
12044   831709   10152   14431.059015
12181   831709   10152   14429.166640
21620   831709   10152   14428.551415
12577   831709   10152   14427.864968
12428   831709   10152   14426.364762
11531   831709   10152   14424.610056
14443   831709   10152   14423.045795
13169   831709   10152   14422.328091
13023   831709   10152   14420.435073
11584   831709   10152   14418.518929
17526   831709   10152   14417.212828
11469   831709   10152   14417.010227
12135   831709   10152   14415.157215
13379   831709   10152   14413.375772
16902   831709   10152   14411.534251
13086   831709   10152   14411.074168
12165   831709   10152   14409.168728
12519   831709   10152   14407.424254
12768   831709   10152   14405.560515
78748   831709   10152   14406.161893
13227   831709   10152   14404.274600
12525   831709   10152   14402.447428
12703   831709   10152   14400.546017
11895   831709   10152   14400.186730
13460   831709   10152   14398.422232
12965   831709   10152   14396.724181
12990   831709   10152   14394.929340
17135   831709   10152   14395.666846
12452   831709   10152   14393.887130
13185   831709   10152   14392.056314
12867   831709   10152   14390.239739
12242   831709   10152   14389.827744
13193   831709   10152   14388.047490
13609   831709   10152   14386.241718
14774   831709   10152   14384.379301
18555   831709   10152   14384.907713
11966   831709   10152   14383.088660
11886   831709   10152   14381.311945
11500   831709   10152   14379.624613
13015   831709   10152   14379.331541
11619   831709   10152   14377.566467
12677   831709   10152   14377.250423
12673   831709   10152   14375.566460
21361   831709   10152   14375.587995
11588   831709   10152   14374.360897
12814   831709   10152   14372.625840
12690   831709   10152   14370.814247
21249   831709   10152   14370.337636
13192   831709   10152   14369.018662
11275   831709   10152   14367.230552
12532   831709   10152   14365.479601
11828   831709   10152   14365.096684
13543   831709   10152   14364.450419
12943   831709   10152   14362.722982
11443   831709   10152   14361.059332
23163   831709   10152   14359.983327
12136   831709   10152   14359.127234
13309   831709   10152   14357.426852
12569   831709   10152   14355.852385
19599   831709   10152   14355.112479
12585   831709   10152   14354.973957
11363   831709   10152   14353.270507
12256   831709   10152   14351.555277
12609   831709   10152   14350.266608
12322   831709   10152   14350.103310
12066   831709   10152   14348.364658
12946   831709   10152   14346.688582
13281   831709   10152   14345.266541
13661   831709   10152   14345.569971
11600   831709   10152   14343.869977
12668   831709   10152   14342.132944
12723   831709   10152   14340.448062
12631   831709   10152   14340.191672
12487   831709   10152   14338.481078
12651   831709   10152   14336.817343
14234   831709   10152   14335.183450
13863   831709   10152   14335.572826
12504   831709   10152   14334.106016
12089   831709   10152   14332.381026
13087   831709   10152   14330.749101
11466   831709   10152   14330.445495
12265   831709   10152   14328.819255
12569   831709   10152   14327.148413
12329   831709   10152   14325.527175
11762   831709   10152   14326.295570
11588   831709   10152   14324.608634
11675   831709   10152   14322.993947
11795   831709   10152   14321.419567
11704   831709   10152   14321.101488
13594   831709   10152   14319.539669
11736   831709   10152   14317.900252
12613   831709   10152   14316.308759
14242   831709   10152   14316.715135
12736   831709   10152   14315.294883
13220   831709   10152   14313.725828
12009   831709   10152   14312.071872
13399   831709   10152   14311.775331
12747   831709   10152   14310.201911
13196   831709   10152   14308.637854
12995   831709   10152   14307.086391
14831   831709   10152   14306.748882
11715   831709   10152   14306.080974
12803   831709   10152   14304.494687
12975   831709   10152   14302.866802
22254   831709   10152   14302.256852
12186   831709   10152   14301.056624
12028   831709   10152   14299.581961
13067   831709   10152   14297.941024
20381   831709   10152   14297.486259
12560   831709   10152   14296.896454
16509   831709   10152   14295.361458
13328   831709   10152   14293.695311
17477   831709   10152   14292.464172
13291   831709   10152   14291.895270
12131   831709   10152   14290.392429
13082   831709   10152   14288.863644
13263   831709   10152   14287.868369
13190   831709   10152   14287.868524
12647   831709   10152   14286.349189
12630   831709   10152   14284.792301
21516   831709   10152   14283.460950
12051   831709   10152   14283.032866
12785   831709   10152   14281.549338
13121   831709   10152   14279.996276
11067   831709   10152   14278.789801
11767   831709   10152   14279.422388
13526   831709   10152   14277.869380
11683   831709   10152   14276.300651
12575   831709   10152   14274.679909
11833   831709   10152   14274.392976
12806   831709   10152   14272.944488
12865   831709   10152   14271.426765
12719   831709   10152   14269.846931
12487   831709   10152   14270.471724
13261   831709   10152   14268.954705
12174   831709   10152   14267.554736
12466   831709   10152   14266.037868
12504   831709   10152   14265.869541
15381   831709   10152   14264.344101
12644   831709   10152   14262.781078
11622   831709   10152   14261.244364
12435   831709   10152   14261.898648
12599   831709   10152   14260.410902
12845   831709   10152   14258.965154
12118   831709   10152   14257.508800
12146   831709   10152   14257.418945
13205   831709   10152   14256.030656
12906   831709   10152   14254.539592
11815   831709   10152   14254.407715
23874   831709   10152   14254.576478
12419   831709   10152   14253.630083
13304   831709   10152   14252.134646
12615   831709   10152   14250.603049
22563   831709   10152   14250.097794
11984   831709   10152   14248.792815
12625   831709   10152   14247.325114
13072   831709   10152   14245.873611
12787   831709   10152   14245.511744
11876   831709   10152   14245.026050
11996   831709   10152   14243.602266
13220   831709   10152   14242.129048
13734   831709   10152   14241.222141
12472   831709   10152   14240.554497
16976   831709   10152   14239.080498
12676   831709   10152   14237.537359
13715   831709   10152   14236.718798
12088   831709   10152   14236.667431
12562   831709   10152   14235.222507
13070   831709   10152   14233.820430
17393   831709   10152   14232.682690
12368   831709   10152   14232.179573
12910   831709   10152   14230.758883
12370   831709   10152   14229.300412
26879   831709   10152   14228.290556
13090   831709   10152   14228.639479
13496   831709   10152   14227.248484
12853   831709   10152   14225.919020
13162   831709   10152   14224.478165
12331   831709   10152   14224.312044
12434   831709   10152   14222.939398
13161   831709   10152   14221.509352
12916   831709   10152   14220.132557
13365   831709   10152   14220.784514
13226   831709   10152   14219.360317
12006   831709   10152   14218.268810
12502   831709   10152   14216.955808
12336   831709   10152   14216.800827
13071   831709   10152   14215.404179
12400   831709   10152   14213.983752
12576   831709   10152   14212.541411
11905   831709   10152   14213.141923
12277   831709   10152   14211.699976
12828   831709   10152   14210.358669
13283   831709   10152   14208.972956
12404   831709   10152   14209.014671
12594   831709   10152   14207.653059
13323   831709   10152   14206.323953
13055   831709   10152   14205.000322
12247   831709   10152   14205.289996
12447   831709   10152   14204.367766
12897   831709   10152   14203.004186
12531   831709   10152   14201.658358
16145   831709   10152   14201.545751
12202   831709   10152   14200.135874
12086   831709   10152   14198.788621
12427   831709   10152   14197.345535
21880   831709   10152   14197.121609
12522   831709   10152   14196.519377
12981   831709   10152   14195.191052
12204   831709   10152   14193.831818
22430   831709   10152   14193.490632
12087   831709   10152   14192.507814
11957   831709   10152   14191.217089
12372   831709   10152   14189.913232
13417   831709   10152   14189.690454
11676   831709   10152   14189.278727
13176   831709   10152   14187.959957
12635   831709   10152   14186.553256
25078   831709   10152   14185.515469
13591   831709   10152   14185.389415
12941   831709   10152   14184.010098
12754   831709   10152   14182.630386
12859   831709   10152   14181.894626
11596   831709   10152   14181.983845
12480   831709   10152   14180.695982
12921   831709   10152   14179.378478
13624   831709   10152   14178.288911
11700   831709   10152   14177.927795
12211   831709   10152   14176.597380
13202   831709   10152   14175.293239
27555   831709   10152   14174.224716
12548   831709   10152   14174.713566
12038   831709   10152   14173.456023
11624   831709   10152   14172.166564
12181   831709   10152   14170.995613
12666   831709   10152   14170.865670
12551   831709   10152   14169.570010
13551   831709   10152   14168.301106
12691   831709   10152   14166.986767
11927   831709   10152   14167.658154
12926   831709   10152   14166.397449
11785   831709   10152   14165.106683
12220   831709   10152   14163.835487
11598   831709   10152   14163.688560
13005   831709   10152   14162.704573
12359   831709   10152   14161.418851
13237   831709   10152   14160.209999
11955   831709   10152   14160.435061
12088   831709   10152   14159.574627
13530   831709   10152   14158.302385
12498   831709   10152   14156.984925
12259   831709   10152   14156.626159
12008   831709   10152   14155.667706
13016   831709   10152   14154.451975
13071   831709   10152   14153.232126
27838   831709   10152   14153.591791
12369   831709   10152   14153.788613
12920   831709   10152   14152.520588
13484   831709   10152   14151.426893
13891   831709   10152   14151.349363
12582   831709   10152   14150.072955
12856   831709   10152   14148.817219
12387   831709   10152   14147.570189
22313   831709   10152   14147.469182
12770   831709   10152   14147.114547
12780   831709   10152   14145.869336
12322   831709   10152   14144.757575
20488   831709   10152   14144.319028
11869   831709   10152   14143.593894
12094   831709   10152   14142.363347
15500   831709   10152   14141.273019
11416   831709   10152   14141.174530
12541   831709   10152   14140.877438
12441   831709   10152   14139.657339
12210   831709   10152   14138.429728
12194   831709   10152   14137.463124
12958   831709   10152   14137.045871
12013   831709   10152   14135.975515
16893   831709   10152   14134.712017
12988   831709   10152   14134.013877
11831   831709   10152   14134.139583
12619   831709   10152   14132.909130
12254   831709   10152   14131.674844
26458   831709   10152   14130.615994
11523   831709   10152   14130.392700
13030   831709   10152   14129.248168
13325   831709   10152   14128.041884
12767   831709   10152   14126.823122
12401   831709   10152   14127.603794
12252   831709   10152   14126.439448
12385   831709   10152   14125.251505
12991   831709   10152   14124.031795
12792   831709   10152   14123.920804
11814   831709   10152   14122.769020
12732   831709   10152   14121.614147
12725   831709   10152   14120.556783
13091   831709   10152   14121.222741
13444   831709   10152   14120.180720
12141   831709   10152   14119.036706
12518   831709   10152   14117.818603
12571   831709   10152   14117.730358
12803   831709   10152   14116.564137
10715   831709   10152   14115.389323
12316   831709   10152   14114.165508
13016   831709   10152   14115.155789
12961   831709   10152   14113.928646
12917   831709   10152   14112.835764
13113   831709   10152   14111.623883
12013   831709   10152   14111.630100
14117   831709   10152   14110.535210
12213   831709   10152   14109.471887
12265   831709   10152   14108.396009
23549   831709   10152   14108.390860
11504   831709   10152   14107.902339
11819   831709   10152   14106.773835
18538   831709   10152   14105.563536
24254   831709   10152   14105.394694
13361   831709   10152   14104.455329
12032   831709   10152   14103.277942
12659   831709   10152   14102.153297
13214   831709   10152   14102.105137
12257   831709   10152   14101.833068
11780   831709   10152   14100.674728
11711   831709   10152   14099.491709
13058   831709   10152   14098.801663
12436   831709   10152   14098.208203
12630   831709   10152   14097.037628
11836   831709   10152   14095.845555
21247   831709   10152   14095.265130
11841   831709   10152   14095.398124
11939   831709   10152   14094.276845
11881   831709   10152   14093.147413
11831   831709   10152   14092.308924
13513   831709   10152   14092.015832
12471   831709   10152   14090.883285
12137   831709   10152   14089.817193
12235   831709   10152   14089.022205
12033   831709   10152   14089.243158
13127   831709   10152   14088.275284
12492   831709   10152   14087.132158
12518   831709   10152   14085.971520
12256   831709   10152   14085.975101
11897   831709   10152   14084.842381
12979   831709   10152   14083.698688
12561   831709   10152   14082.639775
12821   831709   10152   14083.319344
12882   831709   10152   14082.233280
12428   831709   10152   14081.145077
12789   831709   10152   14080.019024
12298   831709   10152   14079.989548
11771   831709   10152   14078.872929
12181   831709   10152   14077.731334
12326   831709   10152   14076.679301
13347   831709   10152   14077.352996
12496   831709   10152   14076.291395
12341   831709   10152   14075.185293
11705   831709   10152   14074.168031
12973   831709   10152   14074.109889
11618   831709   10152   14072.983166
11931   831709   10152   14071.972079
12748   831709   10152   14070.828328
12641   831709   10152   14071.443381
14201   831709   10152   14070.530587
13074   831709   10152   14069.425961
11862   831709   10152   14069.693403
12655   831709   10152   14069.692413
11875   831709   10152   14068.611365
13580   831709   10152   14067.515682
12597   831709   10152   14066.390708
13480   831709   10152   14066.505608
12076   831709   10152   14065.981030
12941   831709   10152   14064.947031
12821   831709   10152   14063.843407
19878   831709   10152   14063.672453
12601   831709   10152   14062.795687
13477   831709   10152   14061.735497
13597   831709   10152   14060.786663
11857   831709   10152   14060.631754
13297   831709   10152   14060.351980
11689   831709   10152   14059.254132
13585   831709   10152   14058.193225
19120   831709   10152   14057.429215
12867   831709   10152   14057.077568
17799   831709   10152   14055.974964
12351   831709   10152   14054.922659
12495   831709   10152   14054.407809
13263   831709   10152   14054.621699
11559   831709   10152   14053.613870
13238   831709   10152   14052.600556
12470   831709   10152   14051.722259
13298   831709   10152   14051.491488
12146   831709   10152   14050.445384
12332   831709   10152   14049.364967
26169   831709   10152   14048.618967
12418   831709   10152   14049.165754
12862   831709   10152   14048.111675
13101   831709   10152   14047.045327
12825   831709   10152   14046.105781
13701   831709   10152   14046.137739
11816   831709   10152   14045.053204
15495   831709   10152   14044.016766
12626   831709   10152   14043.046193
12794   831709   10152   14043.767270
12673   831709   10152   14042.763140
12853   831709   10152   14041.743219
12852   831709   10152   14040.748662
12599   831709   10152   14040.671797
13067   831709   10152   14039.589498
11854   831709   10152   14038.720417
11973   831709   10152   14037.694328
12321   831709   10152   14038.360887
12272   831709   10152   14037.291198
12811   831709   10152   14036.296971
13129   831709   10152   14035.264878
12876   831709   10152   14035.273749
12912   831709   10152   14034.241162
13187   831709   10152   14033.232863
13030   831709   10152   14032.292231
18876   831709   10152   14032.651548
13223   831709   10152   14032.109151
12574   831709   10152   14031.106128
11752   831709   10152   14030.201800
11211   831709   10152   14029.825607
12207   831709   10152   14029.049659
11822   831709   10152   14028.320762
11869   831709   10152   14027.337658
11676   831709   10152   14027.225678
12779   831709   10152   14027.056410
12142   831709   10152   14026.150494
11625   831709   10152   14025.117043
18632   831709   10152   14024.738131
13315   831709   10152   14024.145905
12486   831709   10152   14023.239998
13440   831709   10152   14022.209641
26550   831709   10152   14021.778151
11956   831709   10152   14021.850131
13270   831709   10152   14020.834684
12813   831709   10152   14019.827727
11912   831709   10152   14019.114386
12343   831709   10152   14018.984826
12246   831709   10152   14018.011747
13409   831709   10152   14017.053243
12627   831709   10152   14016.635468
12254   831709   10152   14016.832028
13153   831709   10152   14015.887972
12252   831709   10152   14014.921255
12083   831709   10152   14013.962424
13305   831709   10152   14014.016967
12807   831709   10152   14013.005058
12962   831709   10152   14012.043142
13225   831709   10152   14011.139758
12479   831709   10152   14011.802611
12154   831709   10152   14010.842884
12405   831709   10152   14009.859129
12884   831709   10152   14008.904586
12414   831709   10152   14008.967878
12317   831709   10152   14008.016154
12760   831709   10152   14007.050499
11774   831709   10152   14006.056957
13189   831709   10152   14006.715872
13188   831709   10152   14005.720746
13469   831709   10152   14004.742625
11788   831709   10152   14003.743164
11295   831709   10152   14003.860851
12505   831709   10152   14002.897285
12072   831709   10152   14001.937185
11723   831709   10152   14001.066980
12489   831709   10152   14001.876328
12428   831709   10152   14000.978009
11635   831709   10152   14000.042434
11525   831709   10152   13999.156604
11656   831709   10152   13999.183505
12105   831709   10152   13999.331157
11972   831709   10152   13998.352832
11682   831709   10152   13997.391733
12653   831709   10152   13997.279330
13324   831709   10152   13997.061571
12734   831709   10152   13996.121906
13429   831709   10152   13995.283181
12995   831709   10152   13995.206369
12382   831709   10152   13994.402993
12716   831709   10152   13993.467695
13362   831709   10152   13992.520222
13073   831709   10152   13992.555480
11943   831709   10152   13992.731825
11973   831709   10152   13991.870780
12391   831709   10152   13990.946929
20851   831709   10152   13990.340490
11476   831709   10152   13990.119954
12519   831709   10152   13989.183815
12745   831709   10152   13988.223489
11736   831709   10152   13987.849385
12766   831709   10152   13988.066800
12813   831709   10152   13987.162446
13219   831709   10152   13986.283656
12690   831709   10152   13985.579347
12352   831709   10152   13985.418223
11890   831709   10152   13984.494782
11648   831709   10152   13983.525620
23289   831709   10152   13982.716076
12463   831709   10152   13983.357584
13745   831709   10152   13982.545739
11932   831709   10152   13981.607212
13310   831709   10152   13980.730841
12469   831709   10152   13980.771669
13091   831709   10152   13979.833671
12453   831709   10152   13978.916010
12092   831709   10152   13977.958858
13878   831709   10152   13978.393986
11825   831709   10152   13977.717563
12142   831709   10152   13976.779000
13509   831709   10152   13975.838905
12343   831709   10152   13975.959532
12545   831709   10152   13975.064496
12856   831709   10152   13974.119452
13034   831709   10152   13973.241369
12276   831709   10152   13973.932809
12671   831709   10152   13973.117499
11265   831709   10152   13972.255703
12667   831709   10152   13971.334444
12798   831709   10152   13971.557028
11500   831709   10152   13970.630389
12686   831709   10152   13969.823870
12703   831709   10152   13968.874405
12005   831709   10152   13969.169386
12652   831709   10152   13968.657738
12062   831709   10152   13967.785768
12648   831709   10152   13966.876651
11999   831709   10152   13966.942625
11757   831709   10152   13966.031699
13099   831709   10152   13965.133589
12798   831709   10152   13964.205546
12676   831709   10152   13964.168949
12410   831709   10152   13964.011724
12349   831709   10152   13963.259294
12366   831709   10152   13962.371116
13072   831709   10152   13961.996244
12098   831709   10152   13961.477729
13153   831709   10152   13960.573376
13319   831709   10152   13959.684146
27372   831709   10152   13959.566563
12213   831709   10152   13959.549264
12979   831709   10152   13958.687595
12761   831709   10152   13957.784280
12160   831709   10152   13957.311996
12482   831709   10152   13957.124508
12312   831709   10152   13956.280065
13343   831709   10152   13955.370036
19996   831709   10152   13954.875400
12374   831709   10152   13955.156116
12588   831709   10152   13954.321059
13162   831709   10152   13953.416530
11517   831709   10152   13952.545572
12007   831709   10152   13952.591314
12053   831709   10152   13951.706790
12759   831709   10152   13950.762830
12914   831709   10152   13949.859622
12187   831709   10152   13950.511369
16913   831709   10152   13949.631996
12039   831709   10152   13948.836825
11906   831709   10152   13947.985879
12048   831709   10152   13948.022197
12634   831709   10152   13947.269490
12188   831709   10152   13946.425748
12619   831709   10152   13945.579723
11981   831709   10152   13946.288719
13275   831709   10152   13945.375348
12313   831709   10152   13944.497895
12191   831709   10152   13943.724177
12226   831709   10152   13943.814204
12051   831709   10152   13942.965974
12325   831709   10152   13942.111656
12647   831709   10152   13941.258491
12106   831709   10152   13941.641509
12284   831709   10152   13941.170994
11982   831709   10152   13940.329406
13216   831709   10152   13939.542740
12219   831709   10152   13939.749146
12241   831709   10152   13938.905355
12298   831709   10152   13938.092303
12621   831709   10152   13938.214119
12314   831709   10152   13938.394653
11832   831709   10152   13938.134293
12526   831709   10152   13937.317105
12488   831709   10152   13936.436104
19027   831709   10152   13936.482758
11885   831709   10152   13935.669481
11799   831709   10152   13934.837839
13237   831709   10152   13933.961276
11879   831709   10152   13933.952719
12862   831709   10152   13933.894089
12704   831709   10152   13933.087522
12294   831709   10152   13932.236369
16624   831709   10152   13931.658498
12181   831709   10152   13931.566754
12161   831709   10152   13930.733447
12671   831709   10152   13929.669451
12107   831709   10152   13928.844435
13117   831709   10152   13928.624810
12400   831709   10152   13927.434477
12038   831709   10152   13926.250375
12218   831709   10152   13925.364876
12855   831709   10152   13924.938199
11340   831709   10152   13923.746238
13047   831709   10152   13922.783714
12842   831709   10152   13922.004902
12708   831709   10152   13922.389332
13850   831709   10152   13921.821795
11316   831709   10152   13921.090910
11406   831709   10152   13920.278283
13734   831709   10152   13920.133328
17025   831709   10152   13919.239123
11912   831709   10152   13918.442210
13121   831709   10152   13917.681981
13375   831709   10152   13917.852717
11840   831709   10152   13916.639575
11754   831709   10152   13915.386004
11158   831709   10152   13914.097937
15960   831709   10152   13913.681849
11434   831709   10152   13912.426758
11920   831709   10152   13911.170036
11297   831709   10152   13909.912532
11254   831709   10152   13910.178387
12639   831709   10152   13908.939567
14355   831709   10152   13907.699731
10996   831709   10152   13906.450892
11124   831709   10152   13906.185367
12521   831709   10152   13904.943813
11712   831709   10152   13903.936390
12700   831709   10152   13902.967860
19321   831709   10152   13903.357355
11368   831709   10152   13902.540612
11306   831709   10152   13901.590971
11930   831709   10152   13900.576672
12086   831709   10152   13900.415745
11688   831709   10152   13899.392080
12137   831709   10152   13898.419169
11837   831709   10152   13897.407525
21004   831709   10152   13897.264745
12379   831709   10152   13896.882156
12408   831709   10152   13895.878495
12360   831709   10152   13894.899257
21959   831709   10152   13894.401596
11323   831709   10152   13893.645145
11586   831709   10152   13892.648624
11701   831709   10152   13891.639543
24416   831709   10152   13891.365742
11969   831709   10152   13891.008806
12470   831709   10152   13889.971168
12946   831709   10152   13888.898494
11870   831709   10152   13888.143675
12126   831709   10152   13887.787625
11313   831709   10152   13886.749617
11111   831709   10152   13885.624720
12740   831709   10152   13885.017618
11720   831709   10152   13885.026095
12408   831709   10152   13884.022850
11904   831709   10152   13883.003376
14059   831709   10152   13882.026818
12735   831709   10152   13881.741524
12005   831709   10152   13880.704018
11543   831709   10152   13879.714329
11384   831709   10152   13878.657362
11928   831709   10152   13879.057046
11779   831709   10152   13878.262450
11909   831709   10152   13877.205241
11533   831709   10152   13876.128658
11574   831709   10152   13875.933482
12216   831709   10152   13874.876996
11675   831709   10152   13873.837779
12182   831709   10152   13872.767706
11692   831709   10152   13873.187645
11029   831709   10152   13872.106105
11470   831709   10152   13871.029961
13747   831709   10152   13869.902523
11968   831709   10152   13869.875299
12447   831709   10152   13868.797998
12044   831709   10152   13867.765391
12953   831709   10152   13866.689543
14869   831709   10152   13867.139932
11885   831709   10152   13866.055926
13759   831709   10152   13865.036124
10959   831709   10152   13863.989176
11319   831709   10152   13863.644871
12246   831709   10152   13862.817927
10913   831709   10152   13861.768829
11392   831709   10152   13860.703219
23924   831709   10152   13861.794091
11462   831709   10152   13861.049357
12940   831709   10152   13860.054698
11240   831709   10152   13859.006493
24421   831709   10152   13858.661498
12758   831709   10152   13857.798409
13402   831709   10152   13857.027220
13375   831709   10152   13856.261078
11274   831709   10152   13856.092969
13650   831709   10152   13855.840645
10649   831709   10152   13855.022368
11202   831709   10152   13854.350097
14270   831709   10152   13853.743998
11534   831709   10152   13853.411197
14588   831709   10152   13852.523412
11111   831709   10152   13851.536036
11198   831709   10152   13850.813350
11588   831709   10152   13850.687931
10814   831709   10152   13849.564945
10747   831709   10152   13848.435481
12016   831709   10152   13847.453505
11495   831709   10152   13847.037220
11394   831709   10152   13845.903623
15229   831709   10152   13844.707857
28667   831709   10152   13843.620584
12358   831709   10152   13843.699284
14454   831709   10152   13842.502607
13866   831709   10152   13841.439422
12440   831709   10152   13840.264725
11347   831709   10152   13839.928092
12866   831709   10152   13838.810335
11193   831709   10152   13837.665967
11231   831709   10152   13836.474473
11055   831709   10152   13836.678500
11401   831709   10152   13835.493863
11096   831709   10152   13834.370559
11691   831709   10152   13833.187375
12966   831709   10152   13833.090349
11852   831709   10152   13831.947244
11657   831709   10152   13830.823786
10984   831709   10152   13829.696046
11633   831709   10152   13829.962637
10804   831709   10152   13828.864735
12494   831709   10152   13827.742935
14993   831709   10152   13826.652652
11964   831709   10152   13826.471776
11884   831709   10152   13825.376220
10955   831709   10152   13824.249468
11517   831709   10152   13823.157621
17790   831709   10152   13823.209882
11314   831709   10152   13822.416445
11637   831709   10152   13821.347661
14582   831709   10152   13820.276658
12534   831709   10152   13820.126574
12791   831709   10152   13819.038295
10731   831709   10152   13817.936382
15925   831709   10152   13816.881877
11047   831709   10152   13816.541437
12188   831709   10152   13816.116529
11925   831709   10152   13815.102997
11895   831709   10152   13813.994076
18997   831709   10152   13813.528616
12692   831709   10152   13812.755837
15731   831709   10152   13811.720525
11950   831709   10152   13810.731901
14131   831709   10152   13810.418616
14944   831709   10152   13810.088851
11616   831709   10152   13809.092125
12130   831709   10152   13808.003732
12316   831709   10152   13807.160254
11664   831709   10152   13806.763099
14812   831709   10152   13805.717813
11364   831709   10152   13804.777555
18636   831709   10152   13804.154150
12359   831709   10152   13804.196810
11390   831709   10152   13803.240781
11202   831709   10152   13802.253157
11523   831709   10152   13801.263198
11737   831709   10152   13801.103067
11554   831709   10152   13800.035236
11434   831709   10152   13799.003121
11766   831709   10152   13797.981207
11827   831709   10152   13798.346640
11204   831709   10152   13797.318499
16278   831709   10152   13796.327096
12037   831709   10152   13795.333834
11846   831709   10152   13795.161484
12408   831709   10152   13794.205078
11191   831709   10152   13793.295262
11594   831709   10152   13792.456944
12368   831709   10152   13792.846682
11105   831709   10152   13791.858484
12725   831709   10152   13790.852122
11695   831709   10152   13789.883799
12734   831709   10152   13789.764848
12849   831709   10152   13788.788570
11390   831709   10152   13787.849330
11786   831709   10152   13787.081814
13469   831709   10152   13787.441077
11869   831709   10152   13786.438596
11170   831709   10152   13785.552695
12881   831709   10152   13784.617724
11228   831709   10152   13784.446951
11464   831709   10152   13783.534984
11929   831709   10152   13782.742116
11105   831709   10152   13781.780555
17560   831709   10152   13781.916403
12170   831709   10152   13781.228898
12695   831709   10152   13781.129567
12611   831709   10152   13780.144506
11837   831709   10152   13779.777891
15507   831709   10152   13778.978051
12784   831709   10152   13778.024080
12231   831709   10152   13777.040372
15824   831709   10152   13776.894967
12467   831709   10152   13776.586613
10852   831709   10152   13775.604860
12563   831709   10152   13774.656907
12312   831709   10152   13774.051652
11660   831709   10152   13773.547223
11330   831709   10152   13772.569117
11110   831709   10152   13771.621630
19689   831709   10152   13771.167815
11575   831709   10152   13771.159345
11644   831709   10152   13770.170737
11219   831709   10152   13769.236420
12211   831709   10152   13768.457132
12914   831709   10152   13768.218370
12452   831709   10152   13767.313397
11890   831709   10152   13766.390870
35004   831709   10152   13765.687465
11496   831709   10152   13765.889187
11939   831709   10152   13764.956592
13597   831709   10152   13764.152979
17016   831709   10152   13765.053101
16859   831709   10152   13767.343086
16507   831709   10152   13768.625691
14973   831709   10152   13769.826087
15120   831709   10152   13771.048421
15072   831709   10152   13773.471660
16174   831709   10152   13774.512635
14832   831709   10152   13775.698414
16392   831709   10152   13776.684885
15010   831709   10152   13778.479726
15023   831709   10152   13779.332438
16011   831709   10152   13780.168697
15387   831709   10152   13781.001309
14604   831709   10152   13783.105095
15749   831709   10152   13783.776003
15484   831709   10152   13784.418617
14869   831709   10152   13784.976415
13836   831709   10152   13786.327981
15417   831709   10152   13786.858406
14762   831709   10152   13787.319187
14609   831709   10152   13787.736701
15256   831709   10152   13789.245583
14896   831709   10152   13789.781373
14168   831709   10152   13790.315373
15175   831709   10152   13790.588972
14175   831709   10152   13791.623893
14379   831709   10152   13791.868720
12926   831709   10152   13792.037869
14177   831709   10152   13792.164960
14251   831709   10152   13793.069965
13843   831709   10152   13793.789251
13187   831709   10152   13793.860094
13967   831709   10152   13793.907693
13971   831709   10152   13794.411734
14172   831709   10152   13794.680484
13812   831709   10152   13794.753228
13267   831709   10152   13794.680463
13253   831709   10152   13795.322215
13229   831709   10152   13795.851775
14534   831709   10152   13795.730155
13495   831709   10152   13795.587770
14914   831709   10152   13795.603069
13880   831709   10152   13796.053730
13271   831709   10152   13795.909868
12919   831709   10152   13795.689893
13123   831709   10152   13795.928469
