1,51
1,27
1,75
1,51
1,51
1,76
1,77
1,5
1,75
1,51
1,26
1,26
1,26
1,01
1,01
1,01
1,52
1,52
1,52
1,76
1,76
1,76
1,76
1,76
1,26
1,51
1,51
1,52
1,01
1,01
1,01
1,26
1,01
1,26
1,01
1,5
1,01
1,25
1,01
1,01
1,01
1,01
1,01
1,01
1,26
1,01
1,25
1,01
1,25
1,01
1,26
1,01
1,01
1,01
1,01
1,01
1,01
1,25
1,01
1,01
1,01
1,01
1,01
1,01
1,01
1,01
1,25
1,01
1,26
1,25
1,01
1,01
1,01
1,01
1,01
1,01
1,01
1,01
1,01
1,25
1,01
1,25
1,26
1,01
1,26
1,01
1,01
1,01
1,26
1,01
1,25
1,01
1,01
1,01
1,01
1,01
1,01
1,01
1,01
1,26
1,01
1,25
1,01
1,26
1,01
1,01
1,01
1,01
1,01
1,01
1,01
1,25
1,26
1,25
1,26
1,01
1,01
1,01
1,01
1,01
1,01
1,01
1,01
1,26
1,01
1,25
1,01
1,01
1,01
1,01
1,01
1,01
1,01
1,01
1,01
1,26
1,25
1,01
1,25
1,01
1,26
1,01
1,01
1,01
1,01
1,01
1,01
1,25
1,01
1,01
1,01
1,01
1,01
1,26
1,01
1,26
1,25
1,01
1,25
1,01
1,26
1,01
1,26
1,01
1,26
1,01
1,26
1,01
1,01
1,01
1,01
1,01
1,01
1,01
1,01
1,5
1,01
1,5
1,01
1,01
1,01
1,26
1,01
1,01
1,01
1,01
1,25
1,01
1,5
1,01
1,5
1,01
1,26
1,01
1,01
1,01
1,01
1,25
1,01
1,5
1,01
1,25
1,01
1,25
1,01
1,01
1,01
1,01
1,01
1,01
1,01
1,01
1,01
1,01
1,5
1,01
1,5
1,01
1,01
1,01
