Act   Max   Min   Avg
0   0   0   -nan
16715   183827   10932   18376.216783
11686   183827   10932   17202.543728
12501   183827   10898   16227.327891
17676   183827   10856   16318.271297
11813   183827   10758   16404.116358
25047   183827   10758   16361.119728
20806   183827   10722   16393.476441
26541   183827   10722   16549.411757
13458   183827   10722   16624.356473
11417   183827   10722   16724.369844
21427   183827   10722   16728.459154
32254   183827   10722   16885.814137
17877   183827   10722   16992.718855
15319   183827   10722   17009.912410
25506   183827   10722   17047.655833
15171   183827   10722   17073.241096
31976   183827   10722   17190.721728
35486   183827   10722   17247.276603
14653   183827   10722   17329.217332
24452   183827   10722   17528.362154
17623   383992   10722   17709.820016
12370   383992   10722   17684.888673
61066   383992   10722   18409.734218
32236   383992   10722   19346.061443
45688   746343   10722   20344.178885
46615   746343   10722   21198.129795
33695   746343   10722   21890.358945
36233   746343   10722   22485.792399
39121   746343   10722   22886.457623
33277   746343   10722   23216.521965
26637   746343   10722   23485.622658
32371   746343   10722   23686.892542
30468   746343   10722   23824.428223
23495   746343   10722   23923.983684
44362   746343   10722   23988.992159
27600   746343   10722   24026.790470
20856   746343   10722   24004.115886
17650   746343   10722   23924.629020
19562   746343   10722   23833.184088
28098   746343   10722   23761.671150
26764   746343   10722   23727.565094
23609   746343   10722   23615.219680
15117   746343   10722   23536.115093
29156   746343   10722   23478.829090
18045   746343   10722   23393.179048
22714   746343   10722   23303.462382
26933   746343   10722   23245.226080
22553   746343   10722   23217.543912
22271   746343   10722   23180.136384
20396   746343   10722   23119.942259
16323   746343   10722   23050.733003
23620   746343   10722   22978.032585
23327   746343   10722   22923.175300
35241   746343   10722   22888.537951
27557   746343   10722   23016.055156
27935   746343   10722   23145.438635
18584   746343   10722   23242.128897
25857   746343   10722   23294.053767
28188   746343   10722   23318.251670
27613   746343   10722   23300.069834
16423   746343   10722   23260.239075
14373   746343   10722   23159.169692
14262   746343   10722   23033.760279
21877   746343   10722   22974.704932
15659   746343   10722   22886.320008
18787   746343   10722   22789.099421
22066   746343   10722   22768.378596
16488   746343   10722   22744.146952
22026   746343   10722   22692.079148
17112   746343   10722   22645.846920
18384   746343   10722   22586.474399
21632   746343   10722   22539.220690
13271   746343   10722   22494.879027
27412   746343   10722   22429.237777
19813   746343   10722   22365.190596
17521   746343   10722   22295.868449
37599   746343   10722   22246.482996
22479   746343   10722   22189.639656
16388   746343   10722   22140.071929
26702   746343   10722   22091.375017
17150   746343   10722   22063.626364
14857   746343   10722   22032.556205
121450   746343   10722   22014.851573
13081   746343   10722   21964.696747
20138   746343   10722   21937.516534
13804   746343   10722   21908.895765
33283   746343   10722   21884.246512
33122   746343   10722   21877.914517
22240   746343   10722   21831.249229
20173   746343   10722   21790.642636
14195   746343   10722   21741.128875
16240   746343   10722   21689.309959
21177   746343   10722   21640.500994
11948   746343   10722   21570.588215
12894   746343   10722   21494.825724
24566   746343   10722   21445.800920
12854   746343   10722   21418.011061
13628   746343   10722   21383.174451
16626   746343   10722   21339.508397
15844   746343   10722   21287.609578
17780   746343   10722   21228.481091
15691   746343   10722   21178.173376
18062   746343   10722   21131.293509
23250   746343   10722   21095.927158
24878   746343   10722   21055.977800
14357   746343   10722   21003.114539
13573   746343   10722   20938.136321
13619   746343   10722   20874.536046
24285   746343   10722   20814.029100
14838   746343   10722   20755.376810
19319   746343   10722   20699.123956
30660   746343   10722   20638.228729
13841   746343   10722   20589.129281
12196   746343   10722   20527.767443
13705   746343   10722   20466.868195
13249   746343   10722   20404.579378
19286   746343   10722   20344.334325
21179   746343   10722   20287.094937
16659   746343   10722   20239.693010
18020   746343   10722   20185.396031
12296   746343   10722   20136.630485
11989   746343   10722   20082.841397
13418   746343   10722   20030.432895
11733   746343   10722   19983.158431
16107   746343   10722   19931.734351
12162   746343   10722   19880.503909
16289   746343   10722   19835.950991
12791   746343   10722   19796.202231
13025   746343   10722   19767.629070
24740   746343   10722   19729.091722
13148   746343   10722   19704.443485
23102   746343   10722   19661.325995
12226   746343   10722   19613.541343
12720   746343   10722   19566.291567
12349   746343   10722   19520.613029
12891   746343   10722   19474.216748
22051   746343   10722   19456.137151
26290   746343   10722   19451.066444
30263   746343   10722   19447.309476
18597   746343   10722   19453.495407
27114   746343   10722   19461.054819
12633   746343   10722   19452.881276
12453   746343   10722   19450.971935
12507   746343   10722   19412.640803
19918   746343   10722   19381.190105
22460   746343   10722   19376.847371
33705   746343   10722   19374.862405
12085   746343   10722   19372.790855
14478   746343   10722   19371.808831
22383   746343   10722   19371.345158
29911   746343   10722   19369.078720
20317   746343   10722   19365.991878
14797   746343   10722   19367.344782
22869   746343   10722   19366.348379
15792   746343   10722   19367.046158
27791   746343   10722   19368.250661
20886   746343   10722   19368.277440
13336   746343   10722   19369.229321
24731   746343   10722   19372.170460
12271   746343   10722   19371.688284
24260   746343   10722   19372.795283
14241   746343   10722   19373.457740
20207   746343   10722   19374.380380
22395   746343   10722   19374.423873
24626   746343   10722   19374.666280
13589   746343   10583   19373.328370
17920   746343   10466   19366.704404
12575   746343   10466   19363.725823
11302   746343   10466   19359.553817
26789   746343   10466   19354.592346
24491   746343   10466   19350.382262
18151   746343   10466   19349.733499
22127   746343   10466   19347.034931
25592   746343   10466   19343.918266
11294   746343   10466   19342.760770
23106   746343   10466   19345.237486
19738   746343   10466   19340.853094
24865   746343   10466   19340.020803
17621   746343   10466   19340.236098
20021   746343   10466   19337.577682
22412   746343   10466   19339.570464
16543   746343   10466   19342.792819
25015   746343   10466   19340.982953
30916   746343   10466   19340.916094
22820   746343   10466   19340.685909
12175   746343   10466   19340.934732
25948   746343   10466   19342.305879
13371   746343   10466   19344.554555
19455   746343   10466   19346.012891
12230   746343   10466   19348.278837
11517   746343   10466   19348.611648
17860   746343   10466   19353.557552
14108   746343   10466   19342.728689
12644   746343   10466   19324.462010
12719   746343   10466   19318.702300
11678   746343   10466   19307.258057
24002   746343   10466   19303.035691
12156   746343   10466   19298.937868
15654   746343   10466   19270.184658
15429   746343   10466   19248.890578
25617   746343   10466   19241.002453
13375   746343   10466   19227.518333
12413   746343   10466   19210.060058
12852   746343   10466   19196.329765
13664   746343   10466   19182.966324
11351   746343   10466   19151.765128
11958   746343   10466   19120.287714
11951   746343   10466   19088.755024
12932   746343   10466   19071.342037
28976   746343   10466   19058.489777
22322   746343   10466   19047.105247
11946   746343   10466   19031.541253
12353   746343   10466   19016.371136
14581   746343   10466   19007.424463
12805   746343   10466   18983.586121
12754   746343   10466   18974.005937
35832   746343   10466   18973.965256
13522   746343   10466   18965.810053
11914   746343   10466   18959.333810
15163   746343   10466   18943.575167
13946   746343   10466   18936.314357
35066   746343   10466   18926.276771
28060   746343   10466   18924.097654
19547   746343   10466   18924.772201
11494   746343   10466   18922.899396
12533   746343   10466   18905.498880
23797   746343   10466   18900.126240
12493   746343   10466   18900.472506
33855   746343   10466   18898.354444
34559   746343   10466   18895.718255
19655   746343   10466   18893.208617
14576   746343   10466   18896.000936
11942   746343   10466   18887.460451
21212   746343   10466   18870.648118
11469   746343   10466   18852.334019
12008   746343   10466   18834.765268
12169   746343   10466   18813.369287
11642   746343   10466   18787.855998
12520   746343   10466   18763.507302
12291   746343   10466   18738.448579
17388   746343   10466   18715.927828
11616   746343   10466   18690.234773
17943   746343   10466   18675.493550
11401   746343   10466   18661.459520
12609   746343   10466   18637.056441
11757   746343   10466   18615.794325
11517   746343   10466   18589.770889
11825   746343   10466   18564.030105
11587   746343   10466   18542.394741
12241   746343   10466   18523.816042
12290   746343   10466   18498.645174
11980   746343   10466   18473.321826
16910   746343   10466   18449.002549
12023   746343   10466   18429.137289
12436   746343   10466   18404.851179
11552   746343   10466   18380.523559
11480   746343   10466   18356.230630
11556   746343   10466   18341.272100
11527   746343   10466   18318.058349
11745   746343   10466   18294.417549
12115   746343   10466   18270.853230
12041   746343   10466   18252.981773
11594   746343   10466   18229.961436
12038   746343   10466   18206.824761
12750   746343   10466   18184.139865
11749   746343   10466   18170.811813
11652   746343   10466   18148.693841
13264   746343   10466   18126.969401
11910   746343   10466   18104.776971
11543   746343   10466   18087.902514
12097   746343   10466   18066.283702
11709   746343   10466   18044.649881
12056   746343   10466   18023.286652
12153   746343   10466   18010.501810
11289   746343   10466   17989.636699
12098   746343   10466   17968.670163
11649   746343   10466   17947.972768
12118   746343   10466   17932.381851
11865   746343   10466   17912.241405
11447   746343   10466   17892.775773
11650   746343   10466   17872.267154
24281   746343   10466   17860.298841
11369   746343   10466   17840.591192
11502   746343   10466   17820.703300
12217   746343   10466   17800.831695
24832   746343   10466   17783.207160
12781   746343   10466   17766.632561
13830   746343   10466   17747.317095
11978   746343   10466   17728.415738
21137   746343   10466   17715.490248
11858   746343   10466   17698.468863
12959   746343   10466   17680.427352
16628   746343   10466   17661.787416
19864   746343   10466   17647.800538
11921   746343   10466   17629.755849
12523   746343   10466   17611.283423
35746   746343   10466   17604.404656
13332   746343   10466   17592.121573
12548   746343   10466   17578.172666
12107   746343   10466   17560.376446
12160   746343   10466   17542.782606
12343   746343   10466   17527.484291
11959   746343   10466   17512.174948
12035   746343   10466   17494.864302
23411   746343   10466   17477.470440
27561   746343   10466   17463.272348
12445   746343   10466   17451.009733
12335   746343   10466   17434.231380
12237   746343   10466   17418.306723
11945   746343   10466   17404.037321
11545   746343   10466   17392.071619
12503   746343   10466   17375.445868
11973   746343   10466   17359.717616
14975   746343   10466   17345.209080
11704   746343   10466   17335.395302
11684   746343   10466   17319.783077
12127   746343   10466   17303.494909
11705   746343   10466   17287.274006
11803   746343   10466   17275.796719
12159   746343   10466   17261.138178
11397   746343   10466   17245.146629
11476   746343   10466   17229.442426
23850   746343   10466   17221.046210
12639   746343   10466   17208.270089
12726   746343   10466   17192.912983
11608   746343   10466   17182.065889
11523   746343   10466   17171.513988
11576   746343   10466   17156.520456
11544   746343   10466   17141.865410
12056   746343   10466   17126.978015
14326   746343   10466   17118.564387
11925   746343   10466   17104.853743
12320   746343   10466   17089.937443
11784   746343   10466   17075.383942
12748   746343   10466   17065.525597
12890   746343   10466   17051.229909
12494   746343   10466   17037.124828
16284   746343   10466   17022.876086
13043   746343   10466   17015.737105
12635   746343   10466   17001.771574
12785   746343   10466   16987.834248
12542   746343   10466   16973.752316
11944   746343   10466   16963.992522
12258   746343   10466   16950.348496
11973   746343   10466   16937.304267
12239   746343   10466   16923.852493
19603   746343   10466   16916.327026
12652   746343   10466   16903.340875
11559   746343   10466   16889.948832
11927   746343   10466   16876.743624
12360   746343   10466   16868.323788
11943   746343   10466   16855.035346
12197   746343   10466   16842.167810
11498   746343   10466   16829.110008
25045   746343   10466   16820.658345
12638   746343   10466   16809.728953
12978   746343   10466   16797.052641
12800   746343   10466   16784.562720
21007   746343   10466   16775.655102
12232   746343   10466   16763.484186
12713   746343   10466   16751.484376
12390   746343   10466   16739.324212
12148   746343   10466   16730.396597
12356   746343   10466   16721.071510
12413   746343   10466   16708.797777
12305   746343   10466   16697.005275
25177   746343   10466   16687.066547
11528   746343   10466   16677.496805
12617   746343   10466   16666.415085
12849   746343   10466   16654.307830
21379   746343   10466   16644.762322
11441   746343   10466   16637.437371
11492   746343   10466   16625.618925
12036   746343   10466   16613.743221
12220   746343   10466   16602.882216
12052   746343   10466   16594.376839
13764   746343   10466   16582.690352
12074   746343   10466   16571.422215
22467   746343   10466   16561.205868
12216   746343   10466   16555.182269
11297   746343   10466   16543.855506
12035   746343   10466   16532.384511
12414   746343   10466   16521.453849
12288   746343   10466   16513.961133
12677   746343   10466   16502.876760
11790   746343   10466   16491.767194
11692   746343   10466   16480.817352
11841   746343   10466   16476.093085
17073   746343   10466   16465.166246
12036   746343   10466   16454.436192
11535   746343   10466   16442.502428
11397   746343   10466   16432.613324
11572   746343   10275   16420.010265
11242   746343   10275   16407.215489
10857   746343   10275   16394.604376
11016   746343   10275   16387.427450
11176   746343   10275   16375.134480
11585   746343   10275   16363.143698
12937   746343   10275   16352.078027
12110   746343   10275   16344.423329
12104   746343   10275   16334.829746
12839   746343   10275   16325.644942
12782   746343   10275   16316.617350
15130   746343   10275   16312.502307
10966   746343   10226   16303.967505
15387   746343   10226   16295.219087
11696   746343   10092   16285.852204
20035   746343   10092   16276.900873
13912   746343   9992   16267.313605
10823   746343   9992   16256.031590
11480   746343   9992   16244.695100
13254   746343   9992   16238.284221
11034   746343   9915   16227.272685
11470   746343   9915   16216.232433
11027   746343   9915   16205.711135
11173   746343   9915   16198.124949
10865   746343   9915   16187.885778
11802   746343   9915   16177.302297
11504   746343   9915   16166.828379
18867   746343   9915   16160.291251
13623   746343   9915   16151.162055
11308   746343   9915   16140.896380
12157   746343   9915   16131.014177
25049   746343   9915   16124.455576
12480   746343   9915   16115.104425
11848   746343   9915   16105.443464
12065   746343   9915   16095.883898
11148   746343   9915   16089.507856
12278   746343   9915   16083.455352
12142   746343   9915   16073.935982
11720   746343   9915   16064.341993
11599   746343   9915   16055.497913
12378   746343   9915   16048.581713
11211   746343   9915   16042.405627
11394   746343   9915   16033.433919
21546   746343   9915   16026.135934
11390   746343   9915   16020.047632
11209   746343   9915   16010.662814
10829   746343   9915   16001.369633
11278   746343   9915   15992.631940
12165   746343   9915   15985.835892
11782   746343   9915   15976.515673
12924   746343   9915   15967.763624
11351   746343   9915   15959.599244
14662   746343   9915   15954.797511
11092   746343   9915   15945.805541
11235   746343   9915   15936.800554
11561   746343   9915   15927.938190
10873   746343   9915   15922.073558
11028   746343   9915   15913.108993
11442   746343   9915   15904.027404
10734   746343   9915   15895.102490
11860   746343   9915   15891.301250
11688   746343   9915   15882.766202
15419   746343   9915   15874.188188
11604   746343   9915   15865.235964
12758   746343   9915   15859.646686
17028   746343   9915   15850.712846
16281   746343   9915   15841.943822
11326   746343   9915   15833.517512
10880   746343   9915   15830.131979
15286   746343   9915   15821.647035
10789   746343   9915   15813.248351
10743   746343   9915   15804.849375
10755   746343   9915   15799.480385
10972   746343   9915   15791.056520
11290   746343   9915   15782.966480
11377   746343   9915   15774.646747
11074   746343   9915   15771.640006
11641   746343   9915   15763.355817
11773   746343   9915   15755.134196
12109   746343   9915   15747.069363
10835   746343   9915   15741.832039
10896   746343   9915   15733.700426
11669   746343   9915   15725.593563
11736   746343   9915   15717.627302
11283   746343   9915   15713.849568
11067   746343   9915   15706.959115
11041   746343   9915   15699.266477
14428   746343   9915   15691.412960
11032   746343   9915   15686.433487
11229   746343   9915   15678.557172
11298   746343   9915   15670.693553
13024   746343   9915   15662.882276
24816   746343   9915   15657.857860
11248   746343   9915   15651.753445
11982   746343   9915   15644.175098
13130   746343   9915   15637.098711
16114   746343   9915   15633.620747
10635   746343   9915   15628.200476
10786   746343   9915   15622.184199
12803   746343   9915   15615.943291
18093   746343   9915   15611.750424
11436   746343   9915   15606.844225
13373   746343   9915   15600.269857
11597   746343   9915   15593.245918
12357   746343   9915   15587.130125
13345   746343   9915   15581.437418
10189   746343   9915   15574.232519
13378   746343   9915   15566.767504
12916   746343   9915   15560.341120
10804   746343   9915   15555.419468
10917   746343   9915   15547.696225
10794   746343   9915   15539.697214
11121   746343   9915   15532.516549
11106   746343   9915   15526.549817
13895   746343   9915   15518.932764
10905   746343   9915   15511.178349
10773   746343   9915   15503.963207
10707   746343   9915   15500.148603
10867   746343   9915   15492.551231
13745   746343   9915   15484.754969
13165   746343   9915   15477.058301
10642   746343   9915   15472.118541
10945   746343   9885   15464.654608
10720   746343   9885   15457.179358
13111   746343   9885   15450.107526
11529   746343   9885   15447.096954
11062   746343   9885   15439.948802
11760   746343   9879   15432.590849
11654   746343   9879   15425.398853
11475   746343   9879   15420.755976
12258   746343   9879   15413.731748
10878   746343   9879   15406.463727
11081   746343   9879   15399.597915
22757   746343   9879   15396.292292
12235   746343   9879   15389.835373
11338   746343   9879   15382.972529
10771   746343   9879   15376.037704
13856   746343   9879   15371.478433
10508   746343   9879   15364.691885
10617   746343   9879   15358.194605
10738   746343   9879   15351.512573
10450   746343   9879   15349.025432
10908   746343   9879   15342.219543
10643   746343   9879   15335.717226
13963   746343   9879   15328.934910
12281   746343   9879   15325.047205
12803   746343   9879   15318.935136
11500   746343   9879   15312.366044
10919   746343   9879   15305.944651
19565   746343   9879   15302.954375
10813   746343   9879   15296.999825
15459   746343   9879   15290.578686
11166   746343   9879   15286.929443
10960   746343   9879   15282.990726
12713   746343   9879   15276.493730
13480   746343   9879   15270.180059
10701   746343   9879   15264.454532
11536   746343   9879   15260.556699
11536   746343   9879   15256.343684
10505   746343   9879   15250.481972
10627   746343   9879   15244.235284
11187   746343   9879   15239.534037
14380   746343   9879   15234.161313
11276   746343   9879   15228.076319
10929   746343   9879   15222.086921
20140   746343   9879   15218.208621
11261   746343   9879   15214.183251
13179   746343   9879   15208.414661
11314   746343   9879   15202.345577
11522   746343   9879   15196.835122
11008   746343   9879   15192.677387
10767   746343   9879   15186.760075
10818   746343   9879   15180.833395
12133   746343   9879   15176.038724
10616   746343   9879   15173.149929
10904   746343   9879   15167.535819
11215   746343   9879   15161.666618
11320   746343   9879   15156.386414
11549   746343   9879   15152.520962
12166   746343   9879   15146.706291
13516   746343   9879   15140.934855
24778   746343   9879   15135.416110
11091   746343   9879   15133.426094
10595   746343   9879   15127.901484
14261   746343   9879   15122.377625
11392   746343   9879   15116.610963
10812   746343   9879   15113.662186
10800   746343   9879   15108.037836
10912   746343   9879   15102.501565
10595   746343   9879   15096.802027
12354   746343   9879   15095.254641
12369   746343   9879   15090.048237
15279   746343   9879   15084.460427
13373   746343   9879   15078.958208
10761   746343   9879   15076.201550
10745   746343   9879   15070.917701
11096   746343   9879   15065.497789
11254   746343   9879   15060.018067
10902   746343   9879   15058.447888
11368   746343   9879   15053.337608
11449   746343   9879   15047.808523
11072   746343   9879   15042.547621
12726   746343   9879   15039.467299
15134   746343   9879   15034.316712
14947   746343   9879   15028.890726
11124   746343   9879   15023.554442
11288   746343   9879   15022.230411
14331   746343   9879   15017.422108
11579   746343   9879   15012.080118
12469   746343   9879   15006.952420
13431   746343   9879   15004.163035
12326   746343   9879   14999.858208
11531   746343   9879   14994.874170
11707   746343   9879   14989.841863
16140   746343   9879   14987.730264
11402   746343   9879   14983.408625
10911   746343   9879   14978.827740
10694   746343   9879   14973.682849
21814   746343   9879   14970.711208
11863   746343   9879   14966.031357
12668   746343   9879   14961.313277
11982   746343   9879   14956.519126
20482   746343   9879   14953.671487
14839   746343   9879   14952.710078
14677   746343   9879   14953.252115
15224   746343   9879   14953.500528
21059   746343   9879   14955.442271
14523   746343   9879   14956.200409
14557   746343   9879   14956.165617
14621   746343   9879   14955.785283
14821   746343   9879   14956.762742
14084   746343   9879   14958.686989
14382   746343   9879   14958.088472
14826   746343   9879   14957.260642
16954   746343   9879   14957.015880
14408   746343   9879   14957.685288
14497   746343   9879   14956.419546
14655   746343   9879   14955.173718
14886   746343   9879   14954.904243
13169   746343   9879   14956.269799
13354   746343   9879   14954.717030
13219   746343   9879   14953.128913
13348   746343   9879   14951.922974
13784   746343   9879   14952.048262
13270   746343   9879   14950.079292
13544   746343   9879   14947.954999
25305   746343   9879   14946.118951
12979   746343   9879   14947.352551
12714   746343   9879   14945.215294
13460   746343   9879   14942.806248
12795   746343   9879   14940.693562
13767   746343   9879   14940.507627
13602   746343   9879   14937.888324
13695   746343   9879   14935.218057
13582   746343   9879   14932.501875
13304   746343   9879   14933.447837
12989   746343   9879   14930.704626
12338   746343   9879   14927.952882
13117   746343   9879   14925.223501
13505   746343   9879   14924.553786
12467   746343   9879   14921.482333
13154   746343   9879   14918.524090
13647   746343   9879   14915.522856
13092   746343   9879   14917.622383
12636   746343   9879   14914.474837
12188   746343   9879   14911.429836
12731   746343   9879   14908.220376
13136   746343   9879   14907.347399
12885   746343   9879   14904.077436
13111   746343   9879   14900.922838
13290   746343   9879   14897.581653
19524   746343   9879   14898.033695
14387   746343   9879   14894.744129
13200   746343   9879   14891.561631
12578   746343   9879   14888.235263
12197   746343   9879   14885.223126
14709   746343   9879   14883.972435
15561   746343   9879   14880.462152
13611   746343   9879   14876.999390
23467   746343   9879   14875.571684
12344   746343   9879   14873.450620
12407   746343   9879   14870.276449
11799   746343   9879   14866.676853
11799   746343   9879   14864.874193
12497   746343   9879   14861.577962
11790   746343   9879   14857.988149
11995   746343   9879   14854.345273
12051   746343   9879   14852.665957
12164   746343   9879   14850.611612
12617   746343   9879   14846.972674
12503   746343   9879   14843.257893
16196   746343   9879   14840.575060
12535   746343   9879   14837.811235
13045   746343   9879   14834.155698
12468   746343   9879   14830.344237
18562   746343   9879   14827.906954
12245   746343   9879   14826.327933
12372   746343   9879   14822.603099
14423   746343   9879   14818.866193
12865   746343   9879   14815.630506
11946   746343   9879   14813.735585
12472   746343   9879   14810.110492
11885   746343   9879   14806.363729
16333   746343   9879   14803.519074
11476   746343   9879   14802.394179
12073   746343   9879   14798.713315
12343   746343   9879   14795.013852
11625   746343   9879   14791.419308
12515   746343   9879   14789.818818
12825   746343   9879   14786.105101
12369   746343   9879   14782.375178
11843   746343   9879   14778.748892
12704   746343   9879   14778.415526
12353   746343   9879   14774.654659
12539   746343   9879   14771.037247
12479   746343   9879   14767.351570
11850   746343   9879   14765.678583
16954   746343   9879   14761.969988
11293   746343   9879   14758.207763
11446   746343   9879   14754.459918
12599   746343   9879   14753.665450
11691   746343   9879   14750.797923
12141   746343   9879   14747.129155
11609   746343   9879   14743.653325
11426   746343   9879   14741.947879
11615   746343   9879   14738.615137
11120   746343   9879   14735.084462
11720   746343   9879   14731.431075
12272   746343   9879   14731.392388
11530   746343   9879   14727.869658
11498   746343   9879   14724.227371
11957   746343   9879   14720.615640
11850   746343   9879   14718.930741
11736   746343   9879   14715.348309
11875   746343   9879   14711.872449
11705   746343   9879   14708.416028
19744   746343   9879   14708.090835
11522   746343   9879   14705.225727
11944   746343   9879   14701.905338
11284   746343   9879   14698.340881
12246   746343   9879   14696.882645
11075   746343   9879   14693.204582
11351   746343   9879   14689.736000
11510   746343   9879   14686.183795
12658   746343   9879   14684.875769
11531   746343   9879   14682.418923
11832   746343   9879   14679.211062
11958   746343   9879   14675.676117
20847   746343   9879   14673.920737
11622   746343   9879   14670.646992
11413   746343   9879   14667.115441
11288   746343   9879   14663.700397
12212   746343   9879   14661.933105
15590   746343   9879   14659.951591
11304   746343   9879   14656.644892
11365   746343   9879   14653.302972
23974   746343   9879   14650.786714
12294   746343   9879   14648.339372
12141   746343   9879   14644.791800
12676   746343   9879   14641.409424
21116   746343   9879   14639.056902
11522   746343   9879   14637.851016
12096   746343   9879   14634.627146
12308   746343   9879   14631.191575
17605   746343   9879   14628.085910
11895   746343   9879   14626.179035
11753   746343   9879   14622.818478
11311   746343   9879   14619.457294
33149   746343   9879   14616.779042
11546   746343   9879   14615.831089
11736   746343   9879   14612.466699
11694   746343   9879   14609.185110
13446   746343   9879   14605.941521
11490   746343   9879   14605.271298
12298   746343   9879   14602.074802
12101   746343   9879   14598.805557
12230   746343   9879   14595.468458
11425   746343   9879   14595.396792
11747   746343   9879   14592.190428
11836   746343   9879   14588.896097
11916   746343   9879   14585.696993
11680   746343   9879   14584.212538
15446   746343   9879   14580.930219
12408   746343   9879   14577.630830
16773   746343   9879   14574.434112
11310   746343   9879   14574.311103
11466   746343   9879   14571.195176
11637   746343   9879   14567.994282
12196   746343   9879   14564.844081
12135   746343   9879   14563.463201
11703   746343   9879   14560.229034
11415   746343   9879   14556.999609
11185   746343   9879   14553.860099
11225   746343   9879   14553.995873
12018   746343   9879   14550.868099
13090   746343   9879   14547.767845
11275   746343   9879   14545.151178
11258   746343   9879   14543.760934
11101   746343   9879   14540.533402
11434   746343   9879   14537.457323
11481   746343   9879   14534.366765
12386   746343   9879   14533.868482
11476   746343   9879   14531.190173
11443   746343   9879   14528.255817
11054   746343   9879   14525.159741
12278   746343   9879   14523.837304
14123   746343   9879   14520.702747
13130   746343   9879   14517.679067
11595   746343   9879   14514.702335
16966   746343   9879   14513.366808
11404   746343   9879   14511.604126
11383   746343   9879   14508.824177
12320   746343   9879   14505.774993
21000   746343   9879   14504.192044
11232   746343   9879   14501.627050
11033   746343   9879   14498.687484
11378   746343   9879   14495.628484
20377   746343   9879   14493.601050
11742   746343   9879   14493.178158
11694   746343   9879   14490.214586
19366   746343   9879   14487.267229
24909   746343   9879   14485.012509
14996   746343   9879   14483.073582
11664   746343   9879   14480.243746
11909   746343   9879   14477.408380
12257   746343   9879   14475.340929
11325   746343   9879   14474.206033
11038   746343   9879   14471.339935
11417   746343   9879   14468.313030
11327   746343   9879   14465.797421
12545   746343   9879   14464.281909
12065   746343   9879   14461.443334
12707   746343   9879   14458.574587
23333   746343   9879   14456.288607
13300   746343   9879   14455.815937
11799   746343   9879   14453.145005
12317   746343   9879   14450.298235
11694   746343   9879   14447.443072
11576   746343   9879   14446.362115
11682   746343   9879   14443.702835
11800   746343   9879   14440.872114
43351   746343   9879   14438.053520
12404   746343   9879   14438.139115
11827   746343   9879   14435.274202
11711   746343   9879   14432.463703
11496   746343   9879   14429.652375
12686   746343   9879   14428.517472
12308   746343   9879   14425.680991
11306   746343   9879   14422.416469
11166   746343   9879   14418.817822
11194   746343   9879   14417.830844
12179   746343   9879   14414.385463
11707   746343   9879   14411.080456
11139   746343   9879   14407.946780
12993   746343   9879   14406.447561
12922   746343   9879   14404.038870
18265   746343   9879   14402.401505
12126   746343   9879   14400.375561
13066   746343   9879   14400.509715
12538   746343   9879   14398.696424
13117   746343   9879   14396.913147
13018   746343   9879   14394.850287
15564   746343   9879   14393.725073
14550   746343   9879   14390.725185
14155   746343   9879   14387.576778
13097   746343   9879   14384.218574
14889   746343   9879   14383.020722
12827   746343   9874   14380.433230
16529   746343   9874   14377.195487
15980   746343   9874   14374.005662
12636   746343   9874   14372.582129
17964   746343   9874   14369.541357
15905   746343   9874   14366.681132
17631   746343   9874   14363.651223
19938   746343   9874   14362.410339
11015   746343   9874   14360.302852
11506   746343   9871   14357.480615
10686   746343   9871   14354.548824
18188   746343   9871   14352.819106
10891   746343   9871   14350.320827
10978   746343   9871   14347.999899
11568   746343   9871   14344.861157
10828   746343   9871   14342.916845
11728   746343   9871   14340.716285
11360   746343   9871   14339.010536
11938   746343   9871   14335.794941
21002   746343   9871   14333.103069
11436   746343   9871   14331.275557
11850   746343   9871   14328.836592
15187   746343   9871   14326.797404
19107   746343   9871   14325.473417
15967   746343   9871   14325.100822
14353   746343   9871   14323.442264
12929   746343   9871   14321.756630
13099   746343   9871   14320.209650
10934   746343   9871   14319.064435
13604   746343   9871   14316.491380
13479   746343   9871   14313.588869
22819   746343   9871   14310.816180
11268   746343   9871   14309.867798
11226   746343   9871   14307.007050
10893   746343   9871   14303.926122
10746   746343   9871   14300.941295
11220   746343   9871   14299.531336
13704   746343   9871   14296.650004
11201   746343   9871   14293.826723
10808   746343   9871   14291.136552
11046   746343   9871   14290.986128
11211   746343   9871   14288.231145
11258   746343   9871   14285.500937
10988   746343   9871   14282.743752
10729   746343   9871   14281.525416
10643   746343   9871   14278.787876
11654   746343   9871   14276.503248
11762   746343   9871   14274.512345
12560   746343   9871   14275.375658
11691   746343   9871   14273.589934
11546   746343   9871   14271.364506
12560   746343   9871   14269.232253
12247   746343   9871   14268.748601
12358   746343   9871   14266.891531
11943   746343   9871   14264.720190
12715   746343   9871   14262.417200
22456   746343   9871   14262.722407
12090   746343   9871   14260.396540
12285   746343   9871   14258.016902
11958   746343   9871   14255.644315
11428   746343   9871   14254.883105
11609   746343   9871   14252.585474
11243   746343   9871   14250.250085
11264   746343   9871   14247.874893
20595   746343   9871   14247.981488
11957   746343   9871   14245.808310
12660   746343   9871   14243.508330
11833   746343   9871   14241.060860
11209   746343   9871   14238.982947
11375   746343   9871   14237.735966
10786   746343   9871   14235.292668
14277   746343   9871   14232.896952
25705   746343   9871   14232.178991
12152   746343   9871   14230.661569
11881   746343   9871   14228.195896
11536   746343   9871   14225.838435
15278   746343   9871   14224.643355
18256   746343   9871   14222.620879
11834   746343   9871   14220.166373
11500   746343   9871   14217.831132
11086   746343   9871   14216.740487
11641   746343   9871   14215.520341
11721   746343   9871   14213.085587
14012   746343   9871   14210.661007
20718   746343   9871   14208.963990
11743   746343   9871   14207.544925
11919   746343   9871   14205.085108
11960   746343   9871   14202.685468
25177   746343   9871   14201.152816
11793   746343   9871   14200.505909
12157   746343   9871   14198.134802
12117   746343   9871   14195.740915
12037   746343   9871   14193.649578
11245   746343   9871   14192.409151
11296   746343   9871   14189.895891
11510   746343   9871   14187.403683
12253   746343   9871   14185.528863
12077   746343   9871   14185.326199
11756   746343   9871   14183.079495
12096   746343   9871   14180.842970
12127   746343   9871   14178.727593
11050   746343   9871   14177.815667
11031   746343   9871   14175.456068
11669   746343   9871   14173.161698
11133   746343   9871   14170.912794
10904   746343   9871   14171.087476
11147   746343   9871   14168.860326
11520   746343   9871   14166.677578
11181   746343   9871   14164.343467
11587   746343   9871   14163.866198
18844   746343   9871   14165.250799
18140   746343   9871   14169.239439
17007   746343   9871   14172.860827
17051   746343   9871   14178.539998
17031   746343   9871   14181.477941
16400   746343   9871   14184.001732
16478   746343   9871   14186.281813
15936   746343   9871   14189.820032
15176   746343   9871   14191.663306
16882   746343   9871   14193.230628
16287   746343   9871   14194.504580
15307   746343   9871   14198.058959
15689   746343   9871   14198.987775
14327   746343   9871   14199.783928
13970   746343   9871   14200.352532
14840   746343   9871   14202.258283
14549   746343   9871   14202.538536
14251   746343   9871   14202.652410
13551   746343   9871   14204.180680
14171   746343   9871   14206.175453
14315   746343   9871   14206.261069
14222   746343   9871   14205.896707
14930   746343   9871   14205.515501
13118   746343   9871   14206.497314
17494   746343   9871   14205.856274
12999   746343   9871   14205.150254
13087   746343   9871   14204.358333
13191   746343   9871   14205.165653
13112   746343   9871   14205.113544
13288   746343   9871   14204.173594
13638   746343   9871   14203.153033
19078   746343   9871   14203.129999
12923   746343   9871   14202.315438
12693   746343   9871   14201.106112
12267   746343   9871   14199.834789
13211   746343   9871   14199.802876
12551   746343   9871   14199.668355
12615   746343   9871   14198.347483
12368   746343   9871   14196.906595
23373   746343   9871   14196.057281
12216   746343   9871   14195.520117
12082   746343   9871   14194.050237
11904   746343   9871   14192.511083
13483   746343   9871   14191.687283
13218   746343   9871   14192.042782
12232   746343   9871   14190.517824
12760   746343   9871   14188.940174
11988   746343   9871   14187.629559
12830   746343   9871   14187.356498
12404   746343   9871   14185.844387
13074   746343   9871   14184.206843
12519   746343   9871   14182.932498
12986   746343   9871   14183.353194
12511   746343   9871   14181.795487
12742   746343   9871   14180.111909
11772   746343   9871   14178.429575
18423   746343   9871   14178.111206
12275   746343   9871   14176.393923
12092   746343   9871   14174.770042
12026   746343   9871   14173.427042
12515   746343   9871   14174.168970
13009   746343   9871   14172.490770
12116   746343   9871   14170.884271
12308   746343   9871   14169.186033
12312   746343   9871   14168.909942
11532   746343   9871   14166.970630
11323   746343   9871   14164.817627
11836   746343   9871   14162.877486
11420   746343   9871   14162.971284
11909   746343   9871   14160.823352
11529   746343   9871   14158.682464
11204   746343   9871   14156.519685
12289   746343   9871   14155.760302
12102   746343   9871   14153.731259
12096   746343   9871   14151.725143
12110   746343   9871   14149.722737
11742   746343   9871   14149.517616
11955   746343   9871   14147.968320
15021   746343   9871   14145.951786
11676   746343   9871   14143.881818
12046   746343   9871   14143.198032
11417   746343   9871   14141.175394
12049   746343   9871   14139.248090
12006   746343   9871   14137.329651
26972   746343   9871   14137.430518
16326   746343   9871   14135.629034
11425   746343   9871   14133.829663
11431   746343   9871   14132.099296
11440   746343   9871   14131.609854
11864   746343   9871   14129.609427
11495   746343   9871   14127.662169
11656   746343   9871   14125.772277
19345   746343   9871   14125.252549
11990   746343   9871   14124.517945
12437   746343   9871   14122.618202
12755   746343   9871   14120.719280
25073   746343   9871   14119.740785
12269   746343   9871   14118.248951
12943   746343   9871   14116.410516
11376   746343   9871   14114.540955
11860   746343   9871   14113.853024
11723   746343   9871   14113.032145
11470   746343   9871   14111.228853
11498   746343   9871   14109.497361
20828   746343   9871   14108.018583
11661   746343   9871   14107.112581
11420   746343   9871   14105.278406
11597   746343   9871   14103.429214
12248   746343   9871   14102.181854
14582   746343   9871   14102.140309
11648   746343   9871   14100.275813
17580   746343   9871   14098.417066
12127   746343   9871   14096.997196
11768   746343   9871   14096.196683
12102   746343   9871   14094.483256
12204   746343   9871   14092.619730
11605   746343   9871   14091.004287
11962   746343   9871   14091.336311
11981   746343   9871   14089.642583
12125   746343   9871   14088.170641
12285   746343   9871   14086.401009
12082   746343   9871   14086.155864
12254   746343   9871   14084.403765
12297   746343   9871   14082.702153
11712   746343   9871   14080.979177
12504   746343   9871   14081.474960
19273   746343   9871   14079.848611
11993   746343   9871   14078.153779
13176   746343   9871   14077.760083
12507   746343   9871   14077.483907
11906   746343   9871   14075.741328
11979   746343   9871   14074.099450
12264   746343   9871   14072.423227
11499   746343   9871   14073.014556
11537   746343   9871   14071.291853
11535   746343   9871   14069.609805
18956   746343   9871   14068.023830
12016   746343   9871   14067.580671
15494   746343   9871   14065.870383
12486   746343   9871   14064.226634
11796   746343   9871   14062.557318
12007   746343   9871   14062.998392
12102   746343   9871   14061.257744
11567   746343   9871   14059.654522
12101   746343   9871   14058.081208
12499   746343   9871   14057.720197
13083   746343   9871   14056.072540
12509   746343   9871   14054.386958
12085   746343   9871   14052.852877
20412   746343   9871   14053.160836
12797   746343   9871   14051.754654
12999   746343   9871   14050.111087
12439   746343   9871   14048.552582
11465   746343   9871   14048.224639
11697   746343   9871   14046.701020
11862   746343   9871   14045.134613
11979   746343   9871   14043.513010
12109   746343   9871   14043.046438
11730   746343   9871   14042.442924
11882   746343   9871   14040.829550
11841   746343   9871   14039.199297
12960   746343   9871   14038.522815
11857   746343   9871   14037.571093
12018   746343   9871   14035.938911
11982   746343   9871   14034.346241
14488   746343   9871   14033.986398
11784   746343   9871   14033.411883
11582   746343   9871   14031.797005
11822   746343   9871   14030.157002
11693   746343   9871   14028.900112
11791   746343   9871   14028.395640
11848   746343   9871   14026.808532
12316   746343   9871   14025.244632
11491   746343   9871   14024.230238
11791   746343   9871   14024.209904
12440   746343   9871   14022.652749
11550   746343   9871   14021.146320
12221   746343   9871   14019.957796
12400   746343   9871   14019.414561
11466   746343   9871   14018.151267
11487   746343   9871   14016.564398
26001   746343   9871   14015.018163
12090   746343   9871   14015.502909
12039   746343   9871   14013.944907
18014   746343   9871   14012.381371
14932   746343   9871   14010.848713
11814   746343   9871   14010.611331
11597   746343   9871   14009.011897
11924   746343   9871   14007.453035
12478   746343   9871   14005.907233
11924   746343   9871   14006.560471
11892   746343   9871   14005.025474
12222   746343   9871   14003.533912
11185   746343   9871   14001.994113
11816   746343   9871   14001.732772
12312   746343   9871   14000.237009
11882   746343   9871   13998.710771
11845   746343   9871   13997.220452
11770   746343   9871   13997.916450
11596   746343   9871   13996.497444
12081   746343   9871   13995.031984
11377   746343   9871   13993.464125
12348   746343   9871   13993.155183
15959   746343   9871   13991.652946
11736   746343   9871   13990.287321
12430   746343   9871   13988.906275
25070   746343   9871   13989.463127
12284   746343   9871   13988.112873
11904   746343   9871   13986.631629
11713   746343   9871   13985.082371
11702   746343   9871   13984.882176
11551   746343   9871   13983.418234
12309   746343   9871   13981.910365
12432   746343   9871   13980.412840
19498   746343   9871   13980.541838
12040   746343   9871   13979.554062
15080   746343   9871   13978.122153
15391   746343   9871   13976.643274
12451   746343   9871   13975.409255
13112   746343   9871   13974.965943
17631   746343   9871   13973.502300
13072   746343   9871   13972.035283
11734   746343   9871   13971.694587
11440   746343   9871   13971.260672
11511   746343   9871   13969.790121
12700   746343   9871   13968.335332
13380   746343   9871   13967.580049
12130   746343   9871   13966.629384
11863   746343   9871   13965.270883
13103   746343   9871   13963.876469
13887   746343   9871   13963.165696
13001   746343   9871   13963.084493
12349   746343   9871   13961.646154
11446   746343   9871   13960.515837
11741   746343   9871   13959.442325
11382   746343   9871   13958.935801
11145   746343   9871   13957.446777
11472   746343   9871   13956.044439
13271   746343   9871   13955.157637
26023   746343   9871   13958.246426
12210   746343   9871   13960.549016
11924   746343   9871   13960.325769
23518   746343   9871   13959.026888
11912   746343   9871   13958.834347
11963   746343   9871   13957.417300
12230   746343   9871   13956.040221
11821   746343   9871   13954.631413
11514   746343   9871   13955.261328
11595   746343   9871   13953.866607
14978   746343   9871   13952.530170
11434   746343   9871   13951.185107
12543   746343   9871   13950.945286
12339   746343   9871   13949.588186
12595   746343   9871   13948.145309
12481   746343   9871   13946.712542
11815   746343   9871   13947.456126
13573   746343   9871   13946.048513
13527   746343   9871   13944.640261
12804   746343   9871   13943.270769
12207   746343   9871   13943.087834
11853   746343   9871   13941.667043
12077   746343   9871   13940.264635
11485   746343   9871   13938.812666
21828   746343   9871   13939.358051
12120   746343   9871   13938.042512
11616   746343   9871   13936.716066
11347   746343   9871   13935.329187
11647   746343   9871   13935.182036
11687   746343   9871   13933.751330
11502   746343   9871   13932.575958
11559   746343   9871   13931.289670
12338   746343   9871   13931.849390
12046   746343   9871   13930.499231
11428   746343   9871   13929.346375
11527   746343   9871   13927.976536
12667   746343   9871   13927.775991
12817   746343   9871   13926.403199
12421   746343   9871   13925.066143
13459   746343   9871   13923.683769
11944   746343   9871   13923.666731
12053   746343   9871   13922.950417
12452   746343   9871   13921.575101
14681   746343   9871   13920.183073
25623   746343   9871   13920.120530
11812   746343   9871   13918.814320
11961   746343   9871   13917.479413
12217   746343   9871   13916.113379
13359   746343   9871   13915.736542
11797   746343   9871   13915.267292
11369   746343   9871   13913.995225
10753   746343   9871   13912.060320
23570   746343   9871   13910.589176
11577   746343   9871   13908.946666
11925   746343   9871   13906.951201
11275   746343   9871   13904.921388
15483   746343   9871   13903.687235
11932   746343   9871   13902.788387
11113   746343   9871   13900.889320
10821   746343   9871   13899.012920
10963   746343   9871   13897.666962
11568   746343   9871   13896.962393
12815   746343   9871   13895.682820
12435   746343   9871   13894.548179
12123   746343   9871   13894.004497
10816   746343   9871   13894.119981
13349   746343   9871   13893.263515
11379   746343   9871   13892.395951
19625   746343   9871   13891.641445
10243   746343   9871   13891.201650
12991   746343   9871   13889.833410
10734   746343   9870   13888.115279
11165   746343   9870   13886.353748
11183   746343   9828   13886.303852
13977   746343   9828   13884.564054
11800   746343   9828   13882.810922
10853   746343   9828   13881.057320
11186   746343   9828   13880.366187
10910   746343   9828   13878.682789
10698   746343   9828   13877.010653
10597   746343   9828   13875.335303
10513   746343   9828   13875.483468
10960   746343   9828   13873.920119
11005   746343   9828   13872.377484
10725   746343   9828   13870.862144
10801   746343   9828   13870.318907
11445   746343   9828   13868.745267
12457   746343   9828   13867.340924
12255   746343   9828   13865.762283
10993   746343   9828   13865.963831
11315   746343   9828   13864.468239
11465   746343   9828   13862.972759
11959   746343   9828   13861.553322
11134   746343   9828   13861.127547
10871   746343   9828   13859.616055
15838   746343   9828   13858.108314
10607   746343   9828   13856.532446
11627   746343   9828   13856.784350
12923   746343   9828   13855.734810
12265   746343   9828   13854.878028
12528   746343   9828   13853.930082
11922   746343   9828   13854.058353
11994   746343   9828   13853.043888
12060   746343   9828   13851.986333
12095   746343   9828   13850.922493
11969   746343   9828   13850.881106
11662   746343   9828   13850.633701
11910   746343   9828   13849.469982
11964   746343   9828   13848.233593
12387   746343   9828   13848.135456
16529   746343   9828   13847.137150
11961   746343   9828   13847.162314
12438   746343   9828   13845.910490
11869   746343   9828   13845.715525
11900   746343   9828   13845.318009
11332   746343   9828   13844.221751
12752   746343   9828   13842.909571
11958   746343   9828   13842.021643
11454   746343   9828   13841.365697
11579   746343   9828   13840.014617
11996   746343   9828   13838.928589
19833   746343   9828   13838.138811
11016   746343   9828   13838.072108
11008   746343   9828   13836.743652
12512   746343   9828   13835.347617
11813   746343   9828   13834.233030
11838   746343   9828   13833.689098
12515   746343   9828   13832.466805
12317   746343   9828   13831.105790
16349   746343   9828   13830.212387
10958   746343   9828   13830.187933
12080   746343   9828   13828.831192
11934   746343   9828   13827.535756
12717   746343   9828   13826.184803
11948   746343   9828   13825.958283
11219   746343   9828   13824.613312
11976   746343   9828   13823.211721
11237   746343   9828   13821.778298
10892   746343   9828   13822.307744
11384   746343   9828   13820.982180
11432   746343   9828   13819.618582
11078   746343   9828   13818.268102
11681   746343   9828   13817.935607
11903   746343   9828   13816.540837
14377   746343   9828   13815.261973
11105   746343   9828   13813.877154
11216   746343   9828   13814.256708
11802   746343   9828   13812.904619
11451   746343   9828   13811.734954
12070   746343   9828   13810.343367
11681   746343   9828   13810.070909
11212   746343   9828   13808.700602
14556   746343   9828   13807.331311
11384   746343   9828   13806.050437
18136   746343   9828   13806.324086
11971   746343   9828   13805.090460
12510   746343   9828   13803.764506
11048   746343   9828   13802.432885
12547   746343   9828   13802.136720
11696   746343   9828   13800.742718
11272   746343   9828   13799.397102
11053   746343   9828   13798.213253
11106   746343   9828   13798.190513
12061   746343   9828   13797.341129
14861   746343   9828   13796.037312
13852   746343   9828   13794.669791
11355   746343   9828   13794.374201
10796   746343   9828   13792.996652
11182   746343   9828   13791.676111
11521   746343   9828   13790.310903
21344   746343   9828   13790.162956
11944   746343   9828   13789.409534
12046   746343   9828   13788.131302
13870   746343   9828   13786.682943
18137   746343   9828   13786.113441
13951   746343   9828   13785.031461
11901   746343   9828   13783.707212
10936   746343   9828   13782.380186
10891   746343   9828   13781.930183
11463   746343   9828   13781.486299
11331   746343   9828   13780.414957
11619   746343   9828   13779.127207
15546   746343   9828   13778.195594
11599   746343   9828   13777.574773
16264   746343   9828   13776.317482
11509   746343   9828   13774.999346
16840   746343   9828   13774.234890
11650   746343   9828   13774.095721
11481   746343   9828   13772.790704
11296   746343   9828   13771.453701
14077   746343   9828   13770.380682
11237   746343   9828   13769.911411
11274   746343   9828   13768.619798
14022   746343   9828   13767.332564
14088   746343   9828   13766.231162
13450   746343   9828   13767.020090
13658   746343   9828   13766.553198
13196   746343   9828   13766.010184
13433   746343   9828   13765.386434
14206   746343   9828   13765.844475
13366   746343   9828   13765.283990
12751   746343   9828   13764.594910
13281   746343   9828   13763.869324
13113   746343   9828   13764.784392
13179   746343   9828   13763.998126
12941   746343   9828   13763.151603
13607   746343   9828   13762.309500
12470   746343   9828   13762.492042
11839   746343   9828   13761.533985
11936   746343   9828   13760.529383
12961   746343   9828   13759.499331
20851   746343   9828   13760.100597
11888   746343   9828   13759.198577
11937   746343   9828   13758.205377
11844   746343   9828   13757.155846
11707   746343   9828   13757.094349
11893   746343   9828   13755.999526
11699   746343   9828   13754.913130
11997   746343   9828   13753.852458
11566   746343   9828   13754.464228
12151   746343   9828   13753.423717
11296   746343   9828   13752.321117
12079   746343   9828   13752.361678
11311   746343   9828   13752.244973
11663   746343   9828   13751.138238
11752   746343   9828   13750.005855
11191   746343   9828   13748.851317
15986   746343   9828   13749.028321
11927   746343   9828   13748.273492
11762   746343   9828   13747.166055
11500   746343   9828   13746.085818
11532   746343   9828   13745.886753
11468   746343   9828   13744.715391
14712   746343   9828   13743.731111
11440   746343   9828   13742.540606
11503   746343   9828   13742.208242
12428   746343   9828   13741.851965
12261   746343   9828   13740.688244
11360   746343   9828   13739.504151
11420   746343   9828   13738.536506
11500   746343   9828   13738.425865
12436   746343   9828   13737.213431
12328   746343   9828   13736.149535
12285   746343   9828   13735.423537
14291   746343   9828   13735.522256
11809   746343   9828   13734.370898
12214   746343   9828   13733.190126
11337   746343   9828   13732.216401
12239   746343   9828   13731.835423
12196   746343   9828   13730.666530
11801   746343   9828   13729.580648
11254   746343   9828   13728.909142
12958   746343   9828   13728.994739
13281   746343   9828   13727.847790
12959   746343   9828   13726.690950
22054   746343   9828   13725.714064
12133   746343   9828   13725.405758
15019   746343   9828   13724.227662
11721   746343   9828   13723.084183
11651   746343   9828   13722.031012
11595   746343   9828   13722.788778
12557   746343   9828   13721.764756
12102   746343   9828   13720.809607
11287   746343   9828   13719.812367
11541   746343   9828   13719.816423
11479   746343   9828   13718.842134
11600   746343   9828   13717.832264
12381   746343   9828   13716.812389
11933   746343   9828   13717.436291
11163   746343   9828   13716.367769
11267   746343   9828   13715.476157
12172   746343   9828   13714.408050
11797   746343   9828   13714.370324
11522   746343   9828   13713.340518
11615   746343   9828   13712.277811
11947   746343   9828   13711.205660
12871   746343   9828   13711.821611
11693   746343   9828   13710.755760
13292   746343   9828   13709.779962
12380   746343   9828   13708.761528
12081   746343   9828   13708.669488
11567   746343   9828   13707.705519
11351   746343   9828   13706.665235
11822   746343   9828   13705.607623
20232   746343   9828   13706.105459
16328   746343   9828   13705.047673
11394   746343   9828   13704.089798
14990   746343   9828   13703.061940
12583   746343   9828   13702.972763
12590   746343   9828   13701.939279
12709   746343   9828   13700.898534
12391   746343   9828   13699.819774
20409   746343   9828   13699.990198
12265   746343   9828   13699.327951
12543   746343   9828   13698.266082
12814   746343   9828   13697.188230
22198   746343   9828   13697.138218
11836   746343   9828   13696.076561
11752   746343   9828   13695.022176
11338   746343   9828   13693.960901
12126   746343   9828   13694.086312
12015   746343   9828   13693.769826
11279   746343   9828   13692.715719
11411   746343   9828   13691.711414
23115   746343   9828   13691.431444
11688   746343   9828   13690.731412
11865   746343   9828   13689.762158
12031   746343   9828   13688.711965
12229   746343   9828   13688.368166
11794   746343   9828   13688.110237
12146   746343   9828   13687.078014
11232   746343   9828   13685.972460
11463   746343   9828   13685.150429
12114   746343   9828   13684.824100
12255   746343   9828   13683.795204
12222   746343   9828   13682.729820
11390   746343   9828   13682.093864
12231   746343   9828   13682.187152
12544   746343   9828   13681.180977
15531   746343   9828   13680.099059
17749   746343   9828   13679.100706
11587   746343   9828   13678.945592
11600   746343   9828   13677.844055
11143   746343   9828   13676.749489
11315   746343   9828   13675.743286
11445   746343   9828   13676.270079
11316   746343   9828   13675.232750
13353   746343   9828   13674.172075
11634   746343   9828   13673.130434
11582   746343   9828   13673.011071
11442   746343   9828   13671.954194
14689   746343   9828   13670.884660
11307   746343   9828   13670.849423
11674   746343   9828   13671.392559
11530   746343   9828   13670.331012
11148   746343   9828   13669.360891
11376   746343   9828   13668.408610
12128   746343   9828   13668.275789
11611   746343   9828   13667.196299
11648   746343   9828   13666.161624
11532   746343   9828   13665.089954
11422   746343   9828   13665.598642
11317   746343   9828   13664.574689
10964   746343   9828   13663.691093
11262   746343   9828   13662.631774
21929   746343   9828   13662.289245
12463   746343   9828   13661.514849
12047   746343   9828   13660.477430
12407   746343   9828   13659.429416
12637   746343   9828   13660.025677
12559   746343   9828   13659.075298
11710   746343   9828   13658.199099
11064   746343   9828   13657.170952
12458   746343   9828   13657.103282
12725   746343   9828   13656.111895
15609   746343   9828   13655.121768
11857   746343   9828   13654.080266
20551   746343   9828   13654.256117
12050   746343   9828   13653.565147
11606   746343   9828   13652.538988
12137   746343   9828   13651.720102
13843   746343   9828   13651.617755
11618   746343   9828   13650.606618
11733   746343   9828   13649.718060
11387   746343   9828   13648.684366
11771   746343   9828   13648.390490
12028   746343   9828   13648.176567
11802   746343   9828   13647.241499
11373   746343   9828   13646.274320
13207   746343   9828   13645.618657
15536   746343   9828   13645.131732
11635   746343   9828   13644.151876
11597   746343   9828   13643.133046
12928   746343   9828   13642.765838
11633   746343   9828   13642.637567
11611   746343   9828   13641.639202
11137   746343   9828   13640.600050
16425   746343   9828   13639.869967
12272   746343   9828   13639.595549
12224   746343   9828   13638.628802
12140   746343   9828   13637.629839
12473   746343   9828   13637.005393
11713   746343   9828   13637.145171
11908   746343   9828   13636.188937
11747   746343   9828   13635.225285
11959   746343   9828   13634.233897
12890   746343   9828   13634.155463
11944   746343   9828   13633.186096
12070   746343   9828   13632.187438
11380   746343   9828   13631.152733
12017   746343   9828   13631.818363
11362   746343   9828   13630.834037
20876   746343   9828   13629.908990
12017   746343   9828   13628.941826
11474   746343   9828   13628.830720
11456   746343   9828   13627.818622
11619   746343   9828   13626.824821
11526   746343   9828   13625.830062
12013   746343   9828   13626.413228
11499   746343   9828   13625.445233
11276   746343   9828   13624.536021
11288   746343   9828   13623.526630
12465   746343   9828   13623.413262
12969   746343   9828   13622.426370
12580   746343   9828   13621.478742
12014   746343   9828   13620.516173
11638   746343   9828   13621.014161
12152   746343   9828   13620.023946
12143   746343   9828   13619.055582
11880   746343   9828   13618.048849
20784   746343   9828   13617.761529
11483   746343   9828   13617.039762
11324   746343   9828   13616.038307
11587   746343   9828   13615.058441
13767   746343   9828   13615.490747
12306   746343   9828   13614.565754
11302   746343   9828   13613.606168
11598   746343   9828   13612.673391
11769   746343   9828   13612.595583
12011   746343   9828   13611.622015
11331   746343   9828   13610.889792
11819   746343   9828   13609.924748
19072   746343   9828   13609.867367
11191   746343   9828   13609.461433
11554   746343   9828   13608.485303
12148   746343   9828   13607.565136
23584   746343   9828   13607.362788
12038   746343   9828   13606.516312
15118   746343   9828   13605.608063
11923   746343   9828   13604.642011
11360   746343   9828   13604.594051
11488   746343   9828   13604.376171
11609   746343   9828   13603.446924
12545   746343   9828   13602.477605
20164   746343   9828   13602.008773
12256   746343   9828   13601.556198
12524   746343   9828   13600.658569
11477   746343   9828   13599.698986
15105   746343   9828   13599.386562
11169   746343   9828   13599.356236
11083   746343   9828   13598.414182
11728   746343   9828   13597.470214
14198   746343   9828   13596.754495
11535   746343   9828   13597.394452
11288   746343   9828   13596.478277
11815   746343   9828   13595.513947
20065   746343   9828   13594.920702
11810   746343   9828   13595.147832
11472   746343   9828   13594.195342
11409   746343   9828   13593.222197
11550   746343   9828   13592.312358
12325   746343   9828   13592.197875
12915   746343   9828   13591.085060
12863   746343   9828   13590.057630
12850   746343   9828   13589.186335
11375   746343   9828   13589.526468
11655   746343   9828   13588.826763
12243   746343   9828   13588.195163
12072   746343   9828   13587.696404
13619   746343   9828   13587.829999
10559   746343   9828   13587.306329
10966   746343   9828   13586.829417
12990   746343   9828   13586.337667
12424   746343   9828   13586.945605
12818   746343   9828   13586.536898
13361   746343   9828   13586.115184
15487   746343   9828   13585.679354
12809   746343   9828   13585.855465
11040   746343   9828   13585.289401
11443   746343   9828   13584.719361
10738   746343   9828   13583.972090
10839   746343   9828   13584.244179
10691   746343   9828   13583.190582
10749   746343   9828   13582.061992
10727   746343   9828   13580.864769
13895   746343   9828   13580.450110
10895   746343   9828   13579.294032
10736   746343   9828   13578.084726
11544   746343   9828   13576.904458
10694   746343   9828   13576.842887
13400   746343   9828   13576.185100
10850   746343   9828   13574.998764
10814   746343   9828   13573.820279
10571   746343   9828   13573.535226
13558   746343   9828   13572.393840
10987   746343   9828   13571.274018
11569   746343   9828   13570.159740
13969   746343   9828   13569.975093
10889   746343   9828   13569.386572
11270   746343   9828   13568.329432
11631   746343   9828   13567.242525
19436   746343   9828   13566.933427
19368   746343   9828   13565.998828
11162   746343   9828   13564.982737
11341   746343   9828   13563.891221
11172   746343   9828   13563.577444
11163   746343   9828   13563.191501
11270   746343   9828   13562.219864
11028   746343   9828   13561.171956
11011   746343   9828   13560.442384
12052   746343   9828   13559.930227
12270   746343   9828   13558.875018
12696   746343   9828   13557.860883
24811   746343   9828   13557.328046
11660   746343   9828   13557.214019
11248   746343   9828   13556.255376
11324   746343   9828   13555.328694
20412   746343   9828   13554.609799
17030   746343   9828   13554.258095
17478   746343   9828   13553.255910
16112   746343   9828   13552.339118
15725   746343   9828   13551.580273
13847   746343   9828   13551.793979
18894   746343   9828   13550.831729
13517   746343   9828   13549.867420
13357   746343   9828   13548.998676
17700   746343   9828   13551.023096
21684   746343   9828   13552.686959
16230   746343   9828   13554.188461
16050   746343   9828   13555.610816
15880   746343   9828   13558.262337
16006   746343   9828   13559.342221
15591   746343   9828   13560.287176
15276   746343   9828   13561.106539
15699   746343   9828   13562.670438
17326   746343   9828   13563.301805
16770   746343   9828   13563.863838
14507   746343   9828   13564.303255
13845   746343   9828   13565.966716
14863   746343   9828   13566.499362
14928   746343   9828   13566.791147
15264   746343   9828   13566.935717
14293   746343   9828   13567.923733
13768   746343   9828   13567.937422
13227   746343   9828   13567.902891
13037   746343   9828   13567.880599
13602   746343   9828   13569.182421
13433   746343   9828   13569.015637
15132   746343   9828   13568.807862
13126   746343   9828   13568.541409
13162   746343   9828   13569.466380
13144   746343   9828   13569.091100
13436   746343   9828   13568.749331
12930   746343   9828   13568.488593
12623   746343   9828   13569.358312
14407   746343   9828   13569.050361
13555   746343   9828   13568.591997
13874   746343   9828   13568.081673
12368   746343   9828   13568.430429
12154   746343   9828   13567.853665
12473   746343   9828   13567.287797
12093   746343   9828   13566.700140
25149   746343   9828   13567.052603
12087   746343   9828   13566.975730
12450   746343   9828   13567.298077
12986   746343   9828   13566.666825
17845   746343   9828   13566.694424
12828   746343   9828   13566.253573
12716   746343   9828   13565.593495
12105   746343   9828   13564.974631
11784   746343   9828   13565.024586
13744   746343   9828   13565.033666
12949   746343   9828   13564.358034
24630   746343   9828   13563.675771
24584   746343   9828   13563.278832
12343   746343   9828   13563.089252
12618   746343   9828   13562.385205
11941   746343   9828   13561.635277
12308   746343   9828   13561.414293
11824   746343   9828   13561.680151
12086   746343   9828   13560.954431
11892   746343   9828   13560.188623
12165   746343   9828   13559.608368
11495   746343   9828   13559.547335
11982   746343   9828   13558.840568
11638   746343   9828   13558.078282
12040   746343   9828   13557.638581
11613   746343   9828   13558.001074
11460   746343   9828   13557.216160
11775   746343   9828   13556.455799
10974   746343   9828   13555.508054
10508   746343   9828   13555.156053
11076   746343   9828   13554.036947
11162   746343   9828   13552.989017
13590   746343   9828   13551.899236
12459   746343   9828   13552.120162
11117   746343   9828   13551.068529
11490   746343   9828   13550.025751
11297   746343   9828   13548.923459
10524   746343   9828   13548.603589
