1,52
1,52
1,51
1,78
1,01
1,26
1,26
1,27
2,02
1,76
1,01
1,01
1,26
1,01
1,01
1,52
2,02
2,02
1,77
1,01
1,26
1,26
1,26
1,51
1,26
1,26
1,01
1,26
1,01
1,25
1,01
1,26
1,01
1,01
1,01
1,01
1,26
1,01
1,01
1,01
1,01
1,01
1,25
1,01
1,25
1,01
1,01
1,01
1,01
1,01
1,01
1,01
1,01
1,01
1,01
1,26
1,01
1,25
1,01
1,26
1,01
1,01
1,01
1,01
1,01
1,26
1,01
1,01
1,25
1,01
1,25
1,01
1,01
1,01
1,01
1,01
1,01
1,01
1,01
1,26
1,01
1,5
1,01
1,01
1,01
1,01
1,01
1,01
1,01
1,01
1,26
1,01
1,25
1,01
1,25
1,01
1,01
1,01
1,01
1,01
1,25
1,26
1,01
1,26
1,01
1,25
1,01
1,01
1,01
1,01
1,01
1,01
1,01
1,01
1,01
1,01
1,25
1,01
1,25
1,01
1,01
1,01
1,01
1,26
1,01
1,01
1,01
1,26
1,01
1,25
1,01
1,01
1,25
1,01
1,01
1,01
1,01
1,01
1,01
1,01
1,25
1,01
1,25
1,01
1,01
1,01
1,01
1,01
1,01
1,01
1,01
1,01
1,01
1,26
1,01
1,25
1,25
1,01
1,01
1,25
1,01
1,01
1,01
1,01
1,01
1,01
1,01
1,01
1,26
1,01
1,26
1,25
1,01
1,01
1,01
1,01
1,01
1,26
1,01
1,25
1,01
1,25
1,01
1,01
1,01
1,01
1,01
1,01
1,01
1,01
1,5
1,01
1,26
1,01
1,26
1,01
1,01
1,01
1,01
1,01
1,26
1,01
1,01
1,25
1,01
1,26
1,01
1,01
1,01
1,01
1,25
1,01
1,01
1,01
1,01
1,01
1,01
1,01
1,26
1,01
1,25
1,01
