Act   Max   Min   Avg
0   0   0   -nan
22223   32289   10940   15599.804196
25222   32772   10874   16331.220390
11638   34388   10799   16031.656115
21177   81340   10795   16110.486128
17528   103352   10795   16730.387323
23035   103352   10795   17143.412431
19519   103352   10795   17676.384659
24354   103352   10795   18230.205724
41069   103352   10795   19301.381402
36760   420885   10795   19998.553745
25440   420885   10795   19806.254408
14050   420885   10795   19592.753020
23553   420885   10795   19577.647136
11877   420885   10795   19416.198001
12644   420885   10795   19243.295835
22639   420885   10795   19344.352577
14418   420885   10795   19357.662629
41548   420885   10795   19875.263871
38230   420885   10795   20489.438832
26040   420885   10795   20888.065934
24532   420885   10795   21374.884123
23719   420885   10795   21757.058169
29537   420885   10795   21988.341215
25142   420885   10795   22244.662334
24800   420885   10795   22388.410022
27628   420885   10795   22659.697185
24227   420885   10795   22847.918537
26350   420885   10795   23032.795722
25100   420885   10795   23120.851410
26147   420885   10795   23200.537526
22014   420885   10795   23259.847804
33262   420885   10795   23525.985940
24260   746468   10795   23787.327567
20485   746468   10795   23736.845679
31608   746468   10795   23600.550261
13052   746468   10795   23488.176466
12922   746468   10795   23234.226336
12695   746468   10795   23001.419081
12494   746468   10795   22766.986156
14467   746468   10795   22551.784763
12187   746468   10795   22330.723559
26486   746468   10795   22146.303775
13490   746468   10795   22077.491955
11923   746468   10795   21947.543333
11613   746468   10795   21764.230359
13173   746468   10795   21559.614676
11648   746468   10795   21437.676225
12031   746468   10795   21347.914618
16486   746468   10795   21273.407158
17809   746468   10795   21226.823592
10483   746468   10276   21122.300908
10704   746468   10259   20958.243477
10674   746468   10259   20770.981098
11022   746468   10259   20589.176430
11183   746468   10259   20414.678277
17053   746468   10259   20352.439457
15932   746468   10259   20303.176162
17894   746468   10259   20241.880865
20426   746468   10259   20191.019675
11860   746468   10259   20122.785969
13491   746468   10259   20080.860089
17723   746468   10259   20046.777165
13387   746468   10259   19999.876226
14337   746468   10259   19939.053350
14493   746468   10259   19895.906723
14640   746468   10259   19837.417385
28731   746468   10259   19798.403695
17917   746468   10259   19743.048580
23002   746468   10259   19694.318442
16584   746468   10259   19678.761280
23709   746468   10259   19702.510808
22612   746468   10259   19678.785602
31445   746468   10259   19688.065470
20736   746468   10259   19712.083513
27151   746468   10259   19723.735362
15461   746468   10259   19716.525378
18263   746468   10259   19708.227718
22577   746468   10259   19676.787315
24224   746468   10205   19724.900838
24318   746468   10205   19696.936510
19449   746468   10205   19654.275376
11867   746468   10205   19610.481472
17765   746468   10205   19614.720779
17123   746468   10205   19598.606823
17161   746468   10205   19580.535836
15979   746468   10205   19555.700906
16272   746468   10205   19519.038316
14786   746468   10205   19484.352857
13921   746468   10205   19438.406053
15428   746468   10205   19406.380556
13615   746468   10205   19372.373068
15497   746468   10205   19327.090758
15288   746468   10205   19289.611962
14321   746468   10205   19242.547876
14463   746468   10205   19193.247248
14143   746468   10205   19153.082394
13990   746468   10205   19101.557992
12581   746468   10205   19043.045534
12272   746468   10205   18983.771376
12218   746468   10205   18927.188674
12019   746468   10205   18868.654454
11860   746468   10205   18811.758210
13509   746468   10205   18757.691453
19020   746468   10205   18704.635322
12450   746468   10205   18648.933362
12415   746468   10205   18598.008074
12252   746468   10205   18543.975592
12006   746468   10205   18490.899042
14334   746468   10205   18440.698913
16554   746468   10205   18399.002272
12902   746468   10205   18352.464550
11337   746468   10205   18303.928760
14449   746468   10205   18253.792948
13152   746468   10205   18208.352252
18523   746468   10205   18195.334640
20153   746468   10205   18205.288745
19697   746468   10205   18219.494009
27390   746468   10205   18231.663673
16328   746468   10205   18225.163113
19547   746468   10205   18243.263523
14723   746468   10205   18235.514378
14532   746468   10205   18217.017440
14145   746468   10205   18198.497569
25817   746468   10205   18207.732252
31916   746468   10205   18256.636367
22595   746468   10205   18315.003380
26530   746468   10205   18363.447924
12833   746468   10205   18367.350516
12601   746468   10205   18331.653061
13109   746468   10205   18346.268050
37338   746468   10205   18384.348962
25506   746468   10205   18419.452108
28228   746468   10205   18457.273649
24902   746468   10205   18496.164464
25295   746468   10205   18535.727953
22151   746468   10205   18574.060698
24137   746468   10205   18611.035703
19487   746468   10205   18647.565948
22530   746468   10205   18681.985721
23782   746468   10205   18719.879958
35814   746468   10205   18756.292027
20466   746468   10205   18794.097931
21064   746468   10205   18827.230123
13969   746468   10205   18861.716991
22190   746468   10205   18895.212378
18709   746468   10205   18927.110252
15506   746468   10205   18955.824718
19247   746468   10205   18978.558215
16423   746468   10205   18992.754523
18439   746468   10205   19004.831797
21369   746468   10205   19019.934261
21889   746468   10205   19031.696845
20008   746468   10205   19047.239823
14532   746468   10205   19048.226950
29118   746468   10205   19027.261339
25091   746468   10205   19025.875299
20541   746468   10205   19007.827603
12267   746468   10205   19001.880675
12021   746468   10205   18973.283741
10887   746468   10091   18940.049381
10898   746468   10091   18906.513315
11101   746468   10017   18879.381133
11031   746468   10017   18849.372017
10899   746468   9954   18820.765062
10703   746468   9954   18792.430603
10817   746468   9954   18763.134157
29317   746468   9954   18746.140766
10712   746468   9954   18723.405905
11784   746468   9954   18685.768616
15012   746468   9954   18666.616411
11533   746468   9954   18666.869070
32905   746468   9954   18662.567285
10744   746468   9954   18648.380447
11009   746468   9954   18608.060739
11275   746468   9954   18569.157596
11017   746468   9954   18533.948422
13930   746468   9954   18514.471837
24350   746468   9954   18504.096066
10965   746468   9954   18493.245739
13301   746468   9954   18489.109114
13185   746468   9954   18464.532791
24158   746468   9954   18477.028985
29545   746468   9954   18480.955241
11258   746468   9954   18470.796717
11520   746468   9954   18459.740077
16938   746468   9954   18456.639299
17986   746468   9954   18477.954733
11168   746468   9954   18474.098115
22009   746468   9954   18484.180051
20480   746468   9954   18502.093688
19715   746468   9954   18502.689821
31724   746468   9954   18521.668007
11336   746468   9954   18505.989753
30871   746468   9954   18483.861997
15042   746468   9954   18460.707145
11707   746468   9954   18436.621360
12401   746468   9954   18410.006116
12981   746468   9954   18382.537321
20222   746468   9954   18359.512242
11208   746468   9954   18343.922245
11207   746468   9954   18310.251501
11230   746468   9954   18275.826389
16268   746468   9954   18250.485327
11783   746468   9954   18223.824130
11174   746468   9954   18190.744623
11361   746468   9954   18157.688229
28202   746468   9954   18126.815062
11360   746468   9954   18099.605535
10974   746468   9954   18067.635045
11369   746468   9954   18037.829254
11597   746468   9954   18010.326619
12314   746468   9954   17991.816839
12486   746468   9954   17964.067025
12063   746468   9954   17936.932873
12159   746468   9954   17910.464881
11903   746468   9954   17888.501442
11975   746468   9954   17862.172578
12047   746468   9954   17835.376430
11833   746468   9954   17811.340730
11773   746468   9954   17796.052925
11738   746468   9954   17769.773399
11871   746468   9954   17744.185968
20360   746468   9954   17718.279269
11636   746468   9954   17698.028183
11595   746468   9954   17672.089352
11514   746468   9954   17646.390838
11579   746468   9954   17621.078077
12003   746468   9954   17605.925015
11584   746468   9954   17580.867839
11737   746468   9954   17556.053749
11797   746468   9954   17531.200422
11468   746468   9954   17512.666233
12075   746468   9954   17488.280754
11771   746468   9954   17463.851790
12065   746468   9954   17440.870465
11670   746468   9954   17427.161384
11880   746468   9954   17403.415313
11567   746468   9954   17380.191251
11992   746468   9954   17356.674329
11718   746468   9954   17338.994230
11425   746468   9954   17315.788498
12057   746468   9954   17292.819624
11706   746468   9954   17269.816852
11336   746468   9954   17256.580536
11449   746468   9954   17234.704425
11755   746468   9954   17212.320826
11980   746468   9954   17190.053329
12083   746468   9954   17173.387044
11765   746468   9954   17151.286085
11686   746468   9954   17129.425762
11782   746468   9954   17107.711366
11729   746468   9954   17098.009439
11282   746468   9954   17076.547863
11777   746468   9954   17055.239653
11440   746468   9954   17033.953987
11728   746468   9954   17019.713862
11681   746468   9954   16998.834224
11613   746468   9954   16978.134207
11993   746468   9954   16957.668632
11614   746468   9954   16946.007376
11580   746468   9954   16925.833153
11492   746468   9954   16905.628092
11482   746468   9954   16885.599407
11406   746468   9954   16872.327551
11593   746468   9954   16852.362009
11562   746468   9954   16832.820433
11517   746468   9954   16813.219357
11414   746468   9954   16802.488809
11433   746468   9954   16783.188853
11896   746468   9954   16764.210876
11760   746468   9954   16745.180581
17479   746468   9954   16731.641474
11512   746468   9954   16712.793053
11909   746468   9954   16694.183366
11687   746468   9954   16675.575466
19433   746468   9954   16665.655175
11348   746468   9954   16647.256862
11448   746468   9954   16629.202967
11736   746468   9954   16611.005444
11833   746468   9954   16597.780696
11586   746468   9954   16580.380506
11759   746468   9954   16562.613214
11673   746468   9954   16545.025636
27797   746468   9954   16532.930861
11355   746468   9954   16518.462880
11257   746468   9954   16501.400186
11451   746468   9954   16484.372290
11716   746468   9954   16472.145238
11420   746468   9954   16455.331816
11491   746468   9954   16438.490651
11697   746468   9954   16421.684782
11499   746468   9954   16409.248575
11218   746468   9954   16396.442014
11530   746468   9954   16380.147736
11817   746468   9954   16363.842658
21205   746468   9954   16354.343811
11418   746468   9954   16348.753651
11467   746468   9954   16332.756149
11507   746468   9954   16318.598583
11476   746468   9954   16305.284334
11406   746468   9954   16297.144922
11413   746468   9954   16281.507132
11596   746468   9954   16265.845854
11502   746468   9954   16251.175393
13317   746468   9954   16239.316146
11287   746468   9954   16224.678312
11157   746468   9954   16210.177254
21209   746468   9954   16198.810235
11542   746468   9954   16189.580788
11646   746468   9954   16174.708650
11467   746468   9954   16160.056658
11781   746468   9954   16146.142027
11335   746468   9954   16134.943592
11478   746468   9954   16120.805798
11555   746468   9954   16106.216246
13222   746468   9954   16092.599663
11095   746468   9954   16084.492760
11629   746468   9954   16070.255858
11987   746468   9954   16056.010817
11373   746468   9954   16042.053350
11719   746468   9954   16032.478688
11115   746468   9954   16018.647398
11744   746468   9954   16004.796976
11537   746468   9954   15991.069825
11560   746468   9954   15985.639075
11497   746468   9954   15972.490584
11354   746468   9954   15958.860051
11272   746468   9954   15945.489651
11471   746468   9954   15936.764598
11415   746468   9954   15927.736721
11555   746468   9954   15914.543247
11344   746468   9954   15901.586343
11720   746468   9954   15895.525079
11223   746468   9954   15882.920725
11513   746468   9954   15869.918783
11128   746468   9954   15856.971646
11629   746468   9954   15848.747132
11411   746468   9954   15836.290311
11661   746468   9954   15823.556381
10832   746468   9954   15810.596657
19254   746468   9954   15802.162171
11131   746468   9954   15788.332181
10940   746468   9954   15774.614884
11165   746468   9954   15760.999573
11062   746468   9954   15750.846054
11224   746468   9954   15737.440574
10880   746468   9954   15723.944851
10614   746468   9954   15710.667557
11243   746468   9954   15702.842664
10899   746468   9954   15689.626748
11325   746468   9954   15676.757018
11264   746468   9954   15663.866982
11321   746468   9954   15654.651431
11904   746468   9954   15642.199549
10909   746468   9954   15629.714812
10901   746468   9954   15618.119413
10891   746468   9954   15611.724409
11054   746468   9954   15600.156219
11070   746468   9954   15589.308807
11590   746468   9954   15578.563880
11133   746468   9954   15571.102517
14529   746468   9954   15561.283058
14383   746468   9954   15551.519283
11620   746468   9954   15541.805814
11005   746468   9954   15537.506910
14143   746468   9954   15528.534324
11926   746468   9954   15519.553122
12291   746468   9954   15510.729505
14018   746468   9954   15505.313155
11950   746468   9954   15496.669696
11784   746468   9954   15488.311198
11758   746468   9954   15479.941244
21849   746468   9954   15476.112249
11518   746468   9954   15468.635187
11869   746468   9954   15460.551221
12038   746468   9954   15453.647068
11876   746468   9954   15448.410297
11933   746468   9954   15440.689851
11798   746468   9954   15432.995301
12492   746468   9954   15425.521007
20565   746468   9954   15420.366453
12439   746468   9954   15414.253816
12056   746468   9954   15405.340357
10245   746468   9954   15395.411012
10269   746468   9954   15388.267556
10554   746468   9954   15377.744563
11602   746468   9933   15367.527631
10564   746468   9933   15357.346656
10914   746468   9933   15348.570862
13830   746468   9933   15342.490061
13682   746468   9933   15332.580822
14194   746468   9933   15322.420920
10875   746468   9933   15314.267493
11145   746468   9933   15318.999721
10663   746468   9933   15309.052518
10866   746468   9933   15298.840599
10660   746468   9933   15290.079545
13910   746468   9933   15283.485725
10718   746468   9933   15273.212529
13802   746468   9933   15262.746329
10844   746468   9933   15253.187689
10526   746468   9933   15245.449792
13736   746468   9933   15235.085705
10802   746468   9933   15224.892824
14425   746468   9933   15216.656781
13702   746468   9933   15210.648829
10771   746468   9933   15200.761332
10734   746468   9933   15190.801391
12644   746468   9933   15181.703594
10950   746468   9933   15174.520157
10967   746468   9933   15165.025364
10854   746468   9933   15155.183491
24697   746468   9933   15146.226320
10903   746468   9933   15141.594517
10769   746468   9933   15132.124270
11166   746468   9933   15122.621426
10998   746468   9933   15113.310370
10794   746468   9933   15107.233459
10549   746468   9933   15097.914981
10735   746468   9933   15088.483621
10696   746468   9933   15079.203587
11011   746468   9933   15075.357675
10829   746468   9933   15066.435795
10898   746468   9933   15057.137579
10937   746468   9933   15048.502548
10686   746468   9933   15042.850245
10816   746468   9933   15033.609519
10757   746468   9933   15024.989324
14253   746468   9933   15016.017066
10983   746468   9933   15012.635918
10853   746468   9933   15003.720183
10959   746468   9933   14994.923740
14119   746468   9933   14986.113876
11113   746468   9933   14980.281742
10815   746468   9933   14971.551632
11000   746468   9933   14963.517653
14041   746468   9933   14954.962187
11009   746468   9933   14951.569468
10993   746468   9933   14943.519247
14286   746468   9933   14934.875110
11045   746468   9933   14929.730897
10798   746468   9933   14924.264443
11082   746468   9933   14915.838264
11167   746468   9933   14907.548071
10725   746468   9933   14899.637852
11708   746468   9933   14896.673902
11131   746468   9933   14888.435842
10570   746468   9933   14880.414855
10931   746468   9933   14871.995733
11163   746468   9933   14866.865113
11265   746468   9933   14858.789425
11025   746468   9933   14850.762502
11159   746468   9933   14842.721391
10873   746468   9933   14839.799210
10755   746468   9933   14831.839020
10915   746468   9933   14823.961557
11187   746468   9933   14815.949540
10724   746468   9933   14811.147680
11022   746468   9933   14803.495481
10765   746468   9933   14795.775607
10870   746468   9933   14788.062223
14379   746468   9933   14785.660702
11280   746468   9933   14777.857841
11122   746468   9933   14770.167859
10751   746468   9933   14762.488696
11070   746468   9933   14758.111833
10873   746468   9933   14750.495210
11181   746468   9933   14742.984906
11204   746468   9933   14735.667604
16300   746468   9933   14731.993248
11455   746468   9933   14726.245032
11291   746468   9933   14719.372514
11304   746468   9933   14712.237606
11223   746468   9933   14705.866084
11041   746468   9933   14701.314555
11278   746468   9933   14694.245001
11633   746468   9933   14687.169792
18236   746468   9933   14683.131839
11178   746468   9933   14678.369291
11250   746468   9933   14671.439395
11318   746468   9933   14664.594261
11548   746468   9933   14660.587790
11159   746468   9933   14653.706871
11121   746468   9933   14647.109916
11238   746468   9933   14640.141972
11172   746468   9933   14636.628744
13665   746468   9933   14631.919243
11166   746468   9933   14625.239124
11667   746468   9933   14618.428384
21243   746468   9933   14613.385949
11121   746468   9933   14608.013178
11409   746468   9933   14601.336851
11001   746468   9933   14594.848530
25402   746468   9933   14589.910214
10989   746468   9933   14586.254203
11247   746468   9933   14580.396429
11706   746468   9933   14573.731265
11191   746468   9933   14567.706176
10785   746468   9933   14563.405946
11457   746468   9933   14556.828271
11551   746468   9933   14550.330345
11851   746468   9933   14545.239478
11017   746468   9933   14542.195160
11507   746468   9933   14535.848703
11720   746468   9933   14529.548231
11211   746468   9933   14523.710931
10995   746468   9933   14519.727469
11534   746468   9933   14513.319019
10759   746468   9933   14506.962501
22716   746468   9933   14501.267175
11152   746468   9933   14498.921547
11214   746468   9933   14492.791770
11549   746468   9933   14486.496837
11592   746468   9933   14480.384976
11240   746468   9933   14477.093811
11014   746468   9933   14470.949445
11025   746468   9933   14464.736276
11313   746468   9933   14458.554811
11448   746468   9933   14456.994900
11203   746468   9933   14451.313068
11171   746468   9933   14445.235942
11121   746468   9933   14439.043436
11475   746468   9933   14435.810837
10914   746468   9933   14429.792982
14753   746468   9933   14423.820844
11251   746468   9933   14418.020859
11100   746468   9933   14416.546948
10977   746468   9933   14410.717705
11065   746468   9933   14404.763311
11323   746468   9933   14398.807990
11320   746468   9933   14395.658583
10909   746468   9933   14389.773817
10984   746468   9933   14383.984429
11281   746468   9933   14378.178297
11304   746468   9933   14376.850289
11216   746468   9933   14371.043100
10918   746468   9933   14365.378412
10983   746468   9933   14359.721132
11679   746468   9933   14356.571256
11262   746468   9933   14350.856293
11071   746468   9933   14345.103155
10981   746468   9933   14339.447642
11059   746468   9933   14337.986506
10936   746468   9933   14332.365705
14699   746468   9933   14326.985249
10811   746468   9933   14321.522615
11179   746468   9933   14318.445675
10913   746468   9933   14312.860878
11144   746468   9933   14307.301791
11408   746468   9933   14301.887596
12261   746468   9933   14300.642969
10865   746468   9933   14297.781949
11267   746468   9933   14292.386801
10960   746468   9933   14287.147165
11016   746468   9933   14284.183503
11390   746468   9933   14279.336448
11269   746468   9933   14273.945706
11532   746468   9933   14268.613467
11459   746468   9933   14266.649284
11101   746468   9933   14262.023428
11144   746468   9933   14256.671895
11385   746468   9933   14251.530892
11464   746468   9933   14248.751787
10939   746468   9933   14243.506670
11191   746468   9933   14238.337695
11297   746468   9933   14233.043797
17036   746468   9933   14231.326695
11319   746468   9933   14226.525271
11142   746468   9933   14221.467228
11048   746468   9933   14216.228509
11191   746468   9933   14213.619412
10985   746468   9933   14208.451417
11097   746468   9933   14203.410277
11158   746468   9933   14198.285083
19267   746468   9933   14195.786294
14612   746468   9933   14192.273403
11449   746468   9933   14187.319248
11539   746468   9933   14182.230219
11354   746468   9933   14179.781718
11312   746468   9933   14174.764749
10836   746468   9933   14169.726848
10893   746468   9933   14164.712860
17983   746468   9933   14160.878120
11147   746468   9933   14159.643028
11100   746468   9933   14154.656659
11243   746468   9933   14149.691885
19335   746468   9933   14146.454447
10833   746468   9933   14142.305890
10993   746468   9933   14137.420471
10908   746468   9933   14132.783826
19765   746468   9933   14130.068480
11083   746468   9933   14127.141165
14615   746468   9933   14122.303764
11237   746468   9933   14117.461918
11650   746468   9933   14113.090479
11089   746468   9933   14110.310424
11168   746468   9933   14105.564989
10947   746468   9933   14100.777928
10927   746468   9933   14097.215886
11184   746468   9933   14095.303138
10804   746468   9933   14091.012814
11245   746468   9933   14086.509298
11112   746468   9933   14082.338925
11153   746468   9933   14079.517804
11304   746468   9933   14074.834887
11415   746468   9933   14070.342371
21656   746468   9933   14066.195435
10948   746468   9933   14065.370226
10862   746468   9933   14061.087972
10966   746468   9933   14056.679604
10728   746468   9933   14052.120974
10861   746468   9933   14049.814421
11263   746468   9933   14045.276268
10967   746468   9933   14040.695010
10905   746468   9933   14036.174401
11081   746468   9933   14035.801697
11237   746468   9933   14031.314057
11325   746468   9933   14026.800271
11794   746468   9933   14022.257384
14647   746468   9933   14020.036722
10795   746468   9933   14015.698840
11174   746468   9933   14011.309249
14264   746468   9933   14006.921667
10917   746468   9933   14006.550603
11012   746468   9933   14002.250760
11206   746468   9933   13997.836567
10868   746468   9933   13993.426837
11299   746468   9933   13991.294822
11015   746468   9933   13986.958704
11391   746468   9933   13982.692381
11072   746468   9933   13978.326394
20034   746468   9933   13977.285776
11083   746468   9933   13973.447798
10882   746468   9933   13969.074274
11409   746468   9933   13964.847817
11337   746468   9933   13962.922284
11256   746468   9933   13958.633940
10907   746468   9933   13954.422386
11183   746468   9933   13950.271391
11260   746468   9933   13949.659693
11069   746468   9933   13945.410381
11225   746468   9933   13941.365600
11158   746468   9933   13937.126052
11086   746468   9933   13935.093128
11240   746468   9933   13931.000310
11278   746468   9933   13926.825811
11223   746468   9933   13922.759740
11589   746468   9933   13921.509105
10911   746468   9933   13918.203067
10850   746468   9933   13914.368966
11072   746468   9933   13910.278991
11330   746468   9933   13908.332312
11181   746468   9933   13904.351130
11014   746468   9933   13900.315528
11419   746468   9933   13896.218714
11272   746468   9933   13895.716168
10828   746468   9933   13891.661343
11180   746468   9933   13887.826865
11297   746468   9933   13883.769441
10889   746468   9933   13882.089331
11107   746468   9933   13878.124508
10779   746468   9933   13876.293874
11309   746468   9933   13872.344101
18857   746468   9933   13871.520091
10857   746468   9933   13867.866392
10946   746468   9933   13864.144367
10934   746468   9933   13860.322409
11182   746468   9933   13858.512982
10799   746468   9933   13854.863977
10928   746468   9933   13851.178749
10989   746468   9933   13847.263900
21481   746468   9933   13845.732090
11276   746468   9933   13843.033929
11051   746468   9933   13839.222365
10875   746468   9933   13835.321259
10991   746468   9933   13833.503730
13104   746468   9933   13830.220982
11386   746468   9933   13826.412282
11009   746468   9933   13822.616287
22918   746468   9933   13821.115602
11162   746468   9933   13818.351808
11272   746468   9933   13814.623016
11387   746468   9933   13810.932817
25440   746468   9933   13808.043887
11177   746468   9933   13805.504690
11935   746468   9933   13801.980042
10991   746468   9933   13798.186975
25203   746468   9933   13795.874777
11108   746468   9933   13794.147930
10888   746468   9933   13790.496516
11302   746468   9933   13786.784703
11210   746468   9933   13783.574059
11937   746468   9933   13781.530189
11512   746468   9933   13777.879130
10863   746468   9933   13774.188093
11227   746468   9933   13771.500226
10842   746468   9933   13770.760284
10982   746468   9933   13767.196112
10880   746468   9933   13763.545524
11102   746468   9933   13760.259805
11037   746468   9933   13758.338021
11143   746468   9933   13754.757697
11001   746468   9933   13751.163890
24229   746468   9933   13747.833853
10963   746468   9933   13747.278721
11071   746468   9933   13743.804370
11008   746468   9933   13740.271180
11160   746468   9933   13736.829018
11540   746468   9933   13735.259377
11502   746468   9933   13731.717344
10963   746468   9933   13728.253111
10969   746468   9933   13724.850454
11112   746468   9933   13724.724189
10829   746468   9933   13721.346866
11107   746468   9933   13717.951619
10902   746468   9933   13714.451507
10911   746468   9933   13712.935307
11712   746468   9933   13709.541411
11170   746468   9933   13706.055267
11397   746468   9933   13702.767043
10943   746468   9933   13702.539743
10793   746468   9933   13699.153094
10971   746468   9933   13695.742581
10808   746468   9933   13692.572692
12011   746468   9933   13691.886070
11595   746468   9933   13689.948764
12217   746468   9933   13687.684937
11758   746468   9933   13685.459613
12140   746468   9933   13687.199019
11861   746468   9933   13684.942523
12272   746468   9933   13682.644726
12038   746468   9933   13680.447355
11905   746468   9933   13679.992249
12035   746468   9933   13677.625090
11607   746468   9933   13675.250519
11855   746468   9933   13673.294618
11750   746468   9933   13674.289660
11727   746468   9933   13671.889265
11781   746468   9933   13669.564244
11799   746468   9933   13667.381735
11988   746468   9933   13666.824132
11399   746468   9933   13664.608352
12187   746468   9933   13662.235340
12154   746468   9933   13659.856397
11827   746468   9933   13660.541728
12011   746468   9933   13658.060433
11873   746468   9933   13655.700357
11670   746468   9933   13653.355180
11742   746468   9933   13653.056786
11787   746468   9933   13650.566742
11647   746468   9933   13648.366770
11638   746468   9933   13645.971164
11658   746468   9933   13646.573645
11538   746468   9933   13644.066529
11797   746468   9933   13641.601277
11872   746468   9933   13639.109934
11613   746468   9933   13638.555310
11492   746468   9933   13636.057851
11628   746468   9933   13633.560613
11323   746468   9933   13630.916880
11807   746468   9933   13631.477813
11598   746468   9933   13629.027211
11766   746468   9933   13626.883108
11792   746468   9933   13624.356460
11728   746468   9933   13623.839091
11455   746468   9933   13621.527699
12186   746468   9933   13618.998214
11967   746468   9933   13616.444483
17712   746468   9933   13615.585438
11436   746468   9933   13614.515193
11752   746468   9933   13612.097053
11316   746468   9933   13609.565709
21064   746468   9933   13610.457361
11610   746468   9933   13608.240189
11342   746468   9933   13605.705640
11790   746468   9933   13603.135852
11718   746468   9933   13602.164709
11611   746468   9933   13601.026145
11550   746468   9933   13598.604464
11884   746468   9933   13596.063337
20881   746468   9933   13594.346709
11623   746468   9933   13592.782105
11749   746468   9933   13590.217142
11447   746468   9933   13587.649282
24536   746468   9933   13586.057630
11303   746468   9933   13585.491814
11615   746468   9933   13582.980226
11804   746468   9933   13580.638402
11473   746468   9933   13578.370285
11983   746468   9933   13577.194062
12168   746468   9933   13574.644293
11709   746468   9933   13572.079233
11767   746468   9933   13570.389725
11326   746468   9933   13570.073597
11394   746468   9933   13567.521561
11121   746468   9933   13565.377448
11620   746468   9933   13563.141058
11522   746468   9933   13561.991714
11656   746468   9933   13559.464924
11663   746468   9933   13556.943677
22256   746468   9933   13554.659094
11462   746468   9933   13554.737886
11601   746468   9933   13552.281592
11612   746468   9933   13549.850136
11816   746468   9933   13547.328669
11604   746468   9933   13546.525907
11656   746468   9933   13543.939081
11299   746468   9933   13541.393041
11720   746468   9933   13538.788779
16119   746468   9933   13539.187666
11549   746468   9933   13536.707180
11338   746468   9933   13534.128860
11453   746468   9933   13531.586470
11450   746468   9933   13530.741785
11489   746468   9933   13528.200949
11058   746468   9933   13525.842517
11431   746468   9933   13523.318021
11649   746468   9933   13523.907873
11310   746468   9933   13521.398581
11946   746468   9933   13518.838898
11007   746468   9933   13516.227203
11651   746468   9933   13515.412522
11263   746468   9933   13512.892121
11352   746468   9933   13510.470055
11272   746468   9933   13507.913666
11126   746468   9933   13508.236179
11663   746468   9933   13505.710262
11328   746468   9933   13503.245241
11421   746468   9933   13500.730988
11432   746468   9933   13500.048310
11852   746468   9933   13497.558416
11435   746468   9933   13495.075502
11377   746468   9933   13492.618429
11131   746468   9933   13493.017877
11322   746468   9933   13490.748152
11940   746468   9933   13488.330761
11164   746468   9933   13485.802523
11897   746468   9933   13485.049826
11181   746468   9933   13482.548650
11269   746468   9933   13480.077700
11339   746468   9933   13477.653893
11242   746468   9933   13478.017087
11224   746468   9933   13475.537070
11624   746468   9933   13473.149434
11368   746468   9933   13470.685357
11395   746468   9933   13469.994127
11319   746468   9933   13467.533547
11355   746468   9933   13465.216515
11598   746468   9933   13462.816981
11256   746468   9933   13463.241528
11387   746468   9933   13460.769905
11223   746468   9933   13458.478139
11015   746468   9933   13456.030409
11266   746468   9933   13455.330132
11267   746468   9933   13452.878219
10992   746468   9933   13450.911390
11397   746468   9933   13448.448092
11377   746468   9933   13448.814195
10989   746468   9933   13446.479923
11639   746468   9933   13444.166415
11213   746468   9933   13441.963984
11160   746468   9933   13441.195318
11221   746468   9933   13438.784584
11139   746468   9933   13436.438870
11267   746468   9933   13434.050574
19661   746468   9933   13433.605827
11391   746468   9933   13432.156474
10796   746468   9933   13429.827705
11677   746468   9933   13427.430933
11323   746468   9933   13425.575933
11286   746468   9933   13424.527557
11297   746468   9933   13422.162939
11671   746468   9933   13419.801320
10989   746468   9933   13418.862766
11194   746468   9933   13417.862987
11640   746468   9933   13415.573694
11307   746468   9933   13413.199945
24799   746468   9933   13412.102675
11184   746468   9933   13410.304126
11033   746468   9933   13408.022157
11049   746468   9933   13406.128419
24729   746468   9933   13405.131039
11249   746468   9933   13404.160094
11405   746468   9933   13403.530424
11492   746468   9933   13401.229813
15612   746468   9933   13399.368926
11161   746468   9933   13398.189166
11156   746468   9933   13395.900972
11319   746468   9933   13393.579340
11287   746468   9933   13392.121271
11355   746468   9933   13391.805242
11099   746468   9933   13389.740159
11209   746468   9933   13387.396170
11128   746468   9933   13385.403967
11200   746468   9933   13384.439994
11465   746468   9933   13382.176258
10959   746468   9933   13379.913501
30732   746468   9933   13378.169165
11515   746468   9933   13378.044709
11411   746468   9933   13375.891870
11228   746468   9933   13373.620622
11593   746468   9933   13371.433175
11073   746468   9933   13370.843126
11192   746468   9933   13368.620486
11225   746468   9933   13366.414982
11252   746468   9933   13364.229882
11717   746468   9933   13364.757808
11276   746468   9933   13362.656512
11132   746468   9933   13360.686293
11551   746468   9933   13358.503114
11011   746468   9933   13357.955496
11639   746468   9933   13355.806229
11072   746468   9933   13353.612040
11447   746468   9933   13351.607388
11184   746468   9933   13352.110007
11097   746468   9933   13350.234424
11166   746468   9933   13348.078464
11652   746468   9933   13345.855873
11562   746468   9933   13345.185072
11509   746468   9933   13343.252006
11840   746468   9933   13341.056605
11187   746468   9933   13338.856080
11362   746468   9933   13339.342138
11045   746468   9933   13337.144764
11363   746468   9933   13334.951348
11116   746468   9933   13332.748956
11502   746468   9933   13332.148611
11393   746468   9933   13330.008567
11474   746468   9933   13327.895357
11533   746468   9933   13325.689668
11477   746468   9933   13326.103041
11495   746468   9933   13323.981768
11201   746468   9933   13321.859775
11050   746468   9933   13319.727311
11003   746468   9933   13319.111615
11046   746468   9933   13316.971526
11512   746468   9933   13314.859438
11163   746468   9933   13312.748193
11028   746468   9933   13313.250684
11296   746468   9933   13311.195435
11423   746468   9933   13309.073822
11149   746468   9933   13306.990576
11477   746468   9933   13306.381210
10996   746468   9933   13304.252417
10996   746468   9933   13302.135705
11186   746468   9933   13300.013683
11178   746468   9933   13300.422666
11257   746468   9933   13298.404156
11166   746468   9933   13296.326572
11453   746468   9933   13294.443439
11393   746468   9933   13293.942665
81294   746468   9933   13292.048750
10946   746468   9933   13290.002020
11031   746468   9933   13288.049966
23936   746468   9933   13288.322418
11070   746468   9933   13286.414487
11195   746468   9933   13284.382981
11167   746468   9933   13282.293852
10922   746468   9933   13281.777100
11101   746468   9933   13279.765310
11087   746468   9933   13277.736418
11354   746468   9933   13275.685682
18725   746468   9933   13275.579312
11523   746468   9933   13274.246677
11257   746468   9933   13272.234102
11855   746468   9933   13270.369165
11379   746468   9933   13269.796285
11507   746468   9933   13267.806899
11061   746468   9933   13265.833406
11098   746468   9933   13263.804297
12022   746468   9933   13263.235312
11331   746468   9933   13262.349652
11405   746468   9933   13260.386800
11350   746468   9933   13258.344452
23470   746468   9933   13257.188569
11245   746468   9933   13256.128558
11301   746468   9933   13254.123675
15044   746468   9933   13252.134623
23310   746468   9933   13251.324132
11296   746468   9933   13250.777096
11382   746468   9933   13249.066751
15651   746468   9933   13250.432781
22764   746468   9933   13253.250412
15699   746468   9933   13256.842553
15362   746468   9933   13259.127586
15336   746468   9933   13261.244390
15116   746468   9933   13264.037133
15224   746468   9933   13267.691824
12452   746468   9933   13269.519524
15094   746468   9933   13271.185605
15010   746468   9933   13273.028424
14273   746468   9933   13275.695450
14413   746468   9933   13277.062767
14259   746468   9933   13279.842582
25048   746468   9933   13281.529484
14279   746468   9933   13284.643790
14246   746468   9933   13285.701463
13821   746468   9933   13286.611717
15014   746468   9933   13287.507474
13770   746468   9933   13289.685872
14261   746468   9933   13290.421387
14111   746468   9933   13291.085201
13915   746468   9933   13291.615598
13471   746468   9933   13294.505727
13509   746468   9933   13295.141654
13521   746468   9933   13295.475544
13613   746468   9933   13295.758484
13515   746468   9933   13297.444424
13387   746468   9933   13297.612611
13540   746468   9933   13297.788705
13475   746468   9933   13297.903854
13466   746468   9933   13300.283526
13419   746468   9933   13300.291985
13346   746468   9933   13300.188662
13242   746468   9933   13300.050293
13068   746468   9933   13301.307401
12776   746468   9933   13301.091881
13236   746468   9933   13300.951038
12863   746468   9933   13300.626943
13112   746468   9933   13302.656547
12837   746468   9933   13302.302820
12575   746468   9933   13301.927901
12888   746468   9933   13301.527884
12429   746468   9933   13302.495044
12707   746468   9933   13301.982803
12695   746468   9933   13301.523708
12669   746468   9933   13300.970899
12652   746468   9933   13302.690239
12422   746468   9933   13302.244958
12331   746468   9933   13301.653607
12589   746468   9933   13300.985173
12634   746468   9933   13301.652279
12350   746468   9933   13300.946425
12628   746468   9933   13300.232357
12450   746468   9933   13299.489342
12517   746468   9933   13301.315286
12725   746468   9933   13300.610136
12403   746468   9933   13299.824661
12637   746468   9933   13298.968804
12608   746468   9933   13299.516902
12511   746468   9933   13298.602921
12122   746468   9933   13297.687526
12479   746468   9933   13296.777750
12393   746468   9933   13298.073441
12120   746468   9933   13297.171245
11904   746468   9933   13296.320513
12735   746468   9933   13295.310131
12311   746468   9933   13295.714546
12164   746468   9933   13294.741193
12332   746468   9933   13293.863631
12368   746468   9933   13292.837773
12412   746468   9933   13294.189820
12004   746468   9933   13293.123172
12080   746468   9933   13292.084020
12155   746468   9933   13290.961047
11991   746468   9933   13290.876275
12068   746468   9933   13290.131654
12223   746468   9933   13289.014449
12087   746468   9933   13287.887121
18004   746468   9933   13289.149367
12028   746468   9933   13288.053374
11910   746468   9933   13286.939942
12366   746468   9933   13285.793639
20097   746468   9933   13285.836558
11843   746468   9933   13284.880509
12028   746468   9933   13283.696155
13104   746468   9933   13282.496303
11942   746468   9933   13282.467691
12008   746468   9933   13282.338853
12110   746468   9933   13281.174296
12028   746468   9933   13280.111303
21770   746468   9933   13279.855123
11966   746468   9933   13279.246615
12196   746468   9933   13278.060544
12163   746468   9933   13276.832601
24702   746468   9933   13276.467511
12089   746468   9933   13276.557383
11687   746468   9933   13275.373539
11809   746468   9933   13274.146535
12177   746468   9933   13273.167303
12015   746468   9933   13272.982167
11977   746468   9933   13271.737161
12139   746468   9933   13270.491512
11983   746468   9933   13269.874444
11641   746468   9933   13270.160897
11949   746468   9933   13269.024614
18406   746468   9933   13267.776185
11988   746468   9933   13266.910073
12059   746468   9933   13266.677542
11633   746468   9933   13265.454117
11651   746468   9933   13264.182055
12355   746468   9933   13263.402539
11713   746468   9933   13263.996984
11998   746468   9933   13262.816769
11717   746468   9933   13261.571289
11644   746468   9933   13260.627249
11894   746468   9933   13260.646753
12090   746468   9933   13259.342104
11588   746468   9933   13258.025362
12109   746468   9933   13256.757097
12063   746468   9933   13257.636648
11792   746468   9933   13256.420858
11884   746468   9933   13255.351258
11503   746468   9933   13254.034376
11674   746468   9933   13254.666271
11816   746468   9933   13253.362586
11685   746468   9933   13252.116253
12449   746468   9933   13250.856457
11335   746468   9933   13251.729236
11843   746468   9933   13250.543886
11609   746468   9933   13249.228952
11520   746468   9933   13247.907682
11495   746468   9933   13247.852381
11724   746468   9933   13246.545956
12012   746468   9933   13245.258008
11549   746468   9933   13243.982437
11738   746468   9933   13244.782017
12018   746468   9933   13243.517559
11439   746468   9933   13242.231541
11942   746468   9933   13240.968665
11924   746468   9933   13240.958914
11909   746468   9933   13239.643248
12288   746468   9933   13238.346366
11728   746468   9933   13237.036382
12155   746468   9933   13237.921880
11794   746468   9933   13236.636387
12011   746468   9933   13235.368437
11828   746468   9933   13234.064334
11654   746468   9933   13234.043891
12620   746468   9933   13232.755348
12180   746468   9933   13231.474179
12029   746468   9933   13230.166189
12183   746468   9933   13231.063942
11680   746468   9933   13229.745131
12130   746468   9933   13228.466504
12093   746468   9933   13227.165334
11977   746468   9933   13227.135460
11617   746468   9933   13225.836415
11554   746468   9933   13224.585605
11308   746468   9933   13223.326086
11792   746468   9933   13224.106238
11681   746468   9933   13222.817046
11934   746468   9933   13221.558890
11489   746468   9933   13220.290912
12105   746468   9933   13220.431040
16156   746468   9933   13219.225904
11742   746468   9933   13218.001391
11566   746468   9933   13216.734571
11678   746468   9933   13216.540931
11683   746468   9933   13216.242793
11740   746468   9933   13215.045498
11752   746468   9933   13213.783006
11649   746468   9933   13213.768217
11739   746468   9933   13212.477897
11879   746468   9933   13211.227523
11478   746468   9933   13210.265118
15178   746468   9933   13210.550655
11475   746468   9933   13209.924798
11421   746468   9933   13208.705561
11651   746468   9933   13207.412026
24201   746468   9933   13207.305515
11642   746468   9933   13206.139370
11906   746468   9933   13204.894795
11660   746468   9933   13203.639739
13953   746468   9933   13203.484765
11978   746468   9933   13203.237894
11653   746468   9933   13202.059997
11457   746468   9933   13200.802942
11571   746468   9933   13199.837212
11445   746468   9933   13199.635614
11802   746468   9933   13198.440682
11670   746468   9933   13197.198780
20714   746468   9933   13196.974168
11513   746468   9933   13196.767994
11692   746468   9933   13195.580589
11431   746468   9933   13194.360870
11544   746468   9933   13193.380493
11672   746468   9933   13193.104133
11822   746468   9933   13191.932448
11862   746468   9933   13190.683693
11789   746468   9933   13190.049663
11613   746468   9933   13190.372659
12172   746468   9933   13189.205052
11890   746468   9933   13187.966426
11580   746468   9933   13186.999969
11479   746468   9933   13186.775160
11390   746468   9933   13185.575962
11766   746468   9933   13184.372653
19877   746468   9933   13183.712822
11934   746468   9933   13184.284134
11395   746468   9933   13183.192469
11541   746468   9933   13182.039682
11683   746468   9933   13180.870700
11504   746468   9933   13180.892903
11454   746468   9933   13179.719466
11719   746468   9933   13178.548268
11452   746468   9933   13177.351933
11837   746468   9933   13178.196247
11761   746468   9933   13177.183470
11663   746468   9933   13175.997701
11476   746468   9933   13174.993573
11981   746468   9933   13175.026279
11582   746468   9933   13173.826427
11432   746468   9933   13172.626266
11344   746468   9933   13171.481379
10737   746468   9933   13172.241309
10620   746468   9933   13170.398628
10976   746468   9933   13168.490967
10839   746468   9933   13166.899477
10991   746468   9933   13166.071373
11204   746468   9933   13164.270924
11145   746468   9933   13162.584902
10942   746468   9933   13160.809805
11264   746468   9933   13160.830911
10993   746468   9933   13159.071568
11295   746468   9933   13158.682372
11337   746468   9933   13157.026825
10751   746468   9933   13156.287441
11140   746468   9933   13154.604119
11301   746468   9933   13152.935899
11299   746468   9933   13151.394739
13473   746468   9933   13151.655488
11416   746468   9933   13150.844260
11812   746468   9933   13150.039759
12405   746468   9933   13149.364237
12180   746468   9933   13149.574877
12147   746468   9933   13149.098307
11975   746468   9933   13148.570440
11056   746468   9933   13147.401705
10567   746468   9933   13147.762702
11051   746468   9933   13146.339834
10547   746468   9933   13144.850452
10567   746468   9933   13143.202814
10574   746468   9933   13142.625692
10329   746468   9933   13140.986729
13444   746468   9933   13139.434436
10774   746468   9933   13137.789236
10706   746468   9933   13138.010102
11237   746468   9933   13136.820087
11490   746468   9933   13135.904135
11364   746468   9933   13135.233545
20318   746468   9933   13134.903805
11671   746468   9933   13134.707017
11666   746468   9933   13134.048640
11825   746468   9933   13133.409824
14426   746468   9933   13134.449927
11824   746468   9933   13133.897390
14207   746468   9933   13133.407034
14896   746468   9933   13132.962018
11934   746468   9933   13133.258573
12714   746468   9933   13132.664145
10816   746468   9933   13131.595206
11033   746468   9933   13130.195752
19423   746468   9933   13130.068376
10905   746468   9933   13129.145637
10754   746468   9933   13127.764588
10523   746468   9933   13126.356511
10881   746468   9933   13125.976107
10770   746468   9933   13124.545650
11160   746468   9933   13123.083586
10530   746468   9933   13121.521712
10724   746468   9933   13120.848971
13803   746468   9933   13120.129921
10707   746468   9933   13118.604251
10536   746468   9933   13116.960330
21593   746468   9933   13116.251811
10770   746468   9933   13115.155930
10697   746468   9933   13113.652642
10936   746468   9933   13112.197974
21190   746468   9933   13111.472326
10719   746468   9933   13110.955134
10983   746468   9933   13109.402946
10579   746468   9933   13107.960841
17766   746468   9933   13106.720136
14149   746468   9933   13106.004285
14109   746468   9933   13104.747651
10989   746468   9933   13103.188362
10697   746468   9933   13102.177009
10670   746468   9933   13101.999107
10854   746468   9933   13100.544745
10863   746468   9933   13099.067342
10664   746468   9933   13097.847490
10407   746468   9933   13097.213179
10928   746468   9933   13095.689007
13925   746468   9933   13094.123437
22583   746468   9933   13093.044232
11009   746468   9933   13092.879289
11488   746468   9933   13091.430904
10729   746468   9933   13090.000970
11024   746468   9933   13088.462582
11014   746468   9933   13088.065234
14247   746468   9933   13086.594428
11013   746468   9933   13085.178231
11035   746468   9933   13083.695599
10691   746468   9933   13084.181356
10732   746468   9933   13082.639988
10491   746468   9933   13081.174229
13969   746468   9933   13079.772677
11096   746468   9933   13079.357759
11065   746468   9933   13078.001541
10976   746468   9933   13076.548268
13927   746468   9933   13075.161029
10844   746468   9933   13076.284623
11091   746468   9933   13074.765492
10972   746468   9933   13073.341847
10897   746468   9933   13071.858872
14404   746468   9933   13071.510905
10772   746468   9933   13070.119221
11100   746468   9933   13068.839341
10743   746468   9933   13067.346203
10749   746468   9933   13067.729514
10766   746468   9933   13066.351512
11537   746468   9933   13064.878037
10881   746468   9933   13063.485997
10831   746468   9933   13063.145399
11051   746468   9933   13061.776702
10684   746468   9933   13060.374687
10855   746468   9933   13059.018779
12187   746468   9933   13059.333488
10833   746468   9933   13057.942731
10818   746468   9933   13056.618370
10639   746468   9933   13055.143067
10773   746468   9933   13054.886405
10792   746468   9933   13053.393478
11482   746468   9933   13052.045583
10838   746468   9933   13050.680874
11054   746468   9933   13052.199267
11215   746468   9933   13050.734244
10985   746468   9933   13049.274502
10868   746468   9933   13047.843289
13780   746468   9933   13047.518786
11090   746468   9933   13046.113779
10741   746468   9933   13044.748004
10868   746468   9933   13043.355744
10963   746468   9933   13043.284710
11034   746468   9933   13042.701641
11619   746468   9933   13041.754430
12097   746468   9933   13040.968014
12805   746468   9933   13041.185713
12219   746468   9933   13040.301566
11803   746468   9933   13039.397961
11792   746468   9933   13038.475727
11612   746468   9933   13038.546849
11511   746468   9933   13038.393747
11390   746468   9933   13037.399757
11699   746468   9933   13036.302492
11259   746468   9933   13036.238107
11264   746468   9933   13035.146074
11206   746468   9933   13034.007474
11602   746468   9933   13032.931282
26370   746468   9933   13032.914692
11572   746468   9933   13032.443519
11391   746468   9933   13031.265122
11635   746468   9933   13030.064576
11094   746468   9933   13029.925668
11235   746468   9933   13028.710676
11440   746468   9933   13027.503167
11212   746468   9933   13026.274935
11672   746468   9933   13025.931656
11127   746468   9933   13025.534036
10950   746468   9933   13024.254761
11200   746468   9933   13023.015776
21213   746468   9933   13022.356022
10919   746468   9933   13021.579453
11247   746468   9933   13020.287884
11405   746468   9933   13018.997254
20237   746468   9933   13018.597404
10990   746468   9933   13018.154356
11058   746468   9933   13016.948358
14300   746468   9933   13015.748358
18898   746468   9933   13014.767255
11061   746468   9933   13014.250821
10936   746468   9933   13012.941403
11668   746468   9933   13011.749440
11663   746468   9933   13010.943474
11335   746468   9933   13010.930281
10988   746468   9933   13009.661391
11313   746468   9933   13008.409312
11469   746468   9933   13007.291101
11263   746468   9933   13006.817832
11011   746468   9933   13005.603159
10997   746468   9933   13004.336795
23231   746468   9933   13003.308574
11022   746468   9933   13003.531761
10936   746468   9933   13002.267465
11280   746468   9933   13001.030607
10729   746468   9933   12999.840965
10773   746468   9933   12999.583731
10927   746468   9933   12998.330993
10789   746468   9933   12997.062342
11690   746468   9933   12995.822859
11942   746468   9933   12996.261963
11080   746468   9933   12994.972031
11028   746468   9933   12993.678861
11153   746468   9933   12992.377134
11444   746468   9933   12992.405212
11017   746468   9933   12991.136705
11427   746468   9933   12989.881253
11327   746468   9933   12988.699941
13771   746468   9933   12989.159576
11945   746468   9933   12988.288698
11656   746468   9933   12987.496754
11735   746468   9933   12986.703511
11723   746468   9933   12986.939849
11872   746468   9933   12986.142767
12219   746468   9933   12985.329100
11650   746468   9933   12984.447248
11954   746468   9933   12985.315946
11860   746468   9933   12984.508504
11687   746468   9933   12983.654303
11966   746468   9933   12982.811906
11295   746468   9933   12982.957735
12005   746468   9933   12982.057250
11843   746468   9933   12981.142636
11844   746468   9933   12980.207286
11607   746468   9933   12980.936627
11540   746468   9933   12980.000620
11412   746468   9933   12979.134863
11675   746468   9933   12978.231133
11343   746468   9933   12978.290010
11510   746468   9933   12977.395184
11521   746468   9933   12976.419114
11381   746468   9933   12975.405122
11628   746468   9933   12976.154316
11273   746468   9933   12975.135125
11331   746468   9933   12974.137710
11308   746468   9933   12973.212497
11187   746468   9933   12973.197959
11396   746468   9933   12972.278123
11649   746468   9933   12971.258663
11351   746468   9933   12970.206104
16651   746468   9933   12970.475886
11409   746468   9933   12969.836540
11400   746468   9933   12968.792211
11173   746468   9933   12967.808422
12233   746468   9933   12967.820651
11604   746468   9933   12967.844038
11290   746468   9933   12966.805852
11562   746468   9933   12965.748375
17906   746468   9933   12966.273613
11220   746468   9933   12965.359412
11863   746468   9933   12964.310577
11372   746468   9933   12963.257848
11716   746468   9933   12963.203910
11292   746468   9933   12962.127886
11223   746468   9933   12961.090571
11615   746468   9933   12959.976526
23909   746468   9933   12960.160165
11424   746468   9933   12959.466581
11049   746468   9933   12958.385377
11178   746468   9933   12957.262422
11079   746468   9933   12957.183389
11396   746468   9933   12956.064345
11073   746468   9933   12954.991085
11125   746468   9933   12953.854987
11421   746468   9933   12953.829967
11369   746468   9933   12953.641908
11102   746468   9933   12952.621549
11266   746468   9933   12951.501779
20681   746468   9933   12951.091130
11351   746468   9933   12950.343538
11402   746468   9933   12949.260257
11184   746468   9933   12948.138353
21072   746468   9933   12947.695249
11373   746468   9933   12947.541457
10979   746468   9933   12946.449467
15615   746468   9933   12945.349596
11473   746468   9933   12944.407480
11561   746468   9933   12944.094337
11330   746468   9933   12942.975476
11009   746468   9933   12941.871552
10812   746468   9933   12941.211155
10883   746468   9933   12941.299577
11489   746468   9933   12940.201859
11545   746468   9933   12939.098205
11675   746468   9933   12938.199356
10749   746468   9933   12937.913305
11101   746468   9933   12936.831936
11327   746468   9933   12935.721072
20260   746468   9933   12934.998916
11333   746468   9933   12935.194915
11227   746468   9933   12934.078111
11319   746468   9933   12932.982729
11471   746468   9933   12931.875153
11019   746468   9933   12931.730642
11149   746468   9933   12930.611830
11446   746468   9933   12929.492908
10959   746468   9933   12928.490504
11420   746468   9933   12929.020192
11041   746468   9933   12927.912458
11289   746468   9933   12926.880110
11486   746468   9933   12925.778254
11580   746468   9933   12925.615622
11375   746468   9933   12924.535472
11127   746468   9933   12923.432942
11020   746468   9933   12922.348228
11389   746468   9933   12922.882213
11158   746468   9933   12921.765862
15140   746468   9933   12920.671730
10944   746468   9933   12919.543326
11449   746468   9933   12919.418742
10978   746468   9933   12918.338305
11978   746468   9933   12917.249923
11492   746468   9933   12916.126738
11406   746468   9933   12916.634765
10916   746468   9933   12915.576443
11391   746468   9933   12914.527079
15647   746468   9933   12913.498252
10991   746468   9933   12913.537757
11432   746468   9933   12912.447252
11155   746468   9933   12911.371889
11107   746468   9933   12910.347917
11148   746468   9933   12910.844221
10970   746468   9933   12909.751202
11190   746468   9933   12908.662261
11354   746468   9933   12907.790858
11034   746468   9933   12907.680756
11070   746468   9933   12906.558596
11210   746468   9933   12905.505589
11046   746468   9933   12904.482059
10902   746468   9933   12904.986504
11259   746468   9933   12903.875970
11182   746468   9933   12902.871515
11094   746468   9933   12901.799964
11134   746468   9933   12901.663059
11130   746468   9933   12900.589134
10933   746468   9933   12899.489604
11317   746468   9933   12898.385722
24105   746468   9933   12899.590237
12983   746468   9933   12900.242338
13069   746468   9933   12900.319085
12690   746468   9933   12900.325233
12534   746468   9933   12901.399595
13103   746468   9933   12901.466140
12921   746468   9933   12901.452491
12807   746468   9933   12901.365784
19045   746468   9933   12902.631662
12598   746468   9933   12902.708880
12494   746468   9933   12902.567563
12593   746468   9933   12902.366405
12251   746468   9933   12903.092336
12494   746468   9933   12902.983567
12414   746468   9933   12902.748656
12317   746468   9933   12902.450516
24207   746468   9933   12903.101138
12854   746468   9933   12903.391211
12309   746468   9933   12903.051656
11924   746468   9933   12903.697530
12471   746468   9933   12904.254887
11993   746468   9933   12903.848249
11943   746468   9933   12903.523939
12239   746468   9933   12903.060005
15283   746468   9933   12903.395942
12254   746468   9933   12903.689688
12109   746468   9933   12903.203297
11930   746468   9933   12902.675424
22016   746468   9933   12902.535474
12045   746468   9933   12902.610431
12236   746468   9933   12902.068707
11637   746468   9933   12901.523962
25844   746468   9933   12901.527361
11959   746468   9933   12901.876596
11705   746468   9933   12901.279425
11751   746468   9933   12900.741844
11774   746468   9933   12900.330891
11713   746468   9933   12900.509455
11875   746468   9933   12899.893195
11904   746468   9933   12899.323994
12102   746468   9933   12899.124968
11770   746468   9933   12899.628182
11700   746468   9933   12898.971488
11832   746468   9933   12898.292016
12259   746468   9933   12897.775524
11984   746468   9933   12897.848583
11793   746468   9933   12897.239733
11523   746468   9933   12896.727642
19903   746468   9933   12896.118670
11636   746468   9933   12896.810090
12029   746468   9933   12896.077406
11743   746468   9933   12895.321390
11307   746468   9933   12894.678876
11583   746468   9933   12894.864013
11886   746468   9933   12894.132130
11525   746468   9933   12893.374168
11730   746468   9933   12892.603724
11437   746468   9933   12893.391992
11696   746468   9933   12892.622648
11778   746468   9933   12891.817309
11582   746468   9933   12891.031689
12162   746468   9933   12891.159483
11666   746468   9933   12890.387585
11938   746468   9933   12889.592456
11779   746468   9933   12888.852936
11710   746468   9933   12889.531862
11643   746468   9933   12888.727768
11437   746468   9933   12887.937891
11716   746468   9933   12887.130238
11652   746468   9933   12887.218734
11623   746468   9933   12886.408014
11338   746468   9933   12885.577410
11704   746468   9933   12884.746168
11573   746468   9933   12885.466500
11513   746468   9933   12884.626514
11370   746468   9933   12883.791912
11756   746468   9933   12882.966975
11244   746468   9933   12883.191319
11483   746468   9933   12882.429264
11262   746468   9933   12881.625666
11243   746468   9933   12880.769150
11284   746468   9933   12881.474925
11362   746468   9933   12880.619629
11639   746468   9933   12879.826138
11672   746468   9933   12879.005768
11425   746468   9933   12879.054540
11185   746468   9933   12878.197129
11473   746468   9933   12877.366411
12007   746468   9933   12876.511368
11803   746468   9933   12877.197351
11220   746468   9933   12876.364184
11347   746468   9933   12875.588307
11530   746468   9933   12874.725275
11608   746468   9933   12874.078076
11494   746468   9933   12873.928867
11352   746468   9933   12873.091937
11302   746468   9933   12872.221063
11521   746468   9933   12872.932511
11240   746468   9933   12872.109718
11238   746468   9933   12871.251217
11490   746468   9933   12870.385283
12220   746468   9933   12870.423232
11169   746468   9933   12869.557738
11557   746468   9933   12868.697910
11297   746468   9933   12867.819526
23649   746468   9933   12868.228435
11093   746468   9933   12867.549727
11171   746468   9933   12866.899240
11347   746468   9933   12866.020790
11320   746468   9933   12866.029382
11268   746468   9933   12865.193074
11152   746468   9933   12864.379372
11057   746468   9933   12863.525630
11690   746468   9933   12863.462157
11058   746468   9933   12863.308786
11238   746468   9933   12862.509114
11084   746468   9933   12861.633700
11686   746468   9933   12861.634620
11576   746468   9933   12860.758001
11285   746468   9933   12859.899851
10960   746468   9933   12859.047356
11228   746468   9933   12858.982199
11475   746468   9933   12858.857132
11220   746468   9933   12858.022391
11553   746468   9933   12857.146135
18469   746468   9933   12856.707922
11236   746468   9933   12856.392491
11473   746468   9933   12855.529369
11580   746468   9933   12854.729100
18045   746468   9933   12854.626274
11757   746468   9933   12855.564615
11398   746468   9933   12854.858100
11418   746468   9933   12854.220652
11463   746468   9933   12853.659517
11926   746468   9933   12853.740979
11986   746468   9933   12853.008946
11905   746468   9933   12852.390073
11751   746468   9933   12852.067079
11407   746468   9933   12852.442212
11594   746468   9933   12851.738871
11633   746468   9933   12850.998661
11358   746468   9933   12850.419315
11762   746468   9933   12850.375399
11654   746468   9933   12849.643147
11800   746468   9933   12848.899433
14716   746468   9933   12848.292001
11356   746468   9933   12848.901658
12074   746468   9933   12848.152044
11949   746468   9933   12847.447172
11912   746468   9933   12846.733240
11498   746468   9933   12846.879454
11549   746468   9933   12846.129120
11381   746468   9933   12845.385235
11291   746468   9933   12844.622099
11717   746468   9933   12845.360469
11430   746468   9933   12844.624271
11551   746468   9933   12843.937787
11283   746468   9933   12843.214743
12088   746468   9933   12843.445171
11314   746468   9933   12842.711721
12095   746468   9933   12841.975364
11375   746468   9933   12841.231320
11858   746468   9933   12841.935474
12295   746468   9933   12841.176963
11296   746468   9933   12840.438373
11579   746468   9933   12839.685278
11570   746468   9933   12839.785765
11592   746468   9933   12839.281584
11460   746468   9933   12838.646040
11794   746468   9933   12837.892234
11377   746468   9933   12838.575709
11520   746468   9933   12837.888027
11619   746468   9933   12837.142063
11522   746468   9933   12836.363218
11727   746468   9933   12836.566386
11687   746468   9933   12835.808409
11603   746468   9933   12835.060965
11698   746468   9933   12834.356330
11660   746468   9933   12835.015407
11562   746468   9933   12834.256284
11586   746468   9933   12833.521460
11119   746468   9933   12832.750786
11505   746468   9933   12832.849791
11593   746468   9933   12832.084352
11676   746468   9933   12831.405180
11548   746468   9933   12830.628461
11281   746468   9933   12830.997120
11580   746468   9933   12830.585196
11588   746468   9933   12829.862364
12264   746468   9933   12829.125492
11523   746468   9933   12829.198835
11292   746468   9933   12828.425518
11652   746468   9933   12827.670812
11661   746468   9933   12826.911160
11285   746468   9933   12827.696175
11302   746468   9933   12826.949398
11239   746468   9933   12826.229930
11443   746468   9933   12825.463632
11330   746468   9933   12825.559313
11344   746468   9933   12824.821710
11645   746468   9933   12824.068063
11516   746468   9933   12823.288797
25348   746468   9933   12823.675172
11341   746468   9933   12823.247969
11443   746468   9933   12822.507970
11179   746468   9933   12821.774996
11746   746468   9933   12821.858970
11566   746468   9933   12821.103537
11223   746468   9933   12820.413151
11152   746468   9933   12819.642748
19089   746468   9933   12819.850993
11365   746468   9933   12819.543703
11492   746468   9933   12818.845605
11593   746468   9933   12818.071498
11437   746468   9933   12818.169793
11372   746468   9933   12817.402879
11896   746468   9933   12816.654902
11373   746468   9933   12815.927654
11413   746468   9933   12815.883368
11545   746468   9933   12815.836033
11387   746468   9933   12815.112680
11642   746468   9933   12814.399459
22397   746468   9933   12814.324877
11723   746468   9933   12813.865794
11694   746468   9933   12813.175820
11516   746468   9933   12812.443301
26148   746468   9933   12812.321551
11683   746468   9933   12812.501927
11424   746468   9933   12811.764305
13958   746468   9933   12811.007535
11694   746468   9933   12810.470261
11795   746468   9933   12810.365619
11540   746468   9933   12809.616111
11558   746468   9933   12808.857698
11613   746468   9933   12808.533175
11370   746468   9933   12808.849834
11098   746468   9933   12808.137971
14400   746468   9933   12807.384882
11185   746468   9933   12806.853226
11261   746468   9933   12806.782473
11329   746468   9933   12806.950481
12179   746468   9933   12806.285867
20819   746468   9933   12805.807169
11215   746468   9933   12806.189322
11308   746468   9933   12805.463258
11401   746468   9933   12804.702761
11664   746468   9933   12804.033955
11713   746468   9933   12804.179398
11585   746468   9933   12803.431241
11808   746468   9933   12802.673620
11218   746468   9933   12801.910928
11508   746468   9933   12802.556484
11236   746468   9933   12801.832018
11657   746468   9933   12801.066280
11749   746468   9933   12800.320843
11159   746468   9933   12800.476352
11313   746468   9933   12799.730713
11513   746468   9933   12798.979063
11123   746468   9933   12798.224142
11521   746468   9933   12798.857880
11602   746468   9933   12798.153241
11760   746468   9933   12797.421962
11968   746468   9933   12796.660339
11170   746468   9933   12796.714830
11187   746468   9933   12795.981416
11379   746468   9933   12795.241525
11551   746468   9933   12794.492147
15292   746468   9933   12795.083696
11723   746468   9933   12794.353854
11524   746468   9933   12793.730800
19545   746468   9933   12794.044589
