11,02
11,05
10,96
11,02
11,02
10,78
11,29
11,02
11,02
10,96
11,02
11,02
11,02
11,02
11,02
10,78
10,78
11,02
11,05
11,26
11,05
11,05
11,29
11,05
11,02
10,78
11,05
10,78
10,99
10,75
10,54
10,75
11,02
10,99
10,54
10,54
10,99
11,02
10,78
10,54
10,78
11,02
10,99
10,75
10,54
10,54
11,02
10,99
11,02
10,54
10,51
10,99
10,99
10,54
10,54
10,99
11,02
11,02
10,78
10,78
10,78
11,02
10,78
10,51
10,99
10,99
11,02
10,54
10,75
10,99
11,02
10,75
10,54
10,99
11,02
10,78
10,54
10,78
11,02
11,02
10,75
10,54
10,99
11,02
10,78
10,54
11,02
10,99
11,02
10,78
10,54
10,78
11,02
11,02
10,54
10,51
11,02
11,02
10,78
10,54
11,02
11,02
10,78
10,54
11,02
10,99
11,02
10,51
10,54
11,02
10,99
10,75
10,78
10,78
11,02
10,99
10,78
10,51
10,78
10,99
10,78
10,78
10,75
11,02
10,75
10,78
10,75
10,78
10,75
10,78
11,02
10,75
10,99
10,78
10,78
11,02
10,75
11,02
10,78
10,78
10,75
10,75
10,78
10,75
11,02
10,99
10,75
10,75
10,75
11,02
10,78
10,51
10,78
10,99
10,78
10,75
10,78
10,75
11,02
10,78
10,78
10,75
10,75
11,02
10,78
10,99
10,75
10,78
10,75
10,75
10,78
10,78
10,99
10,78
10,75
10,78
11,02
10,78
10,99
10,78
10,78
10,75
10,75
10,78
10,75
10,78
10,78
11,02
10,78
10,51
11,02
11,02
10,78
11,02
11,05
11,02
10,99
11,02
11,02
10,99
10,51
10,78
10,78
11,02
10,75
11,02
10,99
10,51
10,78
11,02
10,78
11,02
10,54
10,78
10,75
11,02
10,99
11,02
10,99
10,75
