100
100
100
100
100
100
100
100
100
100
100
100
100
100
100
100
100
100
100
100
100
100
100
100
100
100
100
100
99,5
100
7,83
8,08
8,29
8,04
10,86
7,85
7,59
10,05
8,1
7,34
9,37
23,48
7,81
29,95
9,14
8,35
8,06
8,59
7,81
7,83
8,33
7,58
8,33
14,61
7,56
17,42
7,83
8,31
7,87
7,59
7,83
8,12
7,59
7,34
8,33
13,52
8,08
9,11
8,33
7,11
8,29
8,12
7,83
8,35
8,59
7,61
7,83
13,6
7,83
7,58
11,36
9,64
7,58
7,61
10,1
7,32
7,81
7,58
7,81
7,58
8,82
7,81
7,83
16,88
7,04
8,38
7,81
9,62
8,56
7,59
14,9
8,08
9,37
7,58
7,59
7,85
8,04
8,06
7,58
8,1
86,29
21,88
45,5
61,01
45,59
55,3
20,3
23,25
32,23
20,6
20
21,45
21
18,99
20,25
20,76
21,27
22,53
20,2
21,52
20,3
19,44
21,21
19,49
21,11
26,28
21,46
21,52
20,66
22,28
20,36
21,77
18,62
34,26
20
20,3
20,85
20,92
21,3
20,61
20,61
20,96
19,44
20,36
22,98
21,59
21,66
19,64
19,74
21,21
24,94
21,86
20,56
20,81
22,42
22,45
22,61
21,32
31,06
19,54
25,38
19,54
19,75
19,7
18,73
20,91
20,41
21,8
22,08
20,36
21,12
21,63
21,21
27,09
20,96
18,54
21,72
20,36
23,04
27,09
22,34
23,41
23,02
30,96
21,21
21,55
20,81
20,81
20,56
22,51
21,32
22,28
18,6
19,85
21,77
20,96
27,53
21,07
21,21
19,34
22,84
21,17
21,83
21,54
21,57
22,34
22,22
21,17
35,7
22,53
20
22,31
20,36
27,27
18,25
22,9
19,13
19,9
