Act   Max   Min   Avg
0   0   0   -nan
46576   7635306   12596   683433.154000
22235   8470378   10967   650376.594703
15082   8470378   10967   735745.060313
32512   538844309   10967   37417188.386727
37455   538844309   10411   30059310.674720
36914   538844309   10411   42289303.014481
24211   538844309   10411   36344285.669333
33863   538844309   10411   44591297.350873
36873   538844309   10411   39625176.457567
20228   538844309   10411   35676218.812687
30007   538844309   9787   32444350.574460
24954   538844309   8649   29748722.741477
26318   538844309   8587   27515462.395501
9809   538844309   8566   25690478.141380
8904   538844309   8566   24147143.086777
19951   538844309   8566   22770433.790991
15606   538844309   8566   21482143.395173
8934   538844309   8359   20291195.374972
22169   538844309   8359   19229840.810700
330160   538844309   8359   18308071.060166
12963   538844309   8359   17492282.458817
8655   538844309   8359   16721046.914472
11715   538844309   8359   16032910.693511
16239   538844309   7520   15366157.721658
8778   538844309   7520   14790051.152549
11477   538844309   7520   14223514.876325
8791   538844309   7520   13700613.197425
8748   538844309   7488   13220084.465732
11811   538844309   7467   12769702.675428
11473   538844309   7467   12351098.851210
18865   538844309   7467   11957976.129556
25242   538844309   7467   11585137.180992
8632   538844309   7467   11235050.878985
29071   538844309   7467   10905467.133063
14426   538844309   7467   10594616.110508
12185   538844309   7467   10300910.523412
9486   538844309   7467   10023055.150720
9124   538844309   7467   9772239.568145
9176   538844309   7467   9522113.134592
8766   538844309   7467   9284505.049089
17822   538844309   7467   9058306.052669
8065   538844309   7467   8843035.432643
35656   538844309   7467   8637855.079991
32121   538844309   7467   8442156.667840
8376   538844309   7467   8255208.188208
10741   538844309   7467   8076084.813144
38055   538844309   7467   7904665.553455
8789   538844309   7467   7740459.263793
9112   538844309   7467   7583011.345870
9334   538844309   7467   7431808.840756
8338   538844309   7467   7286625.162806
8308   538844309   7467   7146962.339900
8286   538844309   7467   7012335.941129
8945   538844309   7467   6882747.174974
8529   538844309   7467   6757852.863277
25406   538844309   7467   6637116.518132
28446   538844309   7467   6516542.061901
26540   538844309   7467   6403945.637777
16807   538844309   7467   6296031.920400
30452   538844309   7467   6191935.897059
18380   538844309   7467   6091018.138058
25959   538844309   7467   5987797.161198
25349   538844309   7467   5892024.846095
16890   538844309   7467   5799450.513877
27793   538844309   7467   5710533.236402
28625   538844309   7467   5624606.916312
26064   538844309   7467   5540428.973417
19500   538844309   7467   5459625.458825
23865   538844309   7467   5380499.476060
21504   538844309   7467   5304172.839844
12759   538844309   7467   5229990.367419
8419   538844309   7467   5157885.875405
42565   538844309   7467   5088014.316378
29847   538844309   7467   5019780.431315
21943   538844309   7467   4953292.069487
13645   538844309   7467   4888554.222340
8620   538844309   7467   4825524.379084
33194   538844309   7467   4764115.577730
13669   538844309   7467   4704165.268354
13312   538844309   7467   4645706.711599
16139   538844309   7467   4588684.897431
13517   538844309   7467   4533004.731833
14581   538844309   7467   4478712.275942
13378   538844309   7467   4425720.092606
8966   538844309   7467   4373954.762639
8367   538844309   7467   4323341.934312
15988   538844309   7467   4273909.412317
9379   538844309   7467   4225578.304462
8410   538844309   7467   4178347.000056
9335   538844309   7467   4132163.193924
9171   538844309   7467   4086984.552146
9479   538844309   7467   4042778.255231
8744   538844309   7467   3999518.297913
8387   538844309   7467   3957137.058145
8634   538844309   7467   3915678.330844
9324   538844309   7467   3875097.811479
8373   538844309   7467   3835368.182631
9142   538844309   7467   3796428.723553
8565   538844309   7467   3758272.557754
8563   538844309   7467   3720878.059114
8881   538844309   7467   3684219.156034
19437   538844309   7467   3648282.490401
13056   538844309   7467   3613040.785234
8640   538844309   7467   3578467.614563
8728   538844309   7467   3544514.861660
14362   538844309   7467   3511248.006573
27709   538844309   7467   3478624.470396
9266   538844309   7467   3446577.405778
32296   538844309   7467   3415136.217359
9148   538844309   7467   3384277.289899
11319   538844309   7467   3353960.823646
14443   538844309   7467   3324186.763817
9288   538844309   7467   3294931.876401
9486   538844309   7467   3266186.233684
10244   538844309   7467   3237962.891707
8901   538844309   7467   3210207.391680
29844   538844309   7467   3182887.621214
21030   538844309   7467   3156126.121880
9307   538844309   7467   3129756.721916
24115   538844309   7467   3103868.528636
10743   538844309   7467   3078383.670828
10327   538844309   7467   3053287.683702
17701   538844309   7467   3028607.163753
9965   538844309   7467   3004316.644101
32663   538844309   7467   2980450.210443
31710   538844309   7467   2957048.486383
30558   538844309   7467   2934058.642733
36426   538844309   7467   2911387.110320
13101   538844309   7467   2888956.005550
12320   538844309   7467   2866906.419263
19309   538844309   7467   2845269.768081
24395   538844309   7467   2823979.426903
35178   538844309   7467   2803007.750595
29335   538844309   7467   2782339.416223
47010   538844309   7467   2762005.798598
33249   538844309   7467   2741953.981953
33916   538844309   7467   2722206.775712
37564   538844309   7467   2702751.003705
28249   538844309   7467   2683548.317196
55075   538844309   7467   2664646.665523
24426   538844309   7467   2645986.780907
20337   538844309   7467   2627612.807841
37664   538844309   7467   2609462.270196
34440   538844309   7467   2591602.419147
25180   538844309   7467   2573968.614319
30745   538844309   7467   2556587.641955
29977   538844309   7467   2539449.825336
35242   538844309   7467   2522485.419706
28061   538844309   7467   2505808.683120
36167   538844309   7467   2489354.504297
40504   538844309   7467   2473117.725576
18483   538844309   7467   2457044.182293
16592   538844309   7467   2441167.291134
9985   538844309   7467   2425434.187437
49160   538844309   7467   2409941.939612
32728   538844309   7467   2394667.002356
9204   538844309   7467   2379518.716358
24411   538844309   7467   2364590.583812
9108   538844309   7467   2349852.192818
10112   538844309   7467   2335276.058167
9228   538844309   7467   2320935.206846
9884   538844309   7467   2306758.568922
9080   538844309   7467   2292740.733978
14387   538844309   7467   2278885.146043
9160   538844309   7467   2265154.821417
9768   538844309   7467   2251575.532275
24850   538844309   7467   2238198.553809
16626   538844309   7467   2224994.739223
9550   538844309   7467   2211952.490092
9407   538844309   7467   2199085.632825
11030   538844309   7467   2186346.624894
23151   538844309   7467   2173795.102791
36058   538844309   7467   2161386.097002
9522   538844309   7467   2149088.573930
12085   538844309   7467   2136922.489627
21640   538844309   7467   2124939.451709
16565   538844309   7467   2113103.170490
9187   538844309   7467   2101346.052117
10072   538844309   7467   2089780.205598
9046   538844309   7467   2078339.190030
33858   538844309   7467   2066973.897370
9168   538844309   7467   2055769.017836
9857   538844309   7467   2044634.647058
9221   538844309   7467   2033607.357877
9295   538844309   7467   2022702.012467
9242   538844309   7467   2011911.102935
13642   538844309   7467   2001245.323395
13940   538844309   7467   1990697.920776
8961   538844309   7467   1980235.262706
8934   538844309   7467   1969928.788282
9116   538844309   7467   1959676.930560
8850   538844309   7467   1949545.221346
8891   538844309   7467   1939503.011542
8821   538844309   7467   1929564.576325
9080   538844309   7467   1919728.070594
8837   538844309   7467   1910012.696007
9250   538844309   7467   1900375.289735
8969   538844309   7467   1890835.010892
8819   538844309   7467   1881394.735137
8715   538844309   7467   1872057.638056
9251   538844309   7467   1862803.917313
8794   538844309   7467   1853637.666381
8665   538844309   7467   1844561.369061
8761   538844309   7467   1835595.729003
8881   538844309   7467   1826696.750785
8570   538844309   7467   1817884.088543
8919   538844309   7467   1809156.204492
8827   538844309   7467   1800524.585747
8901   538844309   7467   1791962.438537
8635   538844309   7467   1783482.095849
9023   538844309   7467   1775074.458349
18979   538844309   7467   1766767.920176
9021   538844309   7467   1758531.768138
8986   538844309   7467   1750365.997545
9107   538844309   7467   1742275.608307
8422   538844309   7467   1734273.278604
9447   538844309   7467   1726331.458583
8983   538844309   7467   1718462.607579
8906   538844309   7467   1710665.376691
8605   538844309   7467   1702950.201896
9077   538844309   7467   1695304.260988
8915   538844309   7467   1687709.478544
8943   538844309   7467   1680190.223647
25010   538844309   7467   1672752.602597
8900   538844309   7467   1665374.261680
8873   538844309   7467   1658053.166061
9184   538844309   7467   1650797.968634
9353   538844309   7467   1643613.384238
8899   538844309   7467   1636495.192476
8971   538844309   7467   1629427.236771
8988   538844309   7467   1622420.178035
8940   538844309   7467   1615475.295640
9173   538844309   7467   1608597.353871
8700   538844309   7467   1601761.576076
8758   538844309   7467   1594990.927863
8744   538844309   7467   1588281.797899
8886   538844309   7467   1581639.825107
9098   538844309   7467   1575039.965406
8831   538844309   7467   1568494.140733
40539   538844309   7467   1562006.906706
8740   538844309   7467   1555579.100792
8883   538844309   7467   1549194.763962
8678   538844309   7467   1542863.104766
8804   538844309   7467   1536583.255598
8826   538844309   7467   1530365.364921
8699   538844309   7467   1524187.120721
8766   538844309   7467   1518058.960201
8814   538844309   7467   1511980.579824
8591   538844309   7467   1505960.817840
8806   538844309   7467   1499978.710155
8845   538844309   7467   1494044.547329
8899   538844309   7467   1488157.354254
8784   538844309   7467   1482333.479927
9052   538844309   7467   1476539.718224
8893   538844309   7467   1470790.835142
8675   538844309   7467   1465086.153204
9016   538844309   7467   1459430.979002
13177   538844309   7467   1453814.871567
9294   538844309   7467   1448243.171140
8546   538844309   7467   1442713.650071
9041   538844309   7467   1437242.479008
8910   538844309   7467   1431796.439957
8819   538844309   7467   1426392.487693
9083   538844309   7467   1421028.560145
8683   538844309   7467   1415715.918792
8595   538844309   7467   1410432.386840
8520   538844309   7467   1405188.669794
9989   538844309   7467   1399978.803245
8901   538844309   7467   1394828.213545
8789   538844309   7467   1389700.577496
8945   538844309   7467   1384610.985643
8758   538844309   7467   1379558.520571
8983   538844309   7467   1374553.579126
9271   538844309   7467   1369574.420371
8614   538844309   7467   1364631.440201
8748   538844309   7467   1359723.964920
8822   538844309   7467   1354867.949553
9023   538844309   7467   1350031.412142
9350   538844309   7467   1345229.495742
8830   538844309   7467   1340456.940579
8812   538844309   7467   1335725.186635
8898   538844309   7467   1331032.873118
8665   538844309   7467   1326365.878672
8697   538844309   7467   1321731.366374
34107   538844309   7467   1317143.863125
8880   538844309   7467   1312575.424190
8769   538844309   7467   1308037.507978
8701   538844309   7467   1303530.998577
9067   538844309   7467   1299065.239729
8685   538844309   7467   1294620.611619
8774   538844309   7467   1290202.384257
8728   538844309   7467   1285818.466526
8602   538844309   7467   1281471.541456
8653   538844309   7467   1277154.767874
8875   538844309   7467   1272860.280970
8830   538844309   7467   1268594.384884
22515   538844309   7467   1264362.899016
8678   538844309   7467   1260166.994219
8761   538844309   7467   1256014.170070
9414   538844309   7467   1251864.362146
20551   538844309   7467   1247741.340998
10150   538844309   7467   1243650.890006
9202   538844309   7467   1239580.492459
9175   538844309   7467   1235536.230142
9153   538844309   7467   1231519.753362
9017   538844309   7467   1227535.422692
8880   538844309   7467   1223570.432745
8786   538844309   7467   1219795.490643
9747   538844309   7467   1216394.997879
8754   538844309   7467   1212514.899447
8615   538844309   7467   1208648.652981
11935   538844309   7467   1204817.180873
43018   538844309   7467   1200998.101460
8881   538844309   7467   1197213.445765
8899   538844309   7467   1193444.681797
8851   538844309   7467   1189699.754305
8846   538844309   7467   1185978.497598
8697   538844309   7467   1182293.814673
8944   538844309   7467   1178619.144590
8751   538844309   7467   1174967.033261
8938   538844309   7467   1171338.043440
9420   538844309   7467   1167739.712013
10407   538844309   7467   1164155.163449
8785   538844309   7467   1160589.327425
8613   538844309   7467   1157049.027734
8686   538844309   7467   1153546.025062
8731   538844309   7467   1150052.044804
9086   538844309   7467   1146576.728694
8625   538844309   7467   1143122.068740
8801   538844309   7467   1139696.093517
8777   538844309   7467   1136282.796834
8903   538844309   7467   1132890.488600
8867   538844309   7467   1129519.154873
9488   538844309   7467   1126180.040808
8919   538844309   7467   1122848.096019
8597   538844309   7467   1119532.901843
8798   538844309   7467   1116240.569775
8953   538844309   7467   1112975.308697
8705   538844309   7467   1109721.200432
8678   538844309   7467   1106486.405672
8802   538844309   7467   1103270.844931
8634   538844309   7467   1100088.383791
9856   538844309   7467   1096911.518690
8616   538844309   7467   1093752.163069
8725   538844309   7467   1090610.595088
8998   538844309   7467   1087495.416078
8651   538844309   7467   1084386.837695
8504   538844309   7467   1081299.458026
8375   538844309   7467   1078229.868353
8499   538844309   7467   1075189.881683
8845   538844309   7467   1072155.530238
8555   538844309   7467   1069138.281655
9258   538844309   7467   1066137.722475
9223   538844309   7467   1063161.638127
8620   538844309   7467   1060194.625962
8967   538844309   7467   1057244.323152
13880   538844309   7467   1054310.801682
16753   538844309   7467   1051405.500423
9346   538844309   7467   1048501.337831
8978   538844309   7467   1045617.840705
8848   538844309   7467   1042748.893926
9017   538844309   7467   1039902.821025
9807   538844309   7467   1037065.270154
8904   538844309   7467   1034243.316179
9071   538844309   7467   1031436.862996
29981   538844309   7467   1028651.288330
8996   538844309   7467   1025881.161112
9036   538844309   7467   1023120.697227
8741   538844309   7467   1020374.758744
25121   538844309   7467   1017646.986995
8772   538844309   7467   1014931.753674
9560   538844309   7467   1012230.033227
8835   538844309   7467   1009542.785749
37900   538844309   7467   1006875.879326
8980   538844309   7467   1004222.451055
8785   538844309   7467   1001577.906106
8840   538844309   7467   998947.404026
8901   538844309   7467   996331.981469
8744   538844309   7467   993735.466576
8837   538844309   7467   991145.882253
8800   538844309   7467   988567.753937
8742   538844309   7467   986008.144936
8733   538844309   7467   983467.778262
9395   538844309   7467   980932.382321
8635   538844309   7467   978410.192378
8800   538844309   7467   975901.599306
8534   538844309   7467   973410.859296
9206   538844309   7467   970927.214264
8726   538844309   7467   968456.495381
29829   538844309   7467   965998.591543
8823   538844309   7467   963563.381702
8727   538844309   7467   961130.145225
11386   538844309   7467   958707.013076
8446   538844309   7467   956298.572314
8488   538844309   7467   953908.731181
8664   538844309   7467   951524.529032
8383   538844309   7467   949152.383400
8599   538844309   7467   946798.667531
14516   538844309   7467   944461.329316
8785   538844309   7467   942124.389313
8928   538844309   7467   939799.455541
8865   538844309   7467   937485.572375
8778   538844309   7467   935188.006292
8836   538844309   7467   932897.233135
8833   538844309   7467   930618.001848
9059   538844309   7467   928349.890903
8838   538844309   7467   926103.317031
8938   538844309   7467   923856.906309
9330   538844309   7467   921622.923604
8777   538844309   7467   919398.543470
8846   538844309   7467   917191.939925
8944   538844309   7467   914989.576784
9054   538844309   7467   912798.073172
8909   538844309   7467   910617.038099
9374   538844309   7467   908454.964765
8854   538844309   7467   906294.572477
8803   538844309   7467   904144.711345
8686   538844309   7467   902005.055990
10465   538844309   7467   899882.051172
8983   538844309   7467   897763.789611
8638   538844309   7467   895654.290762
8784   538844309   7467   893554.576485
8731   538844309   7467   891472.984541
8744   538844309   7467   889395.764065
8697   538844309   7467   887326.504549
8924   538844309   7467   885264.059685
8858   538844309   7467   883220.331510
8632   538844309   7467   881179.288217
9016   538844309   7467   879148.103742
8836   538844309   7467   877125.970126
31711   538844309   7467   875123.160789
8821   538844309   7467   873120.027050
8835   538844309   7467   871125.915032
9337   538844309   7467   869141.005492
8852   538844309   7467   867171.686639
8728   538844309   7467   865204.863966
8857   538844309   7467   863247.372673
8829   538844309   7467   861296.769595
8580   538844309   7467   859361.592541
12477   538844309   7467   857435.601955
9024   538844309   7467   855513.419570
8808   538844309   7467   853599.520721
16557   538844309   7467   851698.616596
11064   538844309   7467   849803.903070
8729   538844309   7467   847914.995128
8945   538844309   7467   846034.189375
8525   538844309   7467   844166.305455
9258   538844309   7467   842307.856449
8452   538844309   7467   840452.268914
8100   538844309   7467   838602.947894
8105   538844309   7467   836764.812618
8143   538844309   7467   834938.901395
8117   538844309   7467   833115.877667
8259   538844309   7467   831300.881705
11837   538844309   7467   829496.078572
8393   538844309   7467   827704.724554
8369   538844309   7467   825914.176320
8174   538844309   7467   824130.995201
8448   538844309   7467   822356.400376
11062   538844309   7467   820593.559773
8278   538844309   7467   818831.833386
8225   538844309   7467   817079.382927
28495   538844309   7467   815334.817459
9103   538844309   7467   813606.528799
9048   538844309   7467   811876.927126
8355   538844309   7467   810154.538022
8427   538844309   7467   808439.765773
8237   538844309   7467   806738.126431
9513   538844309   7467   805038.407603
8847   538844309   7467   803345.269265
8661   538844309   7467   801659.757340
8490   538844309   7467   799992.438356
8460   538844309   7467   798319.339424
8435   538844309   7467   796655.047843
8518   538844309   7467   794997.772483
8436   538844309   7467   793352.890406
8505   538844309   7467   791709.299426
8520   538844309   7467   790072.737220
8626   538844309   7467   788443.248427
8424   538844309   7467   786830.490076
8436   538844309   7467   785214.399271
8449   538844309   7467   783605.048260
8583   538844309   7467   782002.187151
8602   538844309   7467   780411.187508
8692   538844309   7467   778819.992736
8572   538844309   7467   777236.801125
8849   538844309   7467   775660.344747
8675   538844309   7467   774099.003144
8537   538844309   7467   772535.059325
10875   538844309   7467   770977.667847
8443   538844309   7467   769426.381499
10263   538844309   7467   767887.192280
8689   538844309   7467   766348.584562
9393   538844309   7467   764816.379459
8547   538844309   7467   763290.116850
9131   538844309   7467   761777.276861
8563   538844309   7467   760263.681783
8726   538844309   7467   758756.520857
8723   538844309   7467   757254.776525
8826   538844309   7467   755770.174609
8773   538844309   7467   754280.387599
8705   538844309   7467   752796.580057
8869   538844309   7467   751318.704794
31709   538844309   7467   749852.798020
8569   538844309   7467   748388.853678
8666   538844309   7467   746928.766657
8540   538844309   7467   745472.408589
8632   538844309   7467   744028.406516
8638   538844309   7467   742584.972006
8850   538844309   7467   741147.468246
8639   538844309   7467   739715.422554
8724   538844309   7467   738293.458899
8688   538844309   7467   736876.570735
8588   538844309   7467   735461.418718
8636   538844309   7467   734051.595426
30059   538844309   7467   732650.863617
8609   538844309   7467   731254.052480
8578   538844309   7467   729859.054447
8697   538844309   7467   728471.056862
14781   538844309   7467   727092.252853
8727   538844309   7467   725719.154193
8668   538844309   7467   724347.180626
8720   538844309   7467   722980.410310
8555   538844309   7467   721619.505454
8578   538844309   7467   720267.237052
8622   538844309   7467   718915.968731
8362   538844309   7467   717569.541734
9014   538844309   7467   716230.185494
8361   538844309   7467   714901.381979
9086   538844309   7467   713569.146904
9188   538844309   7467   712244.064708
29386   538844309   7467   710923.507419
8580   538844309   7467   709611.796998
8522   538844309   7467   708300.546538
9523   538844309   7467   706994.196022
8375   538844309   7467   705692.681483
51216   538844309   7467   704404.314767
8549   538844309   7467   703112.691185
8591   538844309   7467   701827.104140
8564   538844309   7467   700547.213620
10266   538844309   7467   699275.019644
9591   538844309   7467   698003.474604
9653   538844309   7467   696736.548311
9360   538844309   7467   695474.050681
9373   538844309   7467   694224.420438
9370   538844309   7467   692971.088693
9869   538844309   7467   691722.880969
9368   538844309   7467   690478.733421
9370   538844309   7467   689244.123420
9462   538844309   7467   688008.692832
9672   538844309   7467   686777.841682
9110   538844309   7467   685550.295138
9401   538844309   7467   684336.472295
9082   538844309   7467   683118.963314
9147   538844309   7467   681906.046704
9033   538844309   7467   680696.996086
9211   538844309   7467   679497.517069
9028   538844309   7467   678297.019371
8732   538844309   7467   677101.601566
9064   538844309   7467   675909.544722
8869   538844309   7467   674729.499673
9037   538844309   7467   673546.039655
9210   538844309   7467   672367.088647
8825   538844309   7467   671190.870132
8800   538844309   7467   670025.256351
8951   538844309   7467   668858.296215
9183   538844309   7467   667695.700322
8863   538844309   7467   666536.822808
30565   538844309   7467   665388.029160
8839   538844309   7467   664241.508638
8993   538844309   7467   663095.250721
8881   538844309   7467   661952.678323
23625   538844309   7467   660817.210874
8875   538844309   7467   659684.100206
8536   538844309   7467   658552.371203
8427   538844309   7467   657425.379584
20890   538844309   7467   656308.301669
8796   538844309   7467   655191.356642
9529   538844309   7467   654076.524869
8911   538844309   7467   652965.075778
8416   538844309   7467   651862.234540
8542   538844309   7467   650758.343159
10249   538844309   7467   649658.570381
9416   538844309   7467   648562.293856
8787   538844309   7467   647473.210020
9159   538844309   7467   646386.840022
8823   538844309   7467   645301.794006
9431   538844309   7467   644220.262106
32960   538844309   7467   643145.704979
8946   538844309   7467   642073.480984
8813   538844309   7467   641003.193424
8914   538844309   7467   639936.261503
32905   538844309   7467   638875.884069
8965   538844309   7467   637820.445415
8890   538844309   7467   636764.739346
9016   538844309   7467   635712.187804
9122   538844309   7467   634663.818235
9342   538844309   7467   633621.204140
8835   538844309   7467   632579.252171
8732   538844309   7467   631541.644664
23442   538844309   7467   630508.247191
8985   538844309   7467   629482.397974
9293   538844309   7467   628459.451568
9306   538844309   7467   627435.191076
9002   538844309   7467   626416.263202
9167   538844309   7467   625402.914060
9162   538844309   7467   624387.675678
9769   538844309   7467   623549.706521
9114   538844309   7467   622711.789645
9630   538844309   7467   621714.015000
8940   538844309   7467   620712.327349
9036   538844309   7467   619714.178814
8970   538844309   7467   618719.295485
9178   538844309   7467   617731.635506
9224   538844309   7467   616742.953910
9031   538844309   7467   615757.367549
8924   538844309   7467   614775.080184
8882   538844309   7467   613803.184661
8601   538844309   7467   612826.204435
11146   538844309   7467   611853.356787
8555   538844309   7467   610883.605980
8533   538844309   7467   609921.126473
8498   538844309   7467   608957.656318
8695   538844309   7467   607997.114630
8871   538844309   7467   607039.996598
9894   538844309   7467   606092.621853
8831   538844309   7467   605141.228686
8939   538844309   7467   604192.948908
9038   538844309   7467   603247.627541
10571   538844309   7467   602308.699256
9125   538844309   7467   601369.295859
9078   538844309   7467   600433.020501
8880   538844309   7467   599499.545899
9123   538844309   7467   598575.851036
9102   538844309   7467   597648.201633
9025   538844309   7467   596723.463859
9075   538844309   7467   595801.642945
8891   538844309   7467   594887.234665
8945   538844309   7467   593971.122957
11460   538844309   7467   593057.869745
9206   538844309   7467   592146.599649
9436   538844309   7467   591245.792754
8972   538844309   7467   590341.267819
9025   538844309   7467   589439.632152
8820   538844309   7467   588540.645500
10446   538844309   7467   587648.452796
9042   538844309   7467   586754.870263
8805   538844309   7467   585864.011372
9065   538844309   7467   584976.284959
26376   538844309   7467   584097.628546
8693   538844309   7467   583215.988779
8929   538844309   7467   582336.181342
8804   538844309   7467   581458.139002
8915   538844309   7467   580587.873137
8981   538844309   7467   579716.028100
8903   538844309   7467   578846.737913
8819   538844309   7467   577980.168345
8827   538844309   7467   577119.358242
8749   538844309   7467   576261.454773
8859   538844309   7467   575403.521979
8842   538844309   7467   574547.351105
29791   538844309   7467   573695.772244
8881   538844309   7467   572846.725842
8626   538844309   7467   571997.312917
8475   538844309   7467   571151.475534
8520   538844309   7467   570309.351250
8625   538844309   7467   569473.718482
8869   538844309   7467   568635.474787
8573   538844309   7467   567799.736375
9121   538844309   7467   566966.940582
8521   538844309   7467   566139.343573
9498   538844309   7467   565310.880284
8813   538844309   7467   564485.048585
10420   538844309   7467   563662.718199
8340   538844309   7467   562846.900811
8929   538844309   7467   562027.531843
9015   538844309   7467   561211.436138
8898   538844309   7467   560397.549172
8976   538844309   7467   559590.407794
8962   538844309   7467   558781.286344
8959   538844309   7467   557974.554771
8875   538844309   7467   557170.228551
12082   538844309   7467   556374.925232
8974   538844309   7467   555575.207812
8898   538844309   7467   554778.046310
8631   538844309   7467   553983.112459
8902   538844309   7467   553193.158044
8871   538844309   7467   552402.788991
8868   538844309   7467   551614.699051
8766   538844309   7467   550828.976912
8685   538844309   7467   550051.806816
8869   538844309   7467   549270.442665
9077   538844309   7467   548491.655254
8782   538844309   7467   547714.959178
8751   538844309   7467   546944.378701
8754   538844309   7467   546172.076492
9966   538844309   7467   545402.166076
8740   538844309   7467   544633.738467
8866   538844309   7467   543874.068660
8797   538844309   7467   543110.676172
8769   538844309   7467   542349.469248
10409   538844309   7467   541590.337543
8898   538844309   7467   540837.439077
8765   538844309   7467   540082.501539
8949   538844309   7467   539333.844903
8948   538844309   7467   538583.163205
8949   538844309   7467   537840.714654
8903   538844309   7467   537094.359162
8505   538844309   7467   536349.674619
8822   538844309   7467   535607.561199
9367   538844309   7467   534871.630269
8495   538844309   7467   534133.525463
8609   538844309   7467   533397.727794
8654   538844309   7467   532663.719932
18876   538844309   7467   531936.087957
8520   538844309   7467   531208.173817
9027   538844309   7467   530480.562112
11611   538844309   7467   529754.855473
11231   538844309   7467   529034.678951
9128   538844309   7467   528313.005274
9055   538844309   7467   527593.547171
9323   538844309   7467   526875.917529
36118   538844309   7467   526163.694376
9246   538844309   7467   525452.509122
8930   538844309   7467   524741.035164
9003   538844309   7467   524030.996518
8877   538844309   7467   523326.942469
8821   538844309   7467   522620.900052
8857   538844309   7467   521916.974112
8836   538844309   7467   521214.934254
8876   538844309   7467   520517.709799
8948   538844309   7467   519821.933132
8956   538844309   7467   519125.598935
9008   538844309   7467   518431.067672
19322   538844309   7467   517740.561581
8787   538844309   7467   517052.011140
8730   538844309   7467   516363.384210
8874   538844309   7467   515676.421924
20601   538844309   7467   514992.930949
9052   538844309   7467   514314.252486
9182   538844309   7467   513633.086014
8802   538844309   7467   512953.433046
9408   538844309   7467   512275.427684
11335   538844309   7467   511602.459616
8878   538844309   7467   510928.347402
8644   538844309   7467   510256.021921
9314   538844309   7467   509586.604013
8603   538844309   7467   508923.098431
8891   538844309   7467   508256.247826
8945   538844309   7467   507591.220628
8589   538844309   7467   506927.835379
8668   538844309   7467   506269.670885
9532   538844309   7467   505609.789037
9314   538844309   7467   504951.010048
8833   538844309   7467   504294.582472
9039   538844309   7467   503645.844074
9049   538844309   7467   502992.943796
8949   538844309   7467   502341.936042
11011   538844309   7467   501692.628715
8554   538844309   7467   501048.314830
8972   538844309   7467   500402.257544
8836   538844309   7467   499757.921370
10093   538844309   7467   499115.166891
9266   538844309   7467   498479.873701
14252   538844309   7467   497840.620333
8867   538844309   7467   497202.614305
8988   538844309   7467   496566.566393
8728   538844309   7467   495935.949917
9201   538844309   7467   495303.453452
8853   538844309   7467   494672.498514
9028   538844309   7467   494043.220110
8889   538844309   7467   493421.037775
8892   538844309   7467   492794.803575
9570   538844309   7467   492170.265715
8870   538844309   7467   491547.368593
8836   538844309   7467   490929.508647
8808   538844309   7467   490309.017899
8776   538844309   7467   489690.988198
8767   538844309   7467   489074.294955
9129   538844309   7467   488465.697546
8976   538844309   7467   487852.221628
8742   538844309   7467   487240.406585
8679   538844309   7467   486630.029109
8766   538844309   7467   486024.701715
8680   538844309   7467   485417.417243
8830   538844309   7467   484811.977074
8628   538844309   7467   484207.775761
8677   538844309   7467   483610.073102
8869   538844309   7467   483009.075552
9038   538844309   7467   482409.785897
8790   538844309   7467   481811.716324
8808   538844309   7467   481218.493639
8782   538844309   7467   480623.530447
9049   538844309   7467   480030.044943
8758   538844309   7467   479438.134970
23943   538844309   7467   478850.493449
8678   538844309   7467   478264.060795
8685   538844309   7467   477676.601165
8570   538844309   7467   477089.865473
10662   538844309   7467   476508.535771
8817   538844309   7467   475925.413619
9013   538844309   7467   475344.008561
8968   538844309   7467   474763.788056
9501   538844309   7467   474187.305124
15509   538844309   7467   473613.162697
8942   538844309   7467   473037.278447
8932   538844309   7467   472466.465979
20434   538844309   7467   471894.839256
8960   538844309   7467   471325.046511
9045   538844309   7467   470754.207788
8803   538844309   7467   470185.550492
8915   538844309   7467   469619.190714
8890   538844309   7467   469057.405761
8896   538844309   7467   468492.731840
9354   538844309   7467   467929.422115
9102   538844309   7467   467368.009606
8846   538844309   7467   466810.163425
8839   538844309   7467   466250.927850
8926   538844309   7467   465693.220552
18373   538844309   7467   465137.331078
9539   538844309   7467   464586.375134
8759   538844309   7467   464032.613817
8723   538844309   7467   463480.302583
8854   538844309   7467   462929.217338
8915   538844309   7467   462382.797407
8891   538844309   7467   461834.364616
8893   538844309   7467   461287.313496
8728   538844309   7467   460741.455584
8973   538844309   7467   460202.606841
8716   538844309   7467   459659.364427
9038   538844309   7467   459117.922492
8628   538844309   7467   458576.900498
8631   538844309   7467   458040.828205
8902   538844309   7467   457502.780083
8984   538844309   7467   456966.236203
8830   538844309   7467   456430.756009
9184   538844309   7467   455901.921872
8750   538844309   7467   455369.148929
8861   538844309   7467   454844.636973
8965   538844309   7467   454320.668489
15218   538844309   7467   453805.150144
21392   538844309   7467   453295.269115
9773   538844309   7467   452787.382453
10234   538844309   7467   452275.795094
8960   538844309   7467   451759.756714
9061   538844309   7467   451243.800449
8604   538844309   7467   450727.729360
10193   538844309   7467   450209.605653
9125   538844309   7467   449695.948329
9480   538844309   7467   449180.851388
9254   538844309   7467   448666.831806
18827   538844309   7467   448155.340249
10263   538844309   7467   447651.964292
10416   538844309   7467   447144.186258
17647   538844309   7467   446653.122840
35242   538844309   7467   446157.897612
25627   538844309   7467   445675.444758
10308   538844309   7467   445185.664824
11870   538844309   7467   444684.556252
14357   538844309   7467   444186.170128
9796   538844309   7467   443686.572980
8828   538844309   7467   443186.147646
8934   538844309   7467   442686.988907
24803   538844309   7467   442190.793490
26742   538844309   7467   441714.969752
11311   538844309   7467   441233.393259
9118   538844309   7467   440754.302222
9253   538844309   7467   440259.819331
8912   538844309   7467   439768.913384
24316   538844309   7467   439278.959496
8471   538844309   7467   438787.455860
20667   538844309   7467   438297.000589
29069   538844309   7467   437810.620630
28746   538844309   7467   437330.875605
9274   538844309   7467   436863.827023
8225   538844309   7467   436378.197937
27814   538844309   7467   435896.539835
8756   538844309   7467   435415.798567
8160   538844309   7467   434933.670029
8833   538844309   7467   434453.490661
9542   538844309   7467   433974.920085
8324   538844309   7467   433504.377701
8424   538844309   7467   433038.801809
8321   538844309   7467   432567.194549
32431   538844309   7467   432103.119451
8083   538844309   7467   431636.051726
8172   538844309   7467   431164.250565
8323   538844309   7467   430691.980310
8343   538844309   7467   430220.836146
8098   538844309   7467   429753.503083
8187   538844309   7467   429284.392415
8358   538844309   7467   428816.102710
8735   538844309   7467   428348.865906
8379   538844309   7467   427887.890014
8378   538844309   7467   427422.973233
12688   538844309   7467   426959.760763
25772   538844309   7467   426500.468161
8276   538844309   7467   426042.567404
8389   538844309   7467   425581.562688
8293   538844309   7467   425121.893666
8867   538844309   7467   424663.405626
8434   538844309   7467   424210.740116
8173   538844309   7467   423753.997521
8677   538844309   7467   423298.248284
8477   538844309   7467   422843.492703
9158   538844309   7467   422392.417130
9122   538844309   7467   421939.799681
16281   538844309   7467   421601.387958
16308   538844309   7467   421451.551188
8924   538844309   7467   421304.175292
9050   538844309   7467   420854.832814
8631   538844309   7467   420406.213358
8996   538844309   7467   419958.749108
9110   538844309   7467   419515.147272
8913   538844309   7467   419069.428906
8979   538844309   7467   418624.696670
8643   538844309   7467   418180.472987
8736   538844309   7467   417742.301824
8771   538844309   7467   417300.350598
8956   538844309   7467   416859.457074
8833   538844309   7467   416419.159481
33471   538844309   7467   415983.104452
37759   538844309   7467   415544.641250
8607   538844309   7467   415107.466839
8543   538844309   7467   414671.181077
9008   538844309   7467   414240.778111
8503   538844309   7467   413806.533557
8578   538844309   7467   413372.754198
8494   538844309   7467   412940.243027
8553   538844309   7467   412511.498289
10598   538844309   7467   412081.040174
8598   538844309   7467   411651.307812
23028   538844309   7467   411222.453541
23813   538844309   7467   410796.830091
12494   538844309   7467   410372.554758
8569   538844309   7467   409946.423534
8838   538844309   7467   409521.233446
8682   538844309   7467   409100.006091
8422   538844309   7467   408676.679056
8470   538844309   7467   408254.030481
8364   538844309   7467   407832.501314
8524   538844309   7467   407414.077220
8438   538844309   7467   406996.845861
9021   538844309   7467   406577.991363
8314   538844309   7467   406160.110122
22104   538844309   7467   405744.198996
17997   538844309   7467   405330.166226
40221   538844309   7467   404914.917945
8587   538844309   7467   404500.739240
8778   538844309   7467   404088.564339
8407   538844309   7467   403679.731694
8395   538844309   7467   403267.431619
8412   538844309   7467   402856.526275
8683   538844309   7467   402446.728262
9068   538844309   7467   402040.208889
9030   538844309   7467   401631.892461
10378   538844309   7467   401224.684865
15655   538844309   7467   400820.583754
10040   538844309   7467   400421.003024
9392   538844309   7467   400018.319893
9123   538844309   7467   399615.814528
14384   538844309   7467   399213.993513
22120   538844309   7467   398816.073426
15921   538844309   7467   398415.581108
10432   538844309   7467   398016.001457
10096   538844309   7467   397617.301878
10116   538844309   7467   397224.091724
10052   538844309   7467   396826.816406
11694   538844309   7467   396430.345154
9821   538844309   7467   396034.632479
9810   538844309   7467   395642.620807
9577   538844309   7467   395248.960072
9737   538844309   7467   394855.660086
13806   538844309   7467   394463.084495
9633   538844309   7467   394075.797001
9865   538844309   7467   393684.872715
15210   538844309   7467   393294.783500
15687   538844309   7467   392905.147512
9342   538844309   7467   392519.370890
12605   538844309   7467   392131.392799
29752   538844309   7467   391744.251498
9154   538844309   7467   391357.617308
10139   538844309   7467   390976.851135
9205   538844309   7467   390591.903894
9268   538844309   7467   390207.729653
8970   538844309   7467   389823.980542
9073   538844309   7467   389444.515549
9106   538844309   7467   389062.772015
8987   538844309   7467   388681.580877
9106   538844309   7467   388301.017993
8987   538844309   7467   387925.915480
8990   538844309   7467   387546.991795
37715   538844309   7467   387168.928515
21310   538844309   7467   386791.388430
8948   538844309   7467   386417.525090
9007   538844309   7467   386041.656715
8585   538844309   7467   385666.255102
9903   538844309   7467   385291.858922
9468   538844309   7467   384922.772820
10068   538844309   7467   384549.866372
8963   538844309   7467   384177.623199
9343   538844309   7467   383806.236443
9227   538844309   7467   383438.180463
9012   538844309   7467   383068.166533
16878   538844309   7467   382698.807457
9435   538844309   7467   382330.279956
10471   538844309   7467   381964.691846
35737   538844309   7467   381600.252502
9068   538844309   7467   381234.123091
9152   538844309   7467   380871.608935
9044   538844309   7467   380509.498622
9149   538844309   7467   380145.427542
9010   538844309   7467   379781.919022
9029   538844309   7467   379418.968402
9032   538844309   7467   379059.019120
8955   538844309   7467   378700.033646
9074   538844309   7467   378339.575244
9011   538844309   7467   377979.733548
29238   538844309   7467   377621.048643
18456   538844309   7467   377264.855627
30019   538844309   7467   376906.892782
97729   538844309   7467   376549.678079
25278   538844309   7467   376194.143356
8722   538844309   7467   375841.513183
8764   538844309   7467   375486.416496
9255   538844309   7467   375132.007356
8735   538844309   7467   374778.654863
8596   538844309   7467   374427.977591
8750   538844309   7467   374075.659336
8889   538844309   7467   373723.943216
23198   538844309   7467   373373.280634
8782   538844309   7467   373026.760179
9563   538844309   7467   372677.102814
8872   538844309   7467   372328.089451
19638   538844309   7467   371979.725576
8660   538844309   7467   371634.699029
8691   538844309   7467   371288.000997
8750   538844309   7467   370941.791113
8605   538844309   7467   370596.019236
8738   538844309   7467   370255.593626
8659   538844309   7467   369911.410111
8778   538844309   7467   369567.956529
9279   538844309   7467   369224.580473
9916   538844309   7467   368884.963283
9284   538844309   7467   368543.481705
9019   538844309   7467   368202.469478
9681   538844309   7467   367862.068156
73256   538844309   7467   367526.782103
21529   538844309   7467   367187.544514
9453   538844309   7467   366849.086177
8907   538844309   7467   366511.355576
8915   538844309   7467   366177.447657
9272   538844309   7467   365841.076181
8486   538844309   7467   365505.294705
8789   538844309   7467   365169.665224
26729   538844309   7467   364839.065860
9399   538844309   7467   364505.596248
8834   538844309   7467   364172.427205
8980   538844309   7467   363839.609880
8761   538844309   7467   363510.290095
52022   538844309   7467   363178.901965
24176   538844309   7467   362848.026713
8922   538844309   7467   362517.814690
8918   538844309   7467   362192.471649
9019   538844309   7467   361863.708589
8744   538844309   7467   361535.203700
9051   538844309   7467   361207.358278
9038   538844309   7467   360882.717615
8707   538844309   7467   360556.640579
8703   538844309   7467   360230.798053
8815   538844309   7467   359905.492258
27513   538844309   7467   359585.171323
8962   538844309   7467   359261.234633
8860   538844309   7467   358937.807301
19589   538844309   7467   358614.834842
8790   538844309   7467   358295.013867
8691   538844309   7467   357973.343177
9355   538844309   7467   357651.912751
8906   538844309   7467   357331.404407
25729   538844309   7467   357014.696073
17914   538844309   7467   356696.693171
8774   538844309   7467   356378.004092
8686   538844309   7467   356059.876435
29470   538844309   7467   355744.838759
8682   538844309   7467   355428.213044
8904   538844309   7467   355111.692665
8930   538844309   7467   354795.766385
24203   538844309   7467   354482.356236
28515   538844309   7467   354169.894669
9058   538844309   7467   353855.493422
9242   538844309   7467   353541.873178
21001   538844309   7467   353229.583479
8958   538844309   7467   352919.212214
8457   538844309   7467   352607.485063
11026   538844309   7467   352296.303061
9384   538844309   7467   351986.588915
11813   538844309   7467   351679.971451
8510   538844309   7467   351370.500732
9128   538844309   7467   351061.364008
9301   538844309   7467   350753.166599
9036   538844309   7467   350447.257009
27411   538844309   7467   350139.824209
8990   538844309   7467   349833.082910
15005   538844309   7467   349527.253224
8799   538844309   7467   349225.283259
8712   538844309   7467   348920.223913
9036   538844309   7467   348615.712742
9071   538844309   7467   348311.857033
9000   538844309   7467   348011.001506
9070   538844309   7467   347708.273808
8914   538844309   7467   347405.783828
8927   538844309   7467   347106.355223
8961   538844309   7467   346809.352663
13216   538844309   7467   346508.515035
13825   538844309   7467   346208.299705
8744   538844309   7467   345908.540058
9151   538844309   7467   345612.016846
8646   538844309   7467   345313.421400
9155   538844309   7467   345015.445299
8658   538844309   7467   344717.749546
9466   538844309   7467   344425.031016
8864   538844309   7467   344128.628300
8765   538844309   7467   343832.873688
8839   538844309   7467   343537.383892
8861   538844309   7467   343245.158942
9484   538844309   7467   342950.600970
8760   538844309   7467   342657.009479
8845   538844309   7467   342363.623083
33893   538844309   7467   342075.216559
30558   538844309   7467   341782.893544
8977   538844309   7467   341491.513057
8892   538844309   7467   341200.265909
8711   538844309   7467   340912.327406
8949   538844309   7467   340621.962763
8949   538844309   7467   340331.994637
9101   538844309   7467   340042.700561
9577   538844309   7467   339757.313882
8444   538844309   7467   339470.329028
9023   538844309   7467   339182.696017
9163   538844309   7467   338896.046950
9306   538844309   7467   338612.129606
9114   538844309   7467   338325.882212
26272   538844309   7467   338040.129933
11866   538844309   7467   337754.858406
20866   538844309   7467   337473.633762
12097   538844309   7467   337190.173781
8919   538844309   7467   336906.372509
8925   538844309   7467   336623.235434
9072   538844309   7467   336343.181429
8795   538844309   7467   336060.966480
9306   538844309   7467   335779.343506
9029   538844309   7467   335498.275472
40761   538844309   7467   335219.041368
8855   538844309   7467   334941.657396
10718   538844309   7467   334662.184442
29478   538844309   7467   334382.613143
40182   538844309   7467   334105.867469
8972   538844309   7467   333827.635179
8661   538844309   7467   333549.840172
8919   538844309   7467   333272.493248
22298   538844309   7467   332997.293931
8809   538844309   7467   332723.152108
8859   538844309   7467   332447.328843
8788   538844309   7467   332171.877520
25229   538844309   7467   331897.721607
8739   538844309   7467   331625.113841
8746   538844309   7467   331351.074278
8760   538844309   7467   331077.457279
9334   538844309   7467   330805.345120
30181   538844309   7467   330535.401369
8852   538844309   7467   330263.299378
9188   538844309   7467   329991.761589
8831   538844309   7467   329721.035038
8669   538844309   7467   329452.294967
8640   538844309   7467   329182.084977
8624   538844309   7467   328912.172861
9807   538844309   7467   328643.018687
8746   538844309   7467   328377.729827
8666   538844309   7467   328109.299661
8670   538844309   7467   327841.522212
9858   538844309   7467   327574.041251
28021   538844309   7467   327309.075309
26524   538844309   7467   327042.471239
9063   538844309   7467   326776.263787
9116   538844309   7467   326510.381866
9187   538844309   7467   326248.954315
9288   538844309   7467   325984.033210
9046   538844309   7467   325719.659922
8412   538844309   7467   325455.811788
13038   538844309   7467   325194.782464
9075   538844309   7467   324931.624608
9291   538844309   7467   324668.974965
9135   538844309   7467   324406.481369
9199   538844309   7467   324148.650275
8869   538844309   7467   323887.226113
31402   538844309   7467   323626.317673
19084   538844309   7467   323365.722024
8915   538844309   7467   323107.954559
8862   538844309   7467   322848.343296
8869   538844309   7467   322589.745018
8924   538844309   7467   322330.941165
9096   538844309   7467   322076.535069
8944   538844309   7467   321818.637095
8813   538844309   7467   321561.225371
8703   538844309   7467   321304.894017
8592   538844309   7467   321050.641893
9210   538844309   7467   320794.483026
8697   538844309   7467   320625.839794
25234   538844309   7467   320631.777388
8597   538844309   7467   320550.043643
9056   538844309   7467   320295.283885
8828   538844309   7467   320040.879847
8943   538844309   7467   319786.742531
8898   538844309   7467   319538.131626
8848   538844309   7467   319284.877537
8804   538844309   7467   319031.689355
8827   538844309   7467   318779.303192
31803   538844309   7467   318530.863774
8786   538844309   7467   318279.402423
9525   538844309   7467   318028.277627
10029   538844309   7467   317777.365294
23320   538844309   7467   317529.175944
28084   538844309   7467   317279.126226
8816   538844309   7467   317029.479480
8970   538844309   7467   316780.148673
27539   538844309   7467   316533.542938
9580   538844309   7467   316286.712657
8562   538844309   7467   316038.740690
9227   538844309   7467   315791.206126
35327   538844309   7467   315545.974154
15204   538844309   7467   315299.687903
9822   538844309   7467   315053.310808
9796   538844309   7467   314807.278113
13531   538844309   7467   314562.484093
9204   538844309   7467   314320.312984
18023   538844309   7467   314075.623891
27085   538844309   7467   313831.235937
20657   538844309   7467   313587.886545
8843   538844309   7467   313345.827048
8795   538844309   7467   313102.708836
10417   538844309   7467   312859.931052
8935   538844309   7467   312618.365889
9039   538844309   7467   312379.609296
9314   538844309   7467   312138.135305
8908   538844309   7467   311896.822527
9069   538844309   7467   311656.255325
9628   538844309   7467   311417.889887
9674   538844309   7467   311177.849929
9542   538844309   7467   310938.426522
56815   538844309   7467   310699.278396
16593   538844309   7467   310463.492238
8872   538844309   7467   310224.962692
8857   538844309   7467   309986.833007
13296   538844309   7467   309749.138376
9193   538844309   7467   309514.032612
8692   538844309   7467   309277.190918
8902   538844309   7467   309040.578467
8668   538844309   7467   308804.487466
8857   538844309   7467   308572.384034
8807   538844309   7467   308337.471949
9034   538844309   7467   308102.260943
10272   538844309   7467   307867.558177
29272   538844309   7467   307635.545096
27405   538844309   7467   307401.505185
8534   538844309   7467   307167.884684
9094   538844309   7467   306934.819495
8791   538844309   7467   306705.263741
8681   538844309   7467   306472.900696
8789   538844309   7467   306240.916697
8921   538844309   7467   306008.901032
8887   538844309   7467   305779.664852
8866   538844309   7467   305548.596732
11006   538844309   7467   305317.659894
16183   538844309   7467   305087.385985
21782   538844309   7467   304860.800257
9201   538844309   7467   304631.137912
14742   538844309   7467   304401.838344
24496   538844309   7467   304172.772989
8930   538844309   7467   303946.711803
9745   538844309   7467   303718.572512
8941   538844309   7467   303490.654198
11870   538844309   7467   303263.152128
9508   538844309   7467   303039.606868
9270   538844309   7467   302812.900470
8925   538844309   7467   302586.301692
9073   538844309   7467   302360.180796
11934   538844309   7467   302136.613216
10176   538844309   7467   301911.413641
12822   538844309   7467   301686.294997
38619   538844309   7467   301461.564120
19978   538844309   7467   301240.227602
9089   538844309   7467   301016.814726
9278   538844309   7467   300793.321149
8975   538844309   7467   300569.978712
8685   538844309   7467   300349.162443
8875   538844309   7467   300126.287104
8598   538844309   7467   299903.965134
8945   538844309   7467   299681.942782
9269   538844309   7467   299461.954090
9870   538844309   7467   299242.558210
8863   538844309   7467   299021.723187
11696   538844309   7467   298800.990244
34656   538844309   7467   298582.470615
30218   538844309   7467   298363.096952
8836   538844309   7467   298143.589656
8815   538844309   7467   297924.113276
8866   538844309   7467   297706.942975
8785   538844309   7467   297490.161290
8753   538844309   7467   297272.167759
8878   538844309   7467   297054.236570
8847   538844309   7467   296836.935085
8864   538844309   7467   296621.502546
9110   538844309   7467   296404.677995
13772   538844309   7467   296188.041697
8906   538844309   7467   295975.391754
8900   538844309   7467   295762.672566
31252   538844309   7467   295546.892673
8577   538844309   7467   295331.173216
8920   538844309   7467   295116.168420
9840   538844309   7467   294903.679252
9763   538844309   7467   294689.425175
9376   538844309   7467   294475.370851
16944   538844309   7467   294262.057495
9284   538844309   7467   294051.725039
10901   538844309   7467   293838.789993
9470   538844309   7467   293626.082560
9431   538844309   7467   293413.625550
9452   538844309   7467   293203.668120
11634   538844309   7467   292991.717120
27028   538844309   7467   292780.090222
8904   538844309   7467   292568.694145
8842   538844309   7467   292361.171629
9068   538844309   7467   292150.739832
8911   538844309   7467   291940.599261
9689   538844309   7467   291730.637426
9220   538844309   7467   291523.120623
9135   538844309   7467   291313.790039
9098   538844309   7467   291104.961125
9037   538844309   7467   290896.201103
17917   538844309   7467   290691.158400
8831   538844309   7467   290483.237361
20291   538844309   7467   290275.626383
24527   538844309   7467   290068.127122
29123   538844309   7467   289863.009532
8925   538844309   7467   289656.079054
8877   538844309   7467   289449.635600
10354   538844309   7467   289243.387104
8817   538844309   7467   289040.903228
8782   538844309   7467   288835.430835
8830   538844309   7467   288630.309652
9214   538844309   7467   288425.253666
15144   538844309   7467   288222.745175
18071   538844309   7467   288018.224796
18336   538844309   7467   287814.095404
8916   538844309   7467   287610.200269
37539   538844309   7467   287409.958388
8810   538844309   7467   287206.768598
8644   538844309   7467   287004.092224
8824   538844309   7467   286801.514105
8754   538844309   7467   286601.372597
10171   538844309   7467   286399.595081
8840   538844309   7467   286197.937731
8854   538844309   7467   285996.506646
23123   538844309   7467   285798.518523
11712   538844309   7467   285598.137809
12985   538844309   7467   285397.785322
18195   538844309   7467   285197.498720
12533   538844309   7467   284999.680230
14635   538844309   7467   284800.125947
18765   538844309   7467   284600.758378
14938   538844309   7467   284401.603655
11832   538844309   7467   284204.497983
13694   538844309   7467   284007.800178
17440   538844309   7467   283809.608465
15679   538844309   7467   283611.730160
25424   538844309   7467   283415.666377
16174   538844309   7467   283218.733852
23112   538844309   7467   283021.676913
11222   538844309   7467   282825.172107
15352   538844309   7467   282630.673304
28892   538844309   7467   282436.449994
31138   538844309   7467   282240.697799
26892   538844309   7467   282045.057203
11317   538844309   7467   281850.202251
20369   538844309   7467   281657.116014
16999   538844309   7467   281462.452298
10184   538844309   7467   281267.803066
10078   538844309   7467   281074.266449
10045   538844309   7467   280883.212434
9915   538844309   7467   280689.583094
10122   538844309   7467   280496.246975
10197   538844309   7467   280303.346296
9947   538844309   7467   280112.409188
10094   538844309   7467   279919.892661
17141   538844309   7467   279727.684190
34641   538844309   7467   279535.848481
33155   538844309   7467   279347.074486
10129   538844309   7467   279155.820876
9099   538844309   7467   278964.504306
9197   538844309   7467   278773.843009
9441   538844309   7467   278585.320140
9936   538844309   7467   278394.974096
9314   538844309   7467   278205.098654
9485   538844309   7467   278015.302858
9356   538844309   7467   277829.226579
9347   538844309   7467   277639.988201
8778   538844309   7467   277451.105043
8242   538844309   7467   277262.141789
7966   538844309   7467   277074.571518
16614   538844309   7467   276885.448101
20958   538844309   7467   276696.626890
9016   538844309   7467   276508.197220
9107   538844309   7467   276323.367130
8986   538844309   7467   276135.478336
9589   538844309   7467   275948.168237
9111   538844309   7467   275760.764060
9170   538844309   7467   275576.671416
9050   538844309   7467   275390.067077
9100   538844309   7467   275203.852560
8992   538844309   7467   275017.710597
20491   538844309   7467   274834.339723
7995   538844309   7467   274649.156467
8022   538844309   7467   274463.998385
8520   538844309   7467   274279.021324
28186   538844309   7467   274096.297327
33755   538844309   7467   273911.769358
8851   538844309   7467   273727.718870
10061   538844309   7467   273544.083210
8065   538844309   7467   273363.951372
9630   538844309   7467   273180.997538
8224   538844309   7467   272998.445063
8249   538844309   7467   272815.671036
8364   538844309   7467   272634.522600
8142   538844309   7467   272452.656389
8540   538844309   7467   272270.510930
8328   538844309   7467   272088.795748
36710   538844309   7467   271909.583572
8080   538844309   7467   271729.277759
12790   538844309   7467   271548.163064
8058   538844309   7467   271367.787096
8720   538844309   7467   271189.210075
8205   538844309   7467   271008.940579
8254   538844309   7467   270828.923682
8149   538844309   7467   270649.198441
8233   538844309   7467   270471.156635
8192   538844309   7467   270293.998238
8612   538844309   7467   270114.947371
8512   538844309   7467   269936.239773
25005   538844309   7467   269759.349965
17642   538844309   7467   269581.787941
8166   538844309   7467   269403.783308
24156   538844309   7467   269226.044111
9102   538844309   7467   269049.854023
9597   538844309   7467   268874.430234
8299   538844309   7467   268697.636390
8220   538844309   7467   268520.915192
8648   538844309   7467   268344.783703
8224   538844309   7467   268170.134144
8816   538844309   7467   267993.955610
9412   538844309   7467   267818.332503
9381   538844309   7467   267643.511588
9947   538844309   7467   267470.855952
15090   538844309   7467   267295.937086
15087   538844309   7467   267121.203695
21595   538844309   7467   266946.830222
9403   538844309   7467   266774.186597
21274   538844309   7467   266600.194422
8784   538844309   7467   266426.545390
9402   538844309   7467   266253.221701
9033   538844309   7467   266082.682945
8464   538844309   7467   265909.406162
23781   538844309   7467   265737.906693
21350   538844309   7467   265572.044779
19265   538844309   7467   265408.230148
22346   538844309   7467   265241.399278
16809   538844309   7467   265074.246349
19319   538844309   7467   264906.751339
17445   538844309   7467   264742.509275
32750   538844309   7467   264574.469421
13786   538844309   7467   264406.352673
13008   538844309   7467   264238.141490
12332   538844309   7467   264071.979381
12418   538844309   7467   263903.859291
11720   538844309   7467   263735.596873
11574   538844309   7467   263567.410597
11232   538844309   7467   263402.677886
12524   538844309   7467   263234.666422
10742   538844309   7467   263066.755103
10614   538844309   7467   262898.950079
10543   538844309   7467   262733.402077
10034   538844309   7467   262565.898729
10642   538844309   7467   262398.501159
9865   538844309   7467   262231.355763
10083   538844309   7467   262067.400400
9804   538844309   7467   261900.689667
9617   538844309   7467   261734.068384
13663   538844309   7467   261567.733000
14587   538844309   7467   261403.548281
13896   538844309   7467   261237.475481
9640   538844309   7467   261071.940381
9477   538844309   7467   260906.148913
9488   538844309   7467   260744.089036
9448   538844309   7467   260578.949036
8851   538844309   7467   260413.620680
8776   538844309   7467   260247.550710
9005   538844309   7467   260083.462872
27491   538844309   7467   259918.084507
10304   538844309   7467   259819.769779
8050   538844309   7467   259826.389628
21254   538844309   7467   259834.096868
9293   538844309   7467   259670.605860
9082   538844309   7467   259506.090882
9128   538844309   7467   259341.748311
10486   538844309   7467   259179.373936
9597   538844309   7467   259015.477848
29324   538844309   7467   258851.715751
8784   538844309   7467   258688.312389
28287   538844309   7467   258528.786547
8657   538844309   7467   258368.145874
8883   538844309   7467   258205.754883
9002   538844309   7467   258043.475550
30253   538844309   7467   257882.697236
8018   538844309   7467   257721.731279
7963   538844309   7467   257560.200658
8528   538844309   7467   257398.681278
22970   538844309   7467   257238.022577
8773   538844309   7467   257079.192390
8318   538844309   7467   256918.274446
14520   538844309   7467   256757.569613
20224   538844309   7467   256597.378726
9168   538844309   7467   256438.510335
8095   538844309   7467   256278.438569
8045   538844309   7467   256118.394397
8199   538844309   7467   255959.338835
8135   538844309   7467   255802.357742
9048   538844309   7467   255643.284645
16612   538844309   7467   255485.241322
15655   538844309   7467   255330.546011
14608   538844309   7467   255177.164168
14013   538844309   7467   255021.944698
13502   538844309   7467   254866.471804
19585   538844309   7467   254711.284064
12341   538844309   7467   254558.676863
12491   538844309   7467   254403.096160
30569   538844309   7467   254247.503899
27117   538844309   7467   254092.014507
11153   538844309   7467   253938.389847
10645   538844309   7467   253782.949974
9286   538844309   7467   253627.572670
10163   538844309   7467   253472.392069
9608   538844309   7467   253320.383701
10436   538844309   7467   253165.436652
9964   538844309   7467   253010.594587
9572   538844309   7467   252855.806951
9265   538844309   7467   252703.306983
9360   538844309   7467   252548.989322
12114   538844309   7467   252394.760472
9704   538844309   7467   252240.767482
9319   538844309   7467   252089.959489
10976   538844309   7467   251936.699027
10297   538844309   7467   251783.098928
10342   538844309   7467   251629.757477
10247   538844309   7467   251478.463828
27735   538844309   7467   251325.375451
9903   538844309   7467   251172.671384
9408   538844309   7467   251019.940854
9378   538844309   7467   250870.625823
9471   538844309   7467   250718.255400
8206   538844309   7467   250565.868102
8174   538844309   7467   250413.198774
9732   538844309   7467   250262.511188
8215   538844309   7467   250110.225876
7983   538844309   7467   249958.031294
7959   538844309   7467   249806.282458
8201   538844309   7467   249656.675735
19844   538844309   7467   249505.828432
26814   538844309   7467   249354.694833
23132   538844309   7467   249203.551754
32654   538844309   7467   249054.436508
13852   538844309   7467   248903.843302
8571   538844309   7467   248753.766068
8899   538844309   7467   248603.863698
19898   538844309   7467   248456.480351
8933   538844309   7467   248307.690834
9122   538844309   7467   248158.256349
8209   538844309   7467   248008.888294
7934   538844309   7467   247861.443653
8193   538844309   7467   247712.431842
8365   538844309   7467   247563.805967
8035   538844309   7467   247415.080617
16359   538844309   7467   247267.910940
21801   538844309   7467   247121.238160
31522   538844309   7467   246973.143357
8174   538844309   7467   246825.296374
23781   538844309   7467   246678.935824
8302   538844309   7467   246532.052683
8603   538844309   7467   246384.681410
12230   538844309   7467   246237.485619
17898   538844309   7467   246091.886246
9678   538844309   7467   245946.789664
9455   538844309   7467   245800.614754
9477   538844309   7467   245655.712810
9245   538844309   7467   245511.226216
9204   538844309   7467   245368.004531
9185   538844309   7467   245223.440856
9569   538844309   7467   245078.892475
9509   538844309   7467   244935.153703
9571   538844309   7467   244793.331439
26656   538844309   7467   244649.080478
34961   538844309   7467   244505.164505
33937   538844309   7467   244361.493931
10130   538844309   7467   244219.471218
9797   538844309   7467   244075.905224
9753   538844309   7467   243932.494463
10068   538844309   7467   243789.482786
9642   538844309   7467   243649.105749
9472   538844309   7467   243506.285487
11905   538844309   7467   243363.419014
9435   538844309   7467   243222.737905
9435   538844309   7467   243082.528765
9394   538844309   7467   242940.174762
9373   538844309   7467   242797.861028
9202   538844309   7467   242655.678538
9213   538844309   7467   242516.570991
26274   538844309   7467   242374.829443
13030   538844309   7467   242233.096137
9028   538844309   7467   242091.446351
8926   538844309   7467   241951.809528
9550   538844309   7467   241810.659978
8979   538844309   7467   241669.425274
9159   538844309   7467   241528.598832
8950   538844309   7467   241390.739027
8870   538844309   7467   241250.270932
9466   538844309   7467   241110.028936
10111   538844309   7467   240969.932775
9206   538844309   7467   240831.630781
8851   538844309   7467   240691.837785
8819   538844309   7467   240552.064459
12524   538844309   7467   240412.473100
24557   538844309   7467   240275.796465
8720   538844309   7467   240136.534514
9203   538844309   7467   239997.389550
8558   538844309   7467   239858.446996
9128   538844309   7467   239721.500015
8515   538844309   7467   239582.931277
8856   538844309   7467   239444.499441
9523   538844309   7467   239306.235199
14329   538844309   7467   239171.011483
8991   538844309   7467   239033.140188
9110   538844309   7467   238895.461803
9114   538844309   7467   238757.792622
9980   538844309   7467   238622.129261
10698   538844309   7467   238484.884825
24954   538844309   7467   238347.646906
8719   538844309   7467   238210.642664
24574   538844309   7467   238075.948551
8986   538844309   7467   237940.387889
8813   538844309   7467   237804.055061
8965   538844309   7467   237667.716670
8964   538844309   7467   237533.300232
8828   538844309   7467   237397.504081
8819   538844309   7467   237261.682122
10942   538844309   7467   237126.076991
11768   538844309   7467   236991.855584
9865   538844309   7467   236858.389926
13141   538844309   7467   236723.396452
9123   538844309   7467   236588.507500
32101   538844309   7467   236454.926734
9129   538844309   7467   236321.370687
9389   538844309   7467   236187.177697
9241   538844309   7467   236053.172948
38804   538844309   7467   235920.201902
9248   538844309   7467   235787.987516
8924   538844309   7467   235654.404534
9012   538844309   7467   235520.807477
8975   538844309   7467   235387.691667
9454   538844309   7467   235255.860507
9007   538844309   7467   235122.778974
9082   538844309   7467   234989.957185
25981   538844309   7467   234858.133127
28223   538844309   7467   234727.758733
9066   538844309   7467   234595.267825
8935   538844309   7467   234463.006210
9506   538844309   7467   234331.016995
8958   538844309   7467   234200.580098
8912   538844309   7467   234068.848415
8878   538844309   7467   233937.229989
19845   538844309   7467   233806.010963
9183   538844309   7467   233676.946429
12126   538844309   7467   233545.760047
9334   538844309   7467   233414.806311
13607   538844309   7467   233283.870540
9809   538844309   7467   233154.878700
21528   538844309   7467   233024.217908
9098   538844309   7467   232893.763773
9070   538844309   7467   232763.426575
10668   538844309   7467   232636.012860
9131   538844309   7467   232505.994368
8952   538844309   7467   232376.209478
9035   538844309   7467   232246.494915
27672   538844309   7467   232118.393025
8876   538844309   7467   231989.152169
9004   538844309   7467   231859.885752
9767   538844309   7467   231730.681333
9792   538844309   7467   231604.629265
9294   538844309   7467   231475.807764
14036   538844309   7467   231347.147448
30317   538844309   7467   231218.521363
8880   538844309   7467   231091.747482
9085   538844309   7467   230963.594159
9223   538844309   7467   230835.485826
9161   538844309   7467   230707.390050
9349   538844309   7467   230582.218689
8669   538844309   7467   230454.681748
8799   538844309   7467   230327.228404
8896   538844309   7467   230199.887292
10260   538844309   7467   230074.418787
11575   538844309   7467   229947.342660
27948   538844309   7467   229820.437685
28091   538844309   7467   229693.589448
76525   538844309   7467   229571.005976
9052   538844309   7467   229445.255374
8836   538844309   7467   229318.832157
8829   538844309   7467   229192.572550
8742   538844309   7467   229068.403881
9770   538844309   7467   228942.594357
8821   538844309   7467   228816.861686
8887   538844309   7467   228691.285843
25124   538844309   7467   228567.695962
16983   538844309   7467   228443.277984
16551   538844309   7467   228318.498749
8785   538844309   7467   228193.346284
12555   538844309   7467   228070.088642
29847   538844309   7467   227945.404363
8943   538844309   7467   227820.742650
9023   538844309   7467   227696.275611
8659   538844309   7467   227573.236537
8879   538844309   7467   227450.424063
9057   538844309   7467   227326.466516
9414   538844309   7467   227202.873565
24334   538844309   7467   227079.999102
9312   538844309   7467   226957.589390
9362   538844309   7467   226834.068789
9079   538844309   7467   226710.673093
18377   538844309   7467   226588.244823
8933   538844309   7467   226466.979223
11753   538844309   7467   226344.108988
42953   538844309   7467   226221.202439
9060   538844309   7467   226098.770027
8781   538844309   7467   225977.751486
8594   538844309   7467   225855.336245
9022   538844309   7467   225733.131069
8941   538844309   7467   225611.730487
9541   538844309   7467   225491.905229
8931   538844309   7467   225370.081221
8995   538844309   7467   225248.373639
9062   538844309   7467   225127.041732
8883   538844309   7467   225007.080999
56056   538844309   7467   224885.846488
33525   538844309   7467   224764.683507
34297   538844309   7467   224643.707733
9159   538844309   7467   224525.465076
8736   538844309   7467   224404.676317
8867   538844309   7467   224284.156925
9007   538844309   7467   224163.627230
9392   538844309   7467   224044.956691
8552   538844309   7467   223924.776915
8881   538844309   7467   223804.730594
9027   538844309   7467   223684.873959
8821   538844309   7467   223567.886563
8663   538844309   7467   223448.186678
10891   538844309   7467   223328.780623
30699   538844309   7467   223209.285859
8644   538844309   7467   223091.852565
8661   538844309   7467   222972.740151
8675   538844309   7467   222853.767319
8600   538844309   7467   222734.837062
8788   538844309   7467   222618.927016
8840   538844309   7467   222500.395469
8675   538844309   7467   222381.957173
9253   538844309   7467   222263.430340
8543   538844309   7467   222146.872356
12915   538844309   7467   222028.741101
9592   538844309   7467   221910.862106
9716   538844309   7467   221792.949576
19599   538844309   7467   221677.766729
9023   538844309   7467   221560.163321
9449   538844309   7467   221442.825170
10098   538844309   7467   221325.693092
12274   538844309   7467   221210.301043
9039   538844309   7467   221093.188864
10252   538844309   7467   220976.304204
8828   538844309   7467   220859.262225
8239   538844309   7467   220744.839791
8010   538844309   7467   220627.929170
15458   538844309   7467   220511.154406
8421   538844309   7467   220394.493105
18586   538844309   7467   220279.387627
24550   538844309   7467   220163.136129
