1,51
1,75
1,51
1,26
1,51
1,51
1,75
1,26
1,26
1,5
1,5
1,26
1,26
1,01
1,25
1,01
1,01
1,51
1,51
1,51
1,75
1,51
1,75
1,76
1,51
1,26
1,51
1,5
1,26
1,01
1,01
1,01
1,25
1,01
1,01
1,01
1,25
1,01
1,01
1,01
1,25
1,01
1,01
1,01
1,25
1,01
1,01
1,26
1,01
1,01
1,01
1,25
1,01
1,01
1,01
1,25
1
1
1,01
1,01
1,01
1,01
1,25
1,01
1,01
1,01
1,25
1,01
1,01
1,26
1,25
1,25
1,01
1,25
1,25
1,25
1,01
1,25
1,01
1,26
1,01
1,5
1,25
1,26
1,01
1,5
1,01
1,25
1,01
1,25
1,01
1,01
1,01
1,25
1,01
1,01
1,25
1,25
1,01
1,01
1,25
1,01
1,25
1,01
1,5
1,01
1,01
1,01
1,01
1,01
1,01
1,01
1,26
1,01
1,01
1,01
1,25
1,01
1,26
1,01
1,5
1,01
1,25
1,01
1,5
1,01
1,01
1,01
1,5
1,01
1,25
1,26
1,75
1,01
1,01
1,25
1,01
1,25
1,5
1,26
1,01
1,25
1,01
1,26
1,5
1,01
1,01
1,25
1,26
1,25
1,5
1,01
1,01
1,01
1,01
1,26
1,26
1,01
1,01
1,25
1,26
1,25
1,25
1,01
1,01
1,26
1,26
1,26
1,01
1,01
1,01
1,25
1,5
1,01
1,01
1,5
1,25
1,25
1,26
1,01
1,25
1,5
1,01
1,01
1,26
1,26
1,26
1,26
1,01
1,25
1,26
1,5
1,01
1,01
1,01
1,26
1,26
1,25
1,01
1,01
1,5
1,25
1,01
1,25
1,01
1,26
1,5
1,01
1,01
1,26
1,25
1,01
1,25
1,01
1,25
1,5
1,26
1,01
1,25
