100
100
100
100
100
100
100
100
100
100
100
100
100
100
100
100
100
100
100
100
100
100
100
100
100
100
100
100
100
100
100
100
100
100
100
100
99,22
100
98,12
100
99,21
98,66
98,93
98,67
100
99,24
100
100
93,35
100
99,74
100
100
100
100
100
100
99,75
100
100
100
100
40,84
40,11
39,79
36,55
31,47
32,37
32,8
43,47
38,89
36,15
33,25
28,04
31,91
26,98
26,05
29,66
29,18
28,8
35,17
27,97
29,1
25,4
27,37
28,19
51,97
28,53
22,57
24,41
22,87
26,8
23,81
24,68
22,93
23,1
23,4
23,76
21,01
23,64
19,84
23,7
36,34
86,36
97,44
99,23
100
99,48
100
100
100
100
97,15
46,46
35,03
46,44
32,17
32,55
42,97
27,37
26,6
31,68
31,66
27,37
28,23
36,6
29,89
39,21
27,3
26,13
37,4
29,18
30,37
27,39
29,82
28,49
34,28
25,8
28,65
42,82
29,44
28,91
36,46
28,84
28,42
28,95
29,84
28,91
30
29,4
27,32
46,48
31,66
26,84
24,67
30,73
27,47
27,72
30,21
24,01
21,69
22,89
22,61
22,77
28,87
21,01
24,47
23,36
21,54
25,8
21,16
21,96
23,04
22,07
27,11
21,96
22,28
22,13
22,16
22,13
28,04
23,61
22,69
23,16
20,42
21,22
21,16
21,43
22,89
21,22
21,37
23,24
20,05
28,16
21,66
21,93
24,94
20,75
25,14
25,95
25,32
21,75
24,1
20,86
24,15
24,3
24,61
23,83
24,03
23,1
23,26
23,14
38,42
22,63
21,98
23,28
25,45
22,49
21,69
23,64
22,25
23,42
22,87
24,74
