Act   Max   Min   Avg
0   0   0   -nan
9702   5914665   8394   123592.988942
28999   9682488   8394   285150.395339
24698   9682488   8394   412086.778931
54782   9847356   8394   468106.869474
51493   451297373   8394   20045973.795640
76992   451297373   8394   16913575.865976
42395   451297373   8394   14596050.103093
19760   451297373   8394   12821797.915168
45560   451297373   8394   11445374.942285
41131   451297373   8394   10336585.019831
39702   451297373   8394   9424263.322406
42197   451297373   8394   8660377.153984
24425   451297373   8394   8011360.969820
38488   451297373   8394   7452995.211871
313262   451297373   8394   6996446.248659
29666   451297373   8394   6668473.738797
39792   451297373   8394   6394300.284806
45731   451297373   8394   6105883.728793
38146   451297373   8394   5854555.300218
14914   451297373   8394   5567884.708021
16497   451297373   8394   5308529.372089
37999   451297373   8394   5079537.487844
37913   451297373   8394   4897225.385817
13603   451297373   8394   4715732.508973
30307   451297373   8394   4563166.851287
53702   451297373   8394   4393599.580709
50849   451297373   8394   4242736.891966
46476   451297373   8394   4113752.255751
49642   451297373   8394   3995898.785336
44710   451297373   8394   3866479.950985
25345   451297373   8394   3744354.318710
29427   451297373   8394   3644009.843922
26381   451297373   8394   3550301.605472
39839   451297373   8394   3451230.401131
33055   451297373   8394   3371837.556163
41408   451297373   8394   3290428.798457
38677   451297373   8394   3209721.480804
31820   451297373   8394   3131989.258225
40850   451297373   8394   3053292.207990
59142   451297373   8394   2978503.050645
56675   451297373   8394   2908653.487893
51236   451297373   8394   2840865.330615
52653   451297373   8394   2776659.402901
45273   451297373   8394   2714786.090472
12028   451297373   8394   2655345.266506
10477   451297373   8394   2598495.468737
11671   451297373   8394   2544086.750597
10863   451297373   8394   2491784.703360
47233   451297373   8394   2451133.134358
15374   451297373   8394   2402736.456344
22499   451297373   8394   2356297.591536
120956   451297373   8394   2311836.166189
23637   451297373   8394   2269039.506229
17645   451297373   8394   2227779.193584
11376   451297373   8307   2187987.351995
21423   451297373   8137   2149490.388068
15828   451297373   8137   2112397.359412
18094   451297373   8137   2076584.483260
24498   451297373   8137   2041963.354333
24935   451297373   8137   2008657.541598
11894   451297373   8137   1976425.138900
36711   451297373   8137   1945112.525705
10026   451297373   8137   1914917.453802
10516   451297373   8137   1885413.104987
13818   451297373   8137   1856798.963830
9828   451297373   8137   1829035.183069
9347   451297373   8137   1802103.718750
12675   451297373   8042   1775961.887194
37502   451297373   8042   1750658.145419
8699   451297373   8042   1725952.762218
10121   451297373   8042   1702052.875140
30878   451297373   8042   1678834.999751
13790   451297373   8042   1656274.327404
27939   451297373   8042   1634468.589422
9367   451297373   8042   1612981.150946
9017   451297373   8042   1592006.753738
9016   451297373   8042   1571643.058146
9124   451297373   8042   1551710.856701
29741   451297373   8042   1532423.832396
26805   451297373   8042   1513460.212622
25332   451297373   8042   1495216.876969
28916   451297373   8042   1477506.250771
17869   451297373   8042   1460178.529540
28935   451297373   8042   1442805.267033
24144   451297373   8042   1426484.091711
28007   451297373   8042   1410158.055554
25842   451297373   8042   1394360.502444
43934   451297373   8042   1378971.091457
45253   451297373   8042   1363961.487921
51826   451297373   8042   1349192.844569
30508   451297373   8042   1334804.666353
32191   451297373   8042   1320707.931674
23557   451297373   8042   1306920.362061
17943   451297373   8042   1293390.957916
37072   451297373   8042   1280450.017236
20056   451297373   8042   1267472.564213
17737   451297373   8042   1254720.956707
25919   451297373   8042   1242258.044306
36358   451297373   8042   1230030.883824
23060   451297373   8042   1218067.913502
14073   451297373   8042   1206335.232739
14244   451297373   8042   1194839.756192
22700   451297373   8042   1183642.304254
23918   451297373   8042   1172604.057154
41404   451297373   8042   1161774.909437
13366   451297373   8042   1151129.618771
49705   451297373   8042   1140652.659673
10416   451297373   8042   1130554.541846
22450   451297373   8042   1120435.860017
32351   451297373   8042   1110488.739294
33777   451297373   8042   1100734.129192
20259   451297373   8042   1091168.940864
29770   451297373   8042   1081737.259488
18350   451297373   8042   1072490.402955
13465   451297373   8042   1063369.364221
19465   451297373   8042   1054457.534755
14648   451297373   8042   1045677.331351
18091   451297373   8042   1037032.590940
21367   451297373   8042   1028684.554387
32864   451297373   8042   1020330.776419
23272   451297373   8042   1012139.780848
23278   451297373   8042   1004102.483250
22601   451297373   8042   996188.896577
18902   451297373   8042   988643.964401
19852   451297373   8042   980953.280885
26116   451297373   8042   973358.976604
15450   451297373   8042   965891.068806
10593   451297373   8042   958544.122606
48637   451297373   8042   951325.893405
23020   451297373   8042   944218.248637
33815   451297373   8042   937259.582775
26282   451297373   8042   930345.807927
37038   451297373   8042   923532.851260
33642   451297373   8042   916819.092368
14884   451297373   8042   910204.516630
12158   451297373   8042   903667.078291
11545   451297373   8042   897227.521246
18295   451297373   8042   890879.045994
10089   451297373   8042   884612.426601
9476   451297373   8042   878444.346183
40111   451297373   8042   872397.287040
9448   451297373   8042   866428.020500
26025   451297373   8042   860674.322035
11949   451297373   8042   854886.881098
11211   451297373   8042   849148.614597
19510   451297373   8042   843494.789294
19931   451297373   8042   837924.355332
11287   451297373   8042   832426.861917
49229   451297373   8042   827056.708687
25276   451297373   8042   821807.626928
42301   451297373   8042   816625.843100
25026   451297373   8042   811702.750141
13378   451297373   8042   806593.766543
32882   451297373   8042   801520.385113
34217   451297373   8042   796609.279868
50926   451297373   8042   791779.470014
35779   451297373   8042   787001.667675
52553   451297373   8042   782278.976735
47194   451297373   8042   777632.919512
72519   451297373   8042   773103.308496
45479   451297373   8042   768555.700915
31106   451297373   8042   764053.071765
44855   451297373   8042   759619.006255
39777   451297373   8042   755234.825642
46919   451297373   8042   750914.220005
17777   451297373   8042   746635.775572
44580   451297373   8042   742415.821837
37064   451297373   8042   738233.613616
50923   451297373   8042   734101.604763
36507   451297373   8042   730022.692650
47077   451297373   8042   725966.464062
46517   451297373   8042   721951.416566
28038   451297373   8042   718005.114711
29100   451297373   8042   714099.450655
45304   451297373   8042   710249.093818
44571   451297373   8042   706558.160828
31761   451297373   8042   702793.716993
41492   451297373   8042   699075.970442
39559   451297373   8042   695401.826400
46753   451297373   8042   691844.782588
45781   451297373   8042   688278.074836
23870   451297373   8042   684704.650645
21645   451297373   8042   681341.516931
21508   451297373   8042   677811.785890
23968   451297373   8042   674354.340455
21190   451297373   8042   670906.066606
20257   451297373   8042   667446.093177
19751   451297373   8042   664050.943030
19853   451297373   8042   660675.545165
20309   451297373   8042   657327.663802
18485   451297373   8042   654118.002508
27541   451297373   8042   650853.165694
19743   451297373   8042   647664.911943
21267   451297373   8042   644442.649969
26874   451297373   8042   641257.934584
26932   451297373   8042   638101.831586
19369   451297373   8042   634979.594933
31163   451297373   8042   631883.661512
29146   451297373   8042   628822.998546
17371   451297373   8042   625792.634123
11820   451297373   8042   622887.848534
14167   451297373   8042   619920.312469
9819   451297373   8042   617051.358833
13280   451297373   8042   614130.745971
12789   451297373   8042   611234.204111
13765   451297373   8042   608359.464675
12617   451297373   8042   605506.207191
23151   451297373   8042   602678.708332
12603   451297373   8042   599885.863003
13917   451297373   8042   597120.836258
21817   451297373   8042   594380.980165
14593   451297373   8042   591806.453783
25079   451297373   8042   589122.621807
10225   451297373   8042   586460.124884
16960   451297373   8042   583830.420253
11200   451297373   8042   581231.512068
17221   451297373   8042   578652.106173
13727   451297373   8042   576096.309351
10821   451297373   8042   573558.771015
10666   451297373   8042   571045.138907
19670   451297373   8042   568552.299093
22299   451297373   8042   566157.925589
11943   451297373   8042   563703.111920
11501   451297373   8042   561270.423249
32575   451297373   8042   558856.788177
43235   451297373   8042   556463.227796
11430   451297373   8042   554092.934802
10820   451297373   8042   551741.240508
22001   451297373   8042   549411.819211
11995   451297373   8042   547108.646458
10979   451297373   8042   544826.733371
11846   451297373   8042   542629.567595
11834   451297373   8042   540386.035565
27112   451297373   8042   538161.242712
10784   451297373   8042   535979.185407
34708   451297373   8042   533813.991337
17541   451297373   8042   531663.555524
25797   451297373   8042   529539.110830
50726   451297373   8042   527466.246286
40164   451297373   8042   525416.197869
37829   451297373   8042   523375.154154
27961   451297373   8042   521358.409536
37096   451297373   8042   519390.422410
39201   451297373   8042   517445.285501
18386   451297373   8042   515481.372259
32826   451297373   8042   513601.716820
22449   451297373   8042   511741.911743
44532   451297373   8042   509878.194020
49971   451297373   8042   507987.850446
21889   451297373   8042   506167.825712
43072   451297373   8042   504351.985187
21556   451297373   8042   502543.645651
55371   451297373   8042   500723.368321
23347   451297373   8042   498945.082558
75085   451297373   8042   497174.091338
50899   451297373   8042   495387.788498
39423   451297373   8042   493587.319232
20187   451297373   8042   491852.977253
22177   451297373   8042   490134.393508
22645   451297373   8042   488390.257514
21951   451297373   8042   486662.782001
26395   451297373   8042   484982.248841
25623   451297373   8042   483327.874327
25850   451297373   8042   481645.460994
24317   451297373   8042   479987.432987
26568   451297373   8042   478365.237063
87498   451297373   8042   476765.414819
39164   451297373   8042   475108.104122
36614   451297373   8042   473491.983008
77109   451297373   8042   471933.764749
46195   451297373   8042   470356.792445
51472   451297373   8042   468748.205277
15935   451297373   8042   467205.631890
34924   451297373   8042   465691.728414
17260   451297373   8042   464118.716072
72161   451297373   8042   462562.257729
66384   451297373   8042   461050.114084
17219   451297373   8042   459573.991161
22039   451297373   8042   458048.329614
32171   451297373   8042   456556.557286
70963   451297373   8042   455113.270626
18300   451297373   8042   453651.761322
18123   451297373   8042   452160.772746
54612   451297373   8042   450715.588811
43590   451297373   8042   449323.923379
58694   451297373   8042   447888.202745
47206   451297373   8042   446443.025913
31719   451297373   8042   445056.090805
25560   451297373   8042   443680.141750
49712   451297373   8042   442272.114118
23907   451297373   8042   440877.394072
24769   451297373   8042   439536.142682
22220   451297373   8042   438197.667787
28441   451297373   8042   436827.970196
22139   451297373   8042   435494.799076
23540   451297373   8042   434196.061494
52244   451297373   8042   432872.271354
38114   451297373   8042   431537.406012
86928   451297373   8042   430259.039483
91265   451297373   8042   428997.325261
20945   451297373   8042   427687.969929
21481   451297373   8042   426403.846089
77261   451297373   8042   425160.788963
26855   451297373   8042   423910.512494
27315   451297373   8042   422786.415757
33986   451297373   8042   422395.251497
26979   451297373   8042   422219.190010
28739   451297373   8042   420988.862623
48752   451297373   8042   419759.745224
40227   451297373   8042   418556.246697
38447   451297373   8042   417375.805152
22611   451297373   8042   416155.606702
19988   451297373   8042   414961.586478
21678   451297373   8042   413788.693663
21978   451297373   8042   412612.594588
17447   451297373   8042   411410.762264
12963   451297373   8042   410239.765423
26470   451297373   8042   409098.194654
18713   451297373   8042   407917.442052
40152   451297373   8042   406753.086161
69443   451297373   8042   405594.938959
32251   451297373   8042   404438.662902
33005   451297373   8042   403289.132090
28897   451297373   8042   402151.376613
41628   451297373   8042   401010.551955
32862   451297373   8042   399850.707707
9555   451297373   8042   398738.195539
9087   451297373   8042   397573.895863
9180   451297373   8042   396428.075347
26901   451297373   8042   395276.327268
9296   451297373   8042   394130.038609
9166   451297373   8042   392999.283542
9266   451297373   8042   391872.636850
9396   451297373   8042   390748.451576
9320   451297373   8042   389633.860096
9320   451297373   8042   388533.824703
9157   451297373   8042   387430.206941
33230   451297373   8042   386340.152702
33630   451297373   8042   385261.116618
25277   451297373   8042   384177.747077
18409   451297373   8042   383094.998828
9780   451297373   8042   382017.775869
9204   451297373   8042   380943.613153
8996   451297373   8042   379873.359173
9074   451297373   8042   378810.166085
9276   451297373   8042   377754.150232
9675   451297373   8042   376713.331148
9304   451297373   8042   375683.802824
26703   451297373   8042   374680.096584
27320   451297373   8042   373662.868160
26216   451297373   8042   372656.950897
9138   451297373   8042   371653.412749
9629   451297373   8042   370641.027870
40649   451297373   8042   369638.314145
9257   451297373   8042   368643.028974
9587   451297373   8042   367647.987565
33652   451297373   8042   366658.132674
23211   451297373   8042   365674.137563
21163   451297373   8042   364699.265370
28161   451297373   8042   363729.353698
8807   451297373   8042   362761.245823
9074   451297373   8042   361802.217735
8829   451297373   8042   360843.324358
8652   451297373   8042   359887.456008
8749   451297373   8042   358937.289752
9025   451297373   8042   358005.063658
9233   451297373   8042   357069.933236
9218   451297373   8042   356135.362275
19325   451297373   8042   355205.413134
19039   451297373   8042   354280.068777
23409   451297373   8042   353360.871657
35160   451297373   8042   352445.192024
9083   451297373   8042   351535.925736
8955   451297373   8042   350631.261805
9291   451297373   8042   349731.640870
28177   451297373   8042   348839.794802
9591   451297373   8042   347953.453174
9171   451297373   8042   347067.885238
9289   451297373   8042   346209.391344
9196   451297373   8042   345344.163287
9172   451297373   8042   344475.474380
9064   451297373   8042   343611.643473
9136   451297373   8042   342754.243811
20143   451297373   8042   341902.042221
18722   451297373   8042   341048.034004
9222   451297373   8042   340203.279227
9244   451297373   8042   339360.760993
9144   451297373   8042   338528.925399
9188   451297373   8042   337693.045338
9157   451297373   8042   336867.407360
9192   451297373   8042   336040.524517
9317   451297373   8042   335218.049991
9015   451297373   8042   334400.231574
9226   451297373   8042   333590.878749
9182   451297373   8042   332783.980507
13360   451297373   8042   331976.019411
33053   451297373   8042   331180.569171
9300   451297373   8042   330385.544995
9213   451297373   8042   329592.171602
10565   451297373   8042   328802.940924
9301   451297373   8042   328027.150455
8776   451297373   8042   327259.516435
9064   451297373   8042   326491.021573
9854   451297373   8042   325719.258611
9217   451297373   8042   324950.203875
9504   451297373   8042   324190.797330
11773   451297373   8042   323428.293253
19470   451297373   8042   322670.583549
21196   451297373   8042   321921.133654
24560   451297373   8042   321176.709668
10041   451297373   8042   320436.298877
9899   451297373   8042   319710.034917
9077   451297373   8042   318967.972936
9538   451297373   8042   318229.871716
34201   451297373   8042   317509.891898
42893   451297373   8042   316798.154201
9221   451297373   8042   316073.889012
9304   451297373   8042   315352.710265
9740   451297373   8042   314632.332562
9450   451297373   8042   313929.137799
33751   451297373   8042   313228.351505
18356   451297373   8042   312536.331417
17572   451297373   8042   311833.885844
11715   451297373   8042   311136.179760
24270   451297373   8042   310445.497323
9227   451297373   8042   309757.250624
40920   451297373   8042   309073.944536
26011   451297373   8042   308399.808721
41928   451297373   8042   307780.364735
15806   451297373   8042   307116.172922
9281   451297373   8042   306454.615165
21119   451297373   8042   305797.093050
24157   451297373   8042   305144.776145
24249   451297373   8042   304496.962349
36028   451297373   8042   303850.995797
71448   451297373   8042   303208.717902
46656   451297373   8042   302613.403712
9153   451297373   8042   301981.721323
24661   451297373   8042   301351.842870
23863   451297373   8042   300724.616207
24851   451297373   8042   300102.277229
39040   451297373   8042   299491.470727
43980   451297373   8042   298890.834854
38110   451297373   8042   298287.695691
24469   451297373   8042   297681.652262
19078   451297373   8042   297069.258842
18283   451297373   8042   296497.685382
16871   451297373   8042   295890.923775
41981   451297373   8042   295317.760023
15214   451297373   8042   294721.517716
16161   451297373   8042   294123.750991
21867   451297373   8042   293528.513863
20357   451297373   8042   292936.368521
38727   451297373   8042   292364.720675
14594   451297373   8042   291779.986059
16210   451297373   8042   291198.387156
22123   451297373   8042   290654.962602
26653   451297373   8042   290078.032513
26214   451297373   8042   289503.046281
29304   451297373   8042   288936.458823
64601   451297373   8042   288370.489070
27113   451297373   8042   287802.140720
26152   451297373   8042   287242.066480
23226   451297373   8042   286678.497346
24732   451297373   8042   286117.036005
46759   451297373   8042   285560.807433
38892   451297373   8042   285008.317256
20708   451297373   8042   284493.492076
24055   451297373   8042   283940.908889
25836   451297373   8042   283391.521769
25055   451297373   8042   282848.246767
24209   451297373   8042   282304.540649
44164   451297373   8042   281760.793353
30650   451297373   8042   281219.894776
25687   451297373   8042   280686.095874
16848   451297373   8042   280154.453909
24765   451297373   8042   279620.389096
25948   451297373   8042   279131.271858
25533   451297373   8042   278606.180610
24648   451297373   8042   278078.642561
25958   451297373   8042   277553.490048
24303   451297373   8042   277031.554953
26426   451297373   8042   276515.175065
32918   451297373   8042   276001.027465
43657   451297373   8042   275483.953469
24027   451297373   8042   274968.878800
17899   451297373   8042   274459.312920
18921   451297373   8042   273980.454140
16861   451297373   8042   273472.132505
17023   451297373   8042   272965.668686
16923   451297373   8042   272466.212112
16958   451297373   8042   271968.633749
16863   451297373   8042   271468.873656
17480   451297373   8042   270970.402965
37142   451297373   8042   270476.633986
19372   451297373   8042   269985.227114
21405   451297373   8042   269492.556735
16902   451297373   8042   269042.404570
22737   451297373   8042   268557.412987
26128   451297373   8042   268076.191598
23273   451297373   8042   267596.115268
23891   451297373   8042   267115.114643
24257   451297373   8042   266635.204821
27087   451297373   8042   266160.821517
22808   451297373   8042   265684.137843
24194   451297373   8042   265209.036413
25749   451297373   8042   264736.673669
23653   451297373   8042   264272.775478
43580   451297373   8042   263853.742174
39084   451297373   8042   263386.289382
25393   451297373   8042   262921.039541
26558   451297373   8042   262461.793164
24217   451297373   8042   262000.434690
27020   451297373   8042   261540.591047
27478   451297373   8042   261081.941376
29240   451297373   8042   260630.120093
25055   451297373   8042   260179.014216
28586   451297373   8042   259725.512351
19606   451297373   8042   259303.806494
36227   451297373   8042   258854.830011
26301   451297373   8042   258411.623256
25939   451297373   8042   257965.436962
23570   451297373   8042   257520.978246
25402   451297373   8042   257082.424488
18691   451297373   8042   256645.866613
24608   451297373   8042   256206.612507
26219   451297373   8042   255768.837606
26427   451297373   8042   255333.783546
16616   451297373   8042   254940.260894
20956   451297373   8042   254508.046075
22506   451297373   8042   254077.120862
18058   451297373   8042   253652.083880
24353   451297373   8042   253230.215090
28461   451297373   8042   252804.121493
18369   451297373   8042   252379.950712
17103   451297373   8042   251958.109969
18949   451297373   8042   251540.542358
16737   451297373   8042   251121.443780
17176   451297373   8042   250706.187106
21584   451297373   8042   250290.190462
26820   451297373   8042   249881.239743
23762   451297373   8042   249469.587039
29079   451297373   8042   249057.464043
36551   451297373   8042   248647.519125
31279   451297373   8042   248242.442244
21700   451297373   8042   247835.158966
26973   451297373   8042   247429.064555
26479   451297373   8042   247025.118658
46916   451297373   8042   246629.403618
25735   451297373   8042   246229.127344
24609   451297373   8042   245836.468760
20521   451297373   8042   245437.363050
27304   451297373   8042   245044.787924
26869   451297373   8042   244648.458753
22574   451297373   8042   244253.316021
24553   451297373   8042   243859.552801
30751   451297373   8042   243470.743174
28731   451297373   8042   243083.340380
20050   451297373   8042   242694.340490
23832   451297373   8042   242307.028652
46463   451297373   8042   241922.481404
26542   451297373   8042   241540.011930
27712   451297373   8042   241155.825117
24478   451297373   8042   240773.377826
25334   451297373   8042   240395.768634
26901   451297373   8042   240019.486769
23883   451297373   8042   239641.316209
25840   451297373   8042   239264.379961
32684   451297373   8042   238890.273510
23131   451297373   8042   238517.962968
17119   451297373   8042   238144.416302
19714   451297373   8042   237772.575134
29911   451297373   8042   237403.164690
18616   451297373   8042   237039.036463
19187   451297373   8042   236671.047049
17348   451297373   8042   236304.496114
18555   451297373   8042   235939.952848
19827   451297373   8042   235579.672545
18110   451297373   8042   235217.028853
22952   451297373   8042   234855.157920
24662   451297373   8042   234494.826287
44703   451297373   8042   234139.460899
24487   451297373   8042   233783.743619
24693   451297373   8042   233426.796163
23737   451297373   8042   233071.319988
27971   451297373   8042   232721.311609
23099   451297373   8042   232370.551595
24622   451297373   8042   232018.381873
23052   451297373   8042   231668.166509
25920   451297373   8042   231321.369462
25684   451297373   8042   230975.750527
35334   451297373   8042   230628.966353
24062   451297373   8042   230282.532357
17237   451297373   8042   229941.400306
23569   451297373   8042   229598.302036
18522   451297373   8042   229255.504019
24410   451297373   8042   228913.659510
22628   451297373   8042   228576.245802
24510   451297373   8042   228240.661510
26148   451297373   8042   227915.701320
28529   451297373   8042   227597.987952
43881   451297373   8042   227268.783167
39086   451297373   8042   226936.039635
47559   451297373   8042   226602.905358
24916   451297373   8042   226363.755400
27996   451297373   8042   226468.784763
26358   451297373   8042   226662.531113
24234   451297373   8042   226333.136767
25648   451297373   8042   226003.039288
16400   451297373   8042   225674.797520
32586   451297373   8042   225372.647239
16216   451297373   8042   225069.181621
21251   451297373   8042   224743.405252
24101   451297373   8042   224419.598141
17188   451297373   8042   224100.906194
31597   451297373   8042   223778.957312
39938   451297373   8042   223457.527729
16738   451297373   8042   223137.429902
18367   451297373   8042   222821.970369
17158   451297373   8042   222504.186677
23156   451297373   8042   222186.380378
50377   451297373   8042   221899.821748
32461   451297373   8042   221588.559898
25936   451297373   8042   221277.755268
23627   451297373   8042   220964.592323
23921   451297373   8042   220652.381877
25597   451297373   8042   220345.195073
25230   451297373   8042   220035.266640
42874   451297373   8042   219726.020321
24294   451297373   8042   219418.121385
23999   451297373   8042   219113.315741
30498   451297373   8042   218836.501927
28734   451297373   8042   218530.990391
27208   451297373   8042   218226.906040
23261   451297373   8042   217927.656029
19284   451297373   8042   217625.609337
25710   451297373   8042   217323.772637
26608   451297373   8042   217023.048588
25473   451297373   8042   216725.669553
21949   451297373   8042   216430.262635
26972   451297373   8042   216132.764765
26528   451297373   8042   215858.458941
24612   451297373   8042   215563.318580
19639   451297373   8042   215271.808503
24777   451297373   8042   214977.924157
24252   451297373   8042   214685.024228
26311   451297373   8042   214393.116339
25785   451297373   8042   214106.300834
23795   451297373   8042   213815.700105
24916   451297373   8042   213525.548996
23657   451297373   8042   213237.127658
33556   451297373   8042   212953.177645
29516   451297373   8042   212670.865124
18258   451297373   8042   212384.087294
20460   451297373   8042   212099.074133
32229   451297373   8042   211819.534686
24707   451297373   8042   211536.319282
18550   451297373   8042   211253.337645
18070   451297373   8042   210971.322264
16262   451297373   8042   210692.983791
21554   451297373   8042   210414.660874
19058   451297373   8042   210136.032318
17332   451297373   8042   209857.645514
40845   451297373   8042   209582.456327
36039   451297373   8042   209307.782065
27561   451297373   8042   209031.843425
24009   451297373   8042   208756.554112
25396   451297373   8042   208485.696775
17925   451297373   8042   208212.483867
20946   451297373   8042   207939.352350
19724   451297373   8042   207667.070396
23454   451297373   8042   207398.437290
26669   451297373   8042   207130.761649
19728   451297373   8042   206861.027642
21128   451297373   8042   206592.474050
40825   451297373   8042   206327.927439
26612   451297373   8042   206061.195709
25626   451297373   8042   205795.157121
24803   451297373   8042   205529.862762
35702   451297373   8042   205268.125553
19278   451297373   8042   205005.926873
23701   451297373   8042   204742.544844
24867   451297373   8042   204480.058276
41367   451297373   8042   204219.200700
22673   451297373   8042   203960.974820
26157   451297373   8042   203702.266336
38035   451297373   8042   203441.797085
50211   451297373   8042   203183.573529
24276   451297373   8042   202929.103129
24815   451297373   8042   202671.296396
24411   451297373   8042   202415.783389
14165   451297373   8042   202160.301002
24114   451297373   8042   201908.046123
23373   451297373   8042   201653.097210
24232   451297373   8042   201398.917614
17176   451297373   8042   201145.323775
24112   451297373   8042   200897.886010
33941   451297373   8042   200646.196543
47937   451297373   8042   200395.459875
18741   451297373   8042   200145.381359
18904   451297373   8042   199900.778841
19402   451297373   8042   199652.265482
17850   451297373   8042   199404.215778
18846   451297373   8042   199156.415373
17196   451297373   8042   198915.291554
25185   451297373   8042   198669.113946
23076   451297373   8042   198423.605208
25278   451297373   8042   198178.781582
25816   451297373   8042   197938.194784
23830   451297373   8042   197694.974428
28644   451297373   8042   197452.538963
24265   451297373   8042   197210.133473
26776   451297373   8042   196984.826216
26411   451297373   8042   196746.228038
23016   451297373   8042   196506.177357
23734   451297373   8042   196266.544006
46606   451297373   8042   196029.785567
24321   451297373   8042   195792.424789
17952   451297373   8042   195557.607525
26203   451297373   8042   195321.156095
48934   451297373   8042   195087.270068
40957   451297373   8042   194856.501118
46780   451297373   8042   194645.630780
27502   451297373   8042   194413.287933
24740   451297373   8042   194181.660886
22249   451297373   8042   193953.506884
23378   451297373   8042   193725.892437
25598   451297373   8042   193499.545697
14849   451297373   8042   193270.631143
26565   451297373   8042   193047.103429
26851   451297373   8042   192823.364942
29820   451297373   8042   192597.268619
28718   451297373   8042   192369.979036
42855   451297373   8042   192155.109354
43265   451297373   8042   191935.249541
25164   451297373   8042   191710.104126
25919   451297373   8042   191485.111373
17713   451297373   8042   191265.568668
18568   451297373   8042   191048.549441
20428   451297373   8042   190825.817700
21426   451297373   8042   190603.430154
25655   451297373   8042   190386.596032
17745   451297373   8042   190171.227971
20255   451297373   8042   189950.403631
18851   451297373   8042   189730.299587
27859   451297373   8042   189515.490208
23777   451297373   8042   189303.620473
28407   451297373   8042   189085.346587
24514   451297373   8042   188867.397487
30760   451297373   8042   188656.583525
27570   451297373   8042   188443.691586
29427   451297373   8042   188232.568096
29075   451297373   8042   188017.360254
24199   451297373   8042   187807.921941
24556   451297373   8042   187599.378070
27665   451297373   8042   187386.171451
26206   451297373   8042   187173.350895
24838   451297373   8042   186965.264437
24238   451297373   8042   186757.823390
52167   451297373   8042   186545.714890
26325   451297373   8042   186334.126464
25947   451297373   8042   186127.577235
23316   451297373   8042   185925.406096
38773   451297373   8042   185715.931995
26132   451297373   8042   185507.558139
26075   451297373   8042   185301.880634
26961   451297373   8042   185101.201049
27439   451297373   8042   184894.027891
26536   451297373   8042   184687.426191
28900   451297373   8042   184483.614494
26213   451297373   8042   184286.498165
46186   451297373   8042   184081.983171
24863   451297373   8042   183877.258229
26502   451297373   8042   183675.583041
23769   451297373   8042   183478.478843
27226   451297373   8042   183275.192535
23748   451297373   8042   183072.666162
77243   451297373   8042   182871.755989
24906   451297373   8042   182679.304665
17751   451297373   8042   182479.307516
18148   451297373   8042   182278.874830
18732   451297373   8042   182081.936538
36219   451297373   8042   181888.713067
29427   451297373   8042   181690.571322
19155   451297373   8042   181492.948051
18111   451297373   8042   181298.847697
42576   451297373   8042   181105.862577
23980   451297373   8042   180911.761202
25510   451297373   8042   180715.604181
26182   451297373   8042   180524.520930
23667   451297373   8042   180331.102748
23801   451297373   8042   180139.396032
24903   451297373   8042   179945.630566
23544   451297373   8042   179757.348556
23455   451297373   8042   179581.689569
25599   451297373   8042   179394.084062
46200   451297373   8042   179202.407854
23771   451297373   8042   179016.214495
23476   451297373   8042   178824.937515
23858   451297373   8042   178637.503592
51942   451297373   8042   178457.514280
40518   451297373   8042   178383.083794
22068   451297373   8042   179921.160988
27344   451297373   8042   180705.251739
24958   451297373   8042   180861.057275
26127   451297373   8042   181650.200401
38750   451297373   8042   181605.811656
29695   451297373   8042   182911.421897
44096   451297373   8042   184113.728743
52350   451297373   8042   184165.767936
31827   451297373   8042   184259.717399
34114   451297373   8042   184214.122071
44172   451297373   8042   184176.105494
29983   451297373   8042   184035.275612
26956   451297373   8042   183914.208942
32700   451297373   8042   183736.486023
35625   451297373   8042   183570.323089
54522   451297373   8042   183668.883418
36595   451297373   8042   183482.408381
44986   451297373   8042   183307.024664
9248   451297373   8042   183128.108559
23108   451297373   8042   183036.064703
34239   451297373   8042   183066.482619
39898   451297373   8042   182887.546256
28796   451297373   8042   182785.330538
33112   451297373   8042   182609.449964
32146   451297373   8042   182489.153513
10804   451297373   8042   182364.786021
21848   451297373   8042   182189.436067
29653   451297373   8042   182016.503063
16162   451297373   8042   181845.732187
24979   451297373   8042   181661.393455
15465   451297373   8042   181481.911328
18760   451297373   8042   181337.032894
34487   451297373   8042   181652.853962
33786   451297373   8042   182809.933229
19604   451297373   8042   182664.763525
28866   451297373   8042   182500.158311
21781   451297373   8042   182321.653668
29621   451297373   8042   182149.107098
32436   451297373   8042   182002.898055
29367   451297373   8042   181877.570909
32958   451297373   8042   181739.304333
20676   451297373   8042   181569.094283
33306   451297373   8042   181405.497084
26933   451297373   8042   181228.095460
30198   451297373   8042   181054.757589
27481   451297373   8042   180900.380772
37129   451297373   8042   180740.013203
47251   451297373   8042   180575.175888
46028   451297373   8042   180413.886834
30564   451297373   8042   180252.540551
26165   451297373   8042   180095.394975
43555   451297373   8042   179928.762139
35408   451297373   8042   179779.938048
13653   451297373   8042   180119.679118
44647   451297373   8042   180034.483554
25916   451297373   8042   179869.677018
38468   451297373   8042   179721.952487
13706   451297373   8042   179553.227960
35190   451297373   8042   179394.831855
51630   451297373   8042   179232.665999
34568   451297373   8042   179070.746488
27914   451297373   8042   178904.779811
24445   451297373   8042   178748.546797
26598   451297373   8042   178584.060163
27042   451297373   8042   178412.877894
25310   451297373   8042   178244.224885
39809   451297373   8042   178098.443291
25159   451297373   8042   177935.762941
18331   451297373   8042   177764.683886
19372   451297373   8042   177664.154842
19811   451297373   8042   177529.095304
39390   451297373   8042   177357.831026
23319   451297373   8042   177196.166560
25980   451297373   8042   177030.495152
16367   451297373   8042   176862.850730
18960   451297373   8042   176692.502765
90228   451297373   8042   176704.526561
26183   451297373   8042   176571.580059
32398   451297373   8042   176421.261763
25071   451297373   8042   176479.018920
42216   451297373   8042   176508.770436
31529   451297373   8042   176338.247544
19972   451297373   8042   176167.324055
28954   451297373   8042   175996.018439
41495   451297373   8042   175827.451288
25126   451297373   8042   175660.120780
30701   451297373   8042   175490.451888
9575   451297373   8042   175321.035474
28728   451297373   8042   175151.722837
27362   451297373   8042   174985.449972
24591   451297373   8042   174816.701910
25097   451297373   8042   174648.409559
43697   451297373   8042   174480.631192
29061   451297373   8042   174315.482512
9338   451297373   8042   174151.313205
24812   451297373   8042   173984.712755
18846   451297373   8042   173817.908927
24605   451297373   8042   173654.663883
25148   451297373   8042   173492.030978
23933   451297373   8042   173327.650722
22626   451297373   8042   173162.585607
29280   451297373   8042   173000.795778
29521   451297373   8042   172901.903518
33848   451297373   8042   173027.893394
28750   451297373   8042   173263.707730
47886   451297373   8042   173101.952275
23762   451297373   8042   172938.664681
24411   451297373   8042   172774.875114
19152   451297373   8042   172611.290714
18956   451297373   8042   172451.246707
18026   451297373   8042   172291.433896
11611   451297373   8042   172129.103033
16773   451297373   8042   171967.131098
18060   451297373   8042   171806.358755
10167   451297373   8042   171647.816386
18665   451297373   8042   171487.348931
28016   451297373   8042   171326.880440
16226   451297373   8042   171168.188681
19688   451297373   8042   171012.466739
25213   451297373   8042   170853.436341
29724   451297373   8042   170694.658030
11931   451297373   8042   170536.761630
47863   451297373   8042   170380.656514
23094   451297373   8042   170224.504141
10305   451297373   8042   170066.752127
30122   451297373   8042   169910.104561
25071   451297373   8042   169757.143134
33080   451297373   8042   169601.990586
32612   451297373   8042   169447.463864
19226   451297373   8042   169293.212801
24924   451297373   8042   169141.393725
21273   451297373   8042   168988.001134
23520   451297373   8042   168834.985843
53783   451297373   8042   168682.323637
28918   451297373   8042   168533.215401
23464   451297373   8042   168381.118304
25951   451297373   8042   168228.969903
27092   451297373   8042   168077.458273
24416   451297373   8042   167928.911169
20738   451297373   8042   167777.750030
39945   451297373   8042   167626.586672
23910   451297373   8042   167475.917682
31021   451297373   8042   167327.609575
24237   451297373   8042   167179.778765
24942   451297373   8042   167030.555761
23414   451297373   8042   166881.540470
24265   451297373   8042   166735.258859
22429   451297373   8042   166586.966143
41965   451297373   8042   166438.819500
32329   451297373   8042   166291.147829
15981   451297373   8042   166145.157737
18966   451297373   8042   166000.908841
36521   451297373   8042   165854.429651
41122   451297373   8042   165707.758525
16964   451297373   8042   165561.671599
17685   451297373   8042   165418.029109
16994   451297373   8042   165272.324769
19993   451297373   8042   165126.786575
18797   451297373   8042   164981.837100
26062   451297373   8042   164840.465767
23257   451297373   8042   164696.305066
24552   451297373   8042   164551.971505
27856   451297373   8042   164408.345777
27772   451297373   8042   164267.193192
45047   451297373   8042   164123.865770
29331   451297373   8042   163980.791820
24338   451297373   8042   163838.437376
25581   451297373   8042   163699.631508
27985   451297373   8042   163557.810323
22970   451297373   8042   163415.872980
29070   451297373   8042   163274.440316
24290   451297373   8042   163135.821770
29743   451297373   8042   162995.252437
28499   451297373   8042   162854.709268
43152   451297373   8042   162714.524944
42157   451297373   8042   162576.471451
22381   451297373   8042   162439.308837
24936   451297373   8042   162300.043627
24023   451297373   8042   162160.874983
20841   451297373   8042   162026.913864
25381   451297373   8042   161888.575531
24745   451297373   8042   161750.718277
30540   451297373   8042   161613.285104
25752   451297373   8042   161476.891959
27327   451297373   8042   161341.771287
23262   451297373   8042   161204.860161
20880   451297373   8042   161068.020967
49985   451297373   8042   160931.529183
27316   451297373   8042   160797.671896
24040   451297373   8042   160661.582161
17665   451297373   8042   160525.486335
18835   451297373   8042   160390.412237
26656   451297373   8042   160257.563661
16554   451297373   8042   160123.567004
19823   451297373   8042   159988.781853
15680   451297373   8042   159854.250234
19545   451297373   8042   159722.267791
16359   451297373   8042   159588.141310
36661   451297373   8042   159457.894756
26850   451297373   8042   159324.731842
25736   451297373   8042   159194.648971
22380   451297373   8042   159061.852816
21057   451297373   8042   158929.184304
25835   451297373   8042   158796.732993
22748   451297373   8042   158667.055068
30251   451297373   8042   158535.158109
25462   451297373   8042   158403.591977
19061   451297373   8042   158272.246009
28720   451297373   8042   158143.695921
26124   451297373   8042   158014.135375
26781   451297373   8042   157883.583448
38480   451297373   8042   157753.361153
38943   451297373   8042   157625.522646
28172   451297373   8042   157496.118655
27681   451297373   8042   157366.312855
26743   451297373   8042   157237.115580
24649   451297373   8042   157109.382508
24281   451297373   8042   156982.159253
23898   451297373   8042   156853.356422
27712   451297373   8042   156725.850877
25878   451297373   8042   156600.553351
25056   451297373   8042   156474.898840
25552   451297373   8042   156347.595021
39462   451297373   8042   156220.270901
51211   451297373   8042   156093.171962
25473   451297373   8042   155969.032601
23432   451297373   8042   155842.706221
21715   451297373   8042   155716.075897
18833   451297373   8042   155590.234618
23786   451297373   8042   155466.175683
17644   451297373   8042   155344.393153
17365   451297373   8042   155219.109573
18334   451297373   8042   155094.292012
34795   451297373   8042   154972.557029
51508   451297373   8042   154848.187806
19277   451297373   8042   154723.492214
32369   451297373   8042   154598.916079
16842   451297373   8042   154477.078901
16496   451297373   8042   154353.674138
15876   451297373   8042   154230.174844
17729   451297373   8042   154108.934220
46479   451297373   8042   153989.004948
29401   451297373   8042   153866.556735
24720   451297373   8042   153744.245007
27157   451297373   8042   153622.294156
25709   451297373   8042   153502.937552
30863   451297373   8042   153381.500755
20097   451297373   8042   153259.931975
35132   451297373   8042   153138.474385
28296   451297373   8042   153019.254601
24270   451297373   8042   152900.707138
27176   451297373   8042   152780.332242
27130   451297373   8042   152659.975258
35475   451297373   8042   152541.649847
20186   451297373   8042   152422.740398
24591   451297373   8042   152303.056919
28004   451297373   8042   152183.817006
30870   451297373   8042   152066.122727
27129   451297373   8042   151948.940672
47163   451297373   8042   151830.138925
30724   451297373   8042   151713.572902
25462   451297373   8042   151595.533127
30420   451297373   8042   151479.272803
23716   451297373   8042   151361.521397
24121   451297373   8042   151243.807073
25731   451297373   8042   151126.469307
29076   451297373   8042   151011.773062
25658   451297373   8042   150894.618310
37726   451297373   8042   150777.615371
19238   451297373   8042   150661.529943
34797   451297373   8042   150547.045537
26749   451297373   8042   150430.858351
19632   451297373   8042   150314.808168
17120   451297373   8042   150199.183095
16616   451297373   8042   150085.921277
16598   451297373   8042   149971.547784
17703   451297373   8042   149856.228812
17076   451297373   8042   149741.464340
20536   451297373   8042   149629.120425
20307   451297373   8042   149515.256506
18311   451297373   8042   149400.883537
17594   451297373   8042   149286.661628
23581   451297373   8042   149174.349900
37243   451297373   8042   149062.329529
25838   451297373   8042   148948.563586
26353   451297373   8042   148835.448210
30225   451297373   8042   148724.709967
22609   451297373   8042   148612.053849
25850   451297373   8042   148499.499554
28967   451297373   8042   148387.092808
23574   451297373   8042   148276.630200
45908   451297373   8042   148166.138545
26278   451297373   8042   148055.293723
41815   451297373   8042   147943.459085
43058   451297373   8042   147832.572512
45346   451297373   8042   147723.173143
26605   451297373   8042   147612.210756
22081   451297373   8042   147501.437619
24214   451297373   8042   147394.239168
23190   451297373   8042   147286.718027
24791   451297373   8042   147176.802703
25743   451297373   8042   147066.887204
24869   451297373   8042   146957.288484
27233   451297373   8042   146849.746420
23395   451297373   8042   146740.060707
26572   451297373   8042   146630.954503
46331   451297373   8042   146522.246651
31050   451297373   8042   146416.285847
25224   451297373   8042   146307.656186
20921   451297373   8042   146199.220627
25604   451297373   8042   146090.834755
24395   451297373   8042   145984.937833
24397   451297373   8042   145877.098838
21685   451297373   8042   145769.482792
19374   451297373   8042   145661.928370
33689   451297373   8042   145556.287472
25938   451297373   8042   145450.387292
17442   451297373   8042   145343.286214
18054   451297373   8042   145236.675778
18761   451297373   8042   145130.837479
17357   451297373   8042   145026.369658
20272   451297373   8042   144920.284502
18593   451297373   8042   144814.377463
17717   451297373   8042   144710.255097
25748   451297373   8042   144606.593966
23553   451297373   8042   144501.464992
22151   451297373   8042   144396.335758
24325   451297373   8042   144291.786635
28900   451297373   8042   144188.668334
24080   451297373   8042   144084.146594
31669   451297373   8042   143979.604487
22244   451297373   8042   143875.951942
25239   451297373   8042   143774.536180
19740   451297373   8042   143670.858334
30453   451297373   8042   143567.294081
25247   451297373   8042   143463.828051
23807   451297373   8042   143362.199110
26725   451297373   8042   143259.076932
28420   451297373   8042   143156.011239
42885   451297373   8042   143053.947005
24569   451297373   8042   142954.309541
28418   451297373   8042   142852.178123
18422   451297373   8042   142750.190732
24050   451297373   8042   142648.182853
28697   451297373   8042   142548.525055
28465   451297373   8042   142446.947134
25449   451297373   8042   142345.328325
23610   451297373   8042   142244.018002
27019   451297373   8042   142144.777282
24357   451297373   8042   142044.945459
26978   451297373   8042   141944.294067
33345   451297373   8042   141843.585473
23060   451297373   8042   141745.103744
30141   451297373   8042   141645.031114
30445   451297373   8042   141544.925383
29181   451297373   8042   141445.158571
18022   451297373   8042   141346.633930
19295   451297373   8042   141248.865237
19599   451297373   8042   141149.488478
19582   451297373   8042   141050.314116
22365   451297373   8042   140952.110496
19019   451297373   8042   140854.603324
32572   451297373   8042   140755.870597
18277   451297373   8042   140657.040932
17749   451297373   8042   140559.752799
18377   451297373   8042   140463.349827
18445   451297373   8042   140365.530677
22059   451297373   8042   140267.467943
26010   451297373   8042   140170.190520
30289   451297373   8042   140074.582565
25356   451297373   8042   139977.344852
23091   451297373   8042   139880.333758
31569   451297373   8042   139783.722346
25797   451297373   8042   139690.076182
33143   451297373   8042   139593.135205
24175   451297373   8042   139496.426634
22831   451297373   8042   139400.047796
25946   451297373   8042   139305.505797
28186   451297373   8042   139209.615296
21419   451297373   8042   139113.661163
25061   451297373   8042   139018.150856
26618   451297373   8042   138925.315076
24233   451297373   8042   138830.095174
25597   451297373   8042   138734.823073
39492   451297373   8042   138639.779432
39773   451297373   8042   138546.608421
24304   451297373   8042   138451.855477
28207   451297373   8042   138357.075572
24174   451297373   8042   138262.540497
52804   451297373   8042   138170.521309
23676   451297373   8042   138077.855460
18732   451297373   8042   137983.592185
24520   451297373   8042   137889.657768
26065   451297373   8042   137798.048608
25348   451297373   8042   137704.757238
28800   451297373   8042   137611.342264
21375   451297373   8042   137517.917473
23974   451297373   8042   137426.928679
45167   451297373   8042   137338.865278
18091   451297373   8042   137247.153398
19674   451297373   8042   137154.535183
19968   451297373   8042   137062.268921
16199   451297373   8042   137018.337316
17669   451297373   8042   137144.055705
25803   451297373   8042   137313.712649
17564   451297373   8042   137221.785761
22806   451297373   8042   137132.366341
35506   451297373   8042   137040.445997
38612   451297373   8042   136948.456224
23644   451297373   8042   136856.500472
29318   451297373   8042   136766.872201
25112   451297373   8042   136675.315790
26094   451297373   8042   136584.059389
30011   451297373   8042   136492.865778
23111   451297373   8042   136404.171682
25949   451297373   8042   136313.851936
26489   451297373   8042   136223.338837
25788   451297373   8042   136132.648181
19909   451297373   8042   136044.476977
25342   451297373   8042   135954.376952
68578   451297373   8042   135864.226075
24705   451297373   8042   135774.268767
46991   451297373   8042   135686.453013
24635   451297373   8042   135597.589812
23079   451297373   8042   135508.128960
28539   451297373   8042   135418.886676
18441   451297373   8042   135331.732068
25582   451297373   8042   135242.671260
25074   451297373   8042   135153.693622
24345   451297373   8042   135065.094307
24333   451297373   8042   134977.711069
24206   451297373   8042   134890.661668
21938   451297373   8042   134802.031882
23900   451297373   8042   134713.730981
48309   451297373   8042   134626.271481
25064   451297373   8042   134540.000317
24528   451297373   8042   134451.891692
18924   451297373   8042   134364.104839
49673   451297373   8042   134277.566084
24309   451297373   8042   134192.287569
25254   451297373   8042   134105.053925
16670   451297373   8042   134017.350766
18386   451297373   8042   133930.657989
26817   451297373   8042   133845.399119
25932   451297373   8042   133758.622478
20051   451297373   8042   133671.831807
15665   451297373   8042   133585.456796
19735   451297373   8042   133501.745257
18052   451297373   8042   133415.626096
16630   451297373   8042   133330.095419
21214   451297373   8042   133244.483104
15643   451297373   8042   133160.603960
22705   451297373   8042   133075.341949
18709   451297373   8042   132989.711668
45895   451297373   8042   132904.685538
26484   451297373   8042   132821.081120
42275   451297373   8042   132737.479624
28075   451297373   8042   132652.394107
24551   451297373   8042   132567.787572
29434   451297373   8042   132485.891382
28890   451297373   8042   132401.895409
29553   451297373   8042   132318.121861
29351   451297373   8042   132234.070160
26179   451297373   8042   132153.560360
24215   451297373   8042   132070.725136
23831   451297373   8042   131987.160751
24307   451297373   8042   131904.083266
36287   451297373   8042   131822.563949
39167   451297373   8042   131739.717528
30048   451297373   8042   131657.610864
30771   451297373   8042   131576.239844
25201   451297373   8042   131496.721819
27727   451297373   8042   131417.175560
33580   451297373   8042   131336.439465
32964   451297373   8042   131255.870865
34607   451297373   8042   131176.604880
32976   451297373   8042   131095.958043
25992   451297373   8042   131015.370979
31049   451297373   8042   130934.834585
47968   451297373   8042   130855.621033
25567   451297373   8042   130777.436873
31569   451297373   8042   130697.548399
18144   451297373   8042   130617.262493
16710   451297373   8042   130537.438834
20397   451297373   8042   130459.226275
21019   451297373   8042   130379.425781
34029   451297373   8042   130299.877906
17250   451297373   8042   130220.535238
19322   451297373   8042   130143.511281
17482   451297373   8042   130064.163293
42446   451297373   8042   129984.947355
19182   451297373   8042   129905.840127
26675   451297373   8042   129828.731754
27644   451297373   8042   129749.875465
50881   451297373   8042   129670.758085
47879   451297373   8042   129591.998931
25500   451297373   8042   129516.720910
29483   451297373   8042   129440.674551
33388   451297373   8042   129362.377134
26302   451297373   8042   129284.066105
26278   451297373   8042   129207.151123
23233   451297373   8042   129129.663484
27075   451297373   8042   129051.661522
30643   451297373   8042   128973.797328
26019   451297373   8042   128898.076240
25706   451297373   8042   128820.578127
25295   451297373   8042   128743.127585
30778   451297373   8042   128665.419985
46848   451297373   8042   128589.725153
29478   451297373   8042   128512.803633
30837   451297373   8042   128435.700943
30454   451297373   8042   128358.640125
26043   451297373   8042   128282.724964
28730   451297373   8042   128207.130220
25112   451297373   8042   128130.346669
29233   451297373   8042   128053.730204
28692   451297373   8042   127977.304101
48758   451297373   8042   127902.551502
34160   451297373   8042   127826.305762
26305   451297373   8042   127750.385238
21393   451297373   8042   127674.482413
32087   451297373   8042   127600.854990
30373   451297373   8042   127525.377820
19028   451297373   8042   127449.575356
18249   451297373   8042   127373.771846
19289   451297373   8042   127299.784730
20187   451297373   8042   127224.372937
22128   451297373   8042   127149.022462
18378   451297373   8042   127073.668880
18331   451297373   8042   127001.863732
18658   451297373   8042   126927.134356
18117   451297373   8042   126852.052202
74905   451297373   8042   126777.239058
19778   451297373   8042   126704.181180
23185   451297373   8042   126629.582815
24411   451297373   8042   126554.985840
24763   451297373   8042   126480.573836
48792   451297373   8042   126407.845562
26273   451297373   8042   126335.280450
24983   451297373   8042   126261.336572
24128   451297373   8042   126187.242411
24353   451297373   8042   126113.392051
25480   451297373   8042   126041.327514
30570   451297373   8042   125967.649692
28774   451297373   8042   125893.907881
27106   451297373   8042   125820.810811
27427   451297373   8042   125749.346174
25762   451297373   8042   125676.183950
25379   451297373   8042   125603.052981
49091   451297373   8042   125529.965472
29931   451297373   8042   125458.506946
26688   451297373   8042   125385.719597
54662   451297373   8042   125312.711590
30732   451297373   8042   125239.977493
25366   451297373   8042   125170.164409
25850   451297373   8042   125098.117804
28048   451297373   8042   125025.787481
28266   451297373   8042   124953.714361
28237   451297373   8042   124883.392424
26267   451297373   8042   124811.593097
29379   451297373   8042   124739.653019
31808   451297373   8042   124667.877543
27831   451297373   8042   124599.205529
26316   451297373   8042   124528.017012
39095   451297373   8042   124456.554158
39254   451297373   8042   124385.016374
16951   451297373   8042   124315.207462
21717   451297373   8042   124244.276150
20984   451297373   8042   124173.055250
18723   451297373   8042   124102.256670
29213   451297373   8042   124033.230050
16931   451297373   8042   123962.980352
18057   451297373   8042   123892.397871
17917   451297373   8042   123821.921233
17305   451297373   8042   123752.662828
22658   451297373   8042   123682.624316
29010   451297373   8042   123612.508848
40677   451297373   8042   123542.192568
34564   451297373   8042   123472.857043
47116   451297373   8042   123405.624911
25349   451297373   8042   123335.895428
23930   451297373   8042   123266.022358
18248   451297373   8042   123196.700174
32888   451297373   8042   123128.664215
24350   451297373   8042   123059.244688
27075   451297373   8042   122989.882505
17221   451297373   8042   122920.409731
28909   451297373   8042   122853.588066
25824   451297373   8042   122784.584032
24599   451297373   8042   122715.662443
26243   451297373   8042   122646.931706
28103   451297373   8042   122579.689493
39366   451297373   8042   122511.043413
24059   451297373   8042   122442.417394
24782   451297373   8042   122373.725441
25008   451297373   8042   122308.539434
27012   451297373   8042   122240.536765
24713   451297373   8042   122174.366257
26281   451297373   8042   122106.351758
24912   451297373   8042   122039.875477
27068   451297373   8042   121971.978544
26929   451297373   8042   121903.996328
26442   451297373   8042   121836.439653
36548   451297373   8042   121770.264437
24184   451297373   8042   121704.260802
18216   451297373   8042   121636.707118
18378   451297373   8042   121569.196036
33958   451297373   8042   121503.240964
19082   451297373   8042   121436.384681
19675   451297373   8042   121369.303260
18612   451297373   8042   121302.332604
28323   451297373   8042   121235.996854
18814   451297373   8042   121170.899477
18526   451297373   8042   121104.191862
25064   451297373   8042   121037.457487
28182   451297373   8042   120971.165380
35221   451297373   8042   120906.056348
24850   451297373   8042   120839.661567
23971   451297373   8042   120773.441887
46279   451297373   8042   120707.362666
32339   451297373   8042   120643.284983
29422   451297373   8042   120577.369696
30537   451297373   8042   120511.245652
31384   451297373   8042   120445.384567
31537   451297373   8042   120381.014227
29175   451297373   8042   120315.235086
29398   451297373   8042   120249.649198
44913   451297373   8042   120184.164928
33059   451297373   8042   120121.402593
21085   451297373   8042   120056.282789
20766   451297373   8042   119991.057054
29741   451297373   8042   119926.362161
43803   451297373   8042   119862.609771
23645   451297373   8042   119797.891128
22626   451297373   8042   119733.061472
25827   451297373   8042   119668.262104
46270   451297373   8042   119605.396075
25749   451297373   8042   119541.102103
24690   451297373   8042   119476.610333
43067   451297373   8042   119412.716890
43677   451297373   8042   119349.806955
24335   451297373   8042   119285.868048
25416   451297373   8042   119221.694791
26197   451297373   8042   119157.478955
25414   451297373   8042   119094.450746
24720   451297373   8042   119031.764715
23809   451297373   8042   118967.911418
23863   451297373   8042   118904.175911
25310   451297373   8042   118840.687488
23494   451297373   8042   118778.587133
27366   451297373   8042   118715.164134
16572   451297373   8042   118651.690861
32883   451297373   8042   118588.440639
25726   451297373   8042   118527.864801
25122   451297373   8042   118464.988007
25805   451297373   8042   118401.876874
25184   451297373   8042   118338.728730
27295   451297373   8042   118277.325747
24720   451297373   8042   118214.515601
35946   451297373   8042   118151.836239
29801   451297373   8042   118089.205580
26211   451297373   8042   118028.965122
28607   451297373   8042   117966.566677
19577   451297373   8042   117904.198123
24498   451297373   8042   117842.014265
18382   451297373   8042   117781.199124
21419   451297373   8042   117719.147573
18877   451297373   8042   117657.030876
18149   451297373   8042   117594.762080
25005   451297373   8042   117534.729643
17699   451297373   8042   117473.322611
17569   451297373   8042   117411.649983
18207   451297373   8042   117350.098677
28661   451297373   8042   117289.880385
26420   451297373   8042   117228.609905
22257   451297373   8042   117167.070275
43643   451297373   8042   117105.913752
25012   451297373   8042   117045.398285
25355   451297373   8042   116985.684132
24967   451297373   8042   116924.845952
26953   451297373   8042   116863.798067
25243   451297373   8042   116803.073120
32772   451297373   8042   116743.540988
31203   451297373   8042   116683.070964
22906   451297373   8042   116622.468476
31075   451297373   8042   116561.746080
30055   451297373   8042   116504.104188
72692   451297373   8042   116443.626616
46610   451297373   8042   116383.043237
31814   451297373   8042   116323.120208
25761   451297373   8042   116264.548927
29655   451297373   8042   116204.563091
29478   451297373   8042   116144.495757
29652   451297373   8042   116084.461514
25702   451297373   8042   116026.542295
24581   451297373   8042   115966.749001
25037   451297373   8042   115906.958500
26031   451297373   8042   115849.404535
38909   451297373   8042   115791.363658
40132   451297373   8042   115732.316049
79742   451297373   8042   115672.941106
36008   451297373   8042   115613.504638
28287   451297373   8042   115627.949621
30487   451297373   8042   115745.655620
30203   451297373   8042   115861.155689
20521   451297373   8042   115801.930359
35550   451297373   8042   115743.885899
17611   451297373   8042   115685.098052
17057   451297373   8042   115626.096961
21811   451297373   8042   115567.090521
28317   451297373   8042   115509.111179
25355   451297373   8042   115452.285178
26486   451297373   8042   115393.534974
34434   451297373   8042   115334.749820
24136   451297373   8042   115276.430004
16473   451297373   8042   115218.925702
17218   451297373   8042   115160.807764
19985   451297373   8042   115102.222211
28093   451297373   8042   115043.952065
17695   451297373   8042   114988.725277
17266   451297373   8042   114930.962790
17328   451297373   8042   114872.817680
19084   451297373   8042   114814.549792
28942   451297373   8042   114758.243248
37382   451297373   8042   114700.506928
28414   451297373   8042   114642.564209
27649   451297373   8042   114584.298340
29848   451297373   8042   114528.350265
21933   451297373   8042   114469.987898
29456   451297373   8042   114411.208718
30626   451297373   8042   114352.717592
22847   451297373   8042   114295.820812
21608   451297373   8042   114237.498432
22687   451297373   8042   114179.211442
22492   451297373   8042   114121.109018
18191   451297373   8042   114064.414400
23019   451297373   8042   114008.061820
31808   451297373   8042   113950.103234
22033   451297373   8042   113892.239741
22729   451297373   8042   113834.766940
22159   451297373   8042   113778.556442
24035   451297373   8042   113721.136903
24730   451297373   8042   113663.851889
25863   451297373   8042   113607.206092
22957   451297373   8042   113552.222349
28966   451297373   8042   113495.054473
28722   451297373   8042   113437.986491
47852   451297373   8042   113380.990229
21831   451297373   8042   113325.357054
23318   451297373   8042   113268.831766
28259   451297373   8042   113211.839445
23666   451297373   8042   113155.213206
27980   451297373   8042   113100.624944
26414   451297373   8042   113044.394227
27018   451297373   8042   112987.838731
30305   451297373   8042   112931.401150
26249   451297373   8042   112876.645046
24591   451297373   8042   112820.540826
23427   451297373   8042   112764.327313
18435   451297373   8042   112708.574736
49978   451297373   8042   112655.315657
17642   451297373   8042   112599.481040
25694   451297373   8042   112543.685104
19031   451297373   8042   112488.131987
21963   451297373   8042   112433.820258
19242   451297373   8042   112378.263064
18393   451297373   8042   112322.814631
19229   451297373   8042   112267.519371
24910   451297373   8042   112213.956907
17992   451297373   8042   112159.468470
24957   451297373   8042   112104.280951
19879   451297373   8042   112049.053424
46089   451297373   8042   111994.870525
49428   451297373   8042   111940.672064
45948   451297373   8042   111885.761620
27758   451297373   8042   111831.012942
41666   451297373   8042   111776.857031
28640   451297373   8042   111723.562598
22151   451297373   8042   111668.962564
24809   451297373   8042   111614.419127
24161   451297373   8042   111559.748326
24310   451297373   8042   111506.852999
25169   451297373   8042   111452.904247
23262   451297373   8042   111398.686543
21191   451297373   8042   111344.496515
29680   451297373   8042   111292.404032
24241   451297373   8042   111238.552681
23307   451297373   8042   111184.594001
24856   451297373   8042   111130.647995
23263   451297373   8042   111078.226923
25644   451297373   8042   111024.675744
24359   451297373   8042   110971.050789
30099   451297373   8042   110917.239217
24759   451297373   8042   110866.017106
26616   451297373   8042   110813.039081
25532   451297373   8042   110759.809027
25908   451297373   8042   110706.485178
45146   451297373   8042   110656.815761
24162   451297373   8042   110603.962112
22999   451297373   8042   110551.051710
23482   451297373   8042   110498.203022
26536   451297373   8042   110446.630201
19547   451297373   8042   110395.571202
28750   451297373   8042   110343.000453
18740   451297373   8042   110290.146293
42056   451297373   8042   110238.188513
34928   451297373   8042   110186.465665
32437   451297373   8042   110134.100591
35207   451297373   8042   110081.340400
33143   451297373   8042   110029.630472
17235   451297373   8042   109979.394160
18191   451297373   8042   109927.366298
17841   451297373   8042   109875.170451
22611   451297373   8042   109823.254422
31086   451297373   8042   109772.705203
29781   451297373   8042   109720.993195
31473   451297373   8042   109669.065391
29370   451297373   8042   109617.206422
25566   451297373   8042   109567.526346
36218   451297373   8042   109516.660412
34722   451297373   8042   109465.071197
41315   451297373   8042   109413.550560
24888   451297373   8042   109363.458324
21746   451297373   8042   109312.085401
25066   451297373   8042   109260.660922
25093   451297373   8042   109209.366634
29658   451297373   8042   109160.601794
27149   451297373   8042   109109.966260
24848   451297373   8042   109058.935645
25505   451297373   8042   109007.984607
28368   451297373   8042   108958.907531
27770   451297373   8042   108908.212252
42177   451297373   8042   108857.324935
35445   451297373   8042   108806.402486
27976   451297373   8042   108757.281853
29212   451297373   8042   108707.111168
24144   451297373   8042   108656.603306
23858   451297373   8042   108606.339980
29304   451297373   8042   108557.007899
24832   451297373   8042   108507.547783
25059   451297373   8042   108457.575321
23968   451297373   8042   108407.299573
24652   451297373   8042   108357.731025
22236   451297373   8042   108309.815480
26928   451297373   8042   108259.978537
33670   451297373   8042   108209.798285
35836   451297373   8042   108159.950574
16620   451297373   8042   108111.556237
18373   451297373   8042   108061.765740
19600   451297373   8042   108012.082603
21214   451297373   8042   107962.484371
23614   451297373   8042   107915.691662
17698   451297373   8042   107866.402611
19225   451297373   8042   107816.915460
16854   451297373   8042   107767.622412
28051   451297373   8042   107719.772036
51858   451297373   8042   107670.670484
22450   451297373   8042   107621.545690
23895   451297373   8042   107572.498303
48964   451297373   8042   107525.290565
27395   451297373   8042   107477.518443
29168   451297373   8042   107428.706085
28949   451297373   8042   107379.930586
22955   451297373   8042   107332.506106
30853   451297373   8042   107283.922238
28057   451297373   8042   107235.343560
24114   451297373   8042   107186.707502
40400   451297373   8042   107138.941655
43799   451297373   8042   107091.574987
23644   451297373   8042   107043.306439
23099   451297373   8042   106994.981243
42968   451297373   8042   106947.783244
24322   451297373   8042   106899.947059
24100   451297373   8042   106851.718061
25065   451297373   8042   106803.516713
19529   451297373   8042   106756.190160
23932   451297373   8042   106710.221420
24684   451297373   8042   106662.293339
33877   451297373   8042   106614.216790
46077   451297373   8042   106566.742642
27365   451297373   8042   106520.375540
26667   451297373   8042   106472.902409
25230   451297373   8042   106424.969406
27045   451297373   8042   106377.667423
27238   451297373   8042   106332.853881
25759   451297373   8042   106285.526838
25232   451297373   8042   106237.947766
28129   451297373   8042   106190.441481
17688   451297373   8042   106144.317794
18504   451297373   8042   106097.087131
19767   451297373   8042   106049.717197
24153   451297373   8042   106002.324593
25509   451297373   8042   105957.406560
17969   451297373   8042   105910.892497
19414   451297373   8042   105864.073675
18112   451297373   8042   105817.218148
19429   451297373   8042   105771.565104
18595   451297373   8042   105726.633266
27791   451297373   8042   105679.875659
28861   451297373   8042   105633.240194
29559   451297373   8042   105588.102549
24111   451297373   8042   105541.868852
25330   451297373   8042   105495.457089
41181   451297373   8042   105448.965259
42120   451297373   8042   105403.661915
24293   451297373   8042   105357.522603
25190   451297373   8042   105311.044116
25131   451297373   8042   105264.624123
44628   451297373   8042   105219.031120
24170   451297373   8042   105174.104561
28950   451297373   8042   105128.285411
24127   451297373   8042   105082.402693
25631   451297373   8042   105036.732789
27871   451297373   8042   104992.011873
26216   451297373   8042   104946.066993
39488   451297373   8042   104899.898482
23747   451297373   8042   104853.937364
28500   451297373   8042   104810.593556
24378   451297373   8042   104765.119215
24751   451297373   8042   104719.421990
28421   451297373   8042   104673.773066
24794   451297373   8042   104629.700166
25631   451297373   8042   104584.090429
26509   451297373   8042   104538.618776
28533   451297373   8042   104493.514565
49394   451297373   8042   104449.751671
40788   451297373   8042   104404.772672
29097   451297373   8042   104359.270806
19814   451297373   8042   104313.919446
19486   451297373   8042   104270.178210
18686   451297373   8042   104225.363190
19448   451297373   8042   104180.623693
18009   451297373   8042   104135.702286
17783   451297373   8042   104092.172076
20085   451297373   8042   104048.736092
19328   451297373   8042   104003.864775
19313   451297373   8042   103959.339442
28155   451297373   8042   103915.739953
73553   451297373   8042   103871.383714
36412   451297373   8042   103827.158291
23809   451297373   8042   103782.534066
51556   451297373   8042   103738.727576
20613   451297373   8042   103695.573039
22752   451297373   8042   103651.342239
24027   451297373   8042   103607.004341
23307   451297373   8042   103562.763551
24333   451297373   8042   103519.528502
24151   451297373   8042   103475.365240
25091   451297373   8042   103431.182393
40448   451297373   8042   103387.454644
48434   451297373   8042   103345.660620
24512   451297373   8042   103301.874602
22793   451297373   8042   103257.791236
23599   451297373   8042   103213.929736
30048   451297373   8042   103171.475834
25197   451297373   8042   103127.786077
23205   451297373   8042   103084.073720
24526   451297373   8042   103040.232013
28968   451297373   8042   102999.049247
24212   451297373   8042   102955.575912
36782   451297373   8042   102912.151414
25597   451297373   8042   102868.670984
28162   451297373   8042   102826.403816
22920   451297373   8042   102783.058206
24680   451297373   8042   102739.832668
25114   451297373   8042   102696.576032
24510   451297373   8042   102654.455482
23782   451297373   8042   102612.495633
24216   451297373   8042   102569.210792
18324   451297373   8042   102526.112488
34501   451297373   8042   102484.316984
20085   451297373   8042   102441.649698
15981   451297373   8042   102398.718181
36098   451297373   8042   102355.672137
18022   451297373   8042   102313.421303
20608   451297373   8042   102271.905666
18807   451297373   8042   102229.416198
19784   451297373   8042   102186.758838
19463   451297373   8042   102144.174940
16959   451297373   8042   102102.791736
24351   451297373   8042   102060.254738
25420   451297373   8042   102017.883119
25920   451297373   8042   101976.041176
27005   451297373   8042   101936.558302
25135   451297373   8042   101894.814011
22822   451297373   8042   101853.090067
26346   451297373   8042   101811.247529
47678   451297373   8042   101770.652600
30512   451297373   8042   101729.033372
25610   451297373   8042   101687.375970
31446   451297373   8042   101645.601938
25233   451297373   8042   101605.568579
23564   451297373   8042   101564.304979
24625   451297373   8042   101522.743398
26840   451297373   8042   101481.194877
25768   451297373   8042   101440.984539
