1,76
1,76
1,76
1,76
2,01
2,02
2,24
2,52
1,5
1,5
1,76
1,76
1,76
2,02
2,52
2,27
2,77
2,26
2,27
2,02
2,02
2,02
2,02
2,02
2,27
2,52
2,51
2,53
2,51
2,78
2,78
2,78
2,53
2,53
2,53
2,78
2,78
2,53
2,77
2,53
2,77
2,53
2,28
2,78
2,53
2,78
2,53
2,78
2,78
2,53
2,78
2,53
2,77
2,53
2,78
2,53
2,53
2,78
2,53
2,77
2,53
2,78
2,53
2,78
2,77
2,53
2,78
2,53
2,78
2,78
2,03
2,02
2,53
2,27
2,77
1,77
2,02
2,02
2,27
2,02
2,28
2,77
2,77
2,53
2,78
2,78
2,77
2,78
2,53
2,78
2,53
2,78
2,77
2,53
2,77
2,53
2,78
2,77
2,77
2,78
2,28
2,53
2,27
2,26
2,02
2,78
2,77
2,03
2,52
2,27
2,27
2,52
2,27
2,52
2,53
2,77
2,78
2,77
2,77
2,53
2,77
2,78
2,53
2,77
2,53
2,77
2,53
2,78
2,77
2,53
2,77
2,53
2,78
2,53
2,53
2,53
2,53
2,77
2,53
2,78
2,53
2,78
2,78
2,78
2,78
2,53
2,53
2,53
2,28
2,53
2,53
2,78
2,78
2,78
2,53
2,78
2,78
2,53
2,78
2,53
2,77
2,77
2,78
2,78
2,78
2,77
2,53
2,78
2,28
2,53
2,78
2,78
2,78
2,53
2,77
2,78
2,53
2,77
2,53
2,78
2,77
2,77
2,53
2,53
2,78
2,53
2,78
2,77
2,53
2,78
2,53
2,78
2,78
2,28
2,53
2,28
2,78
2,78
2,53
2,78
2,53
2,78
2,77
2,53
2,77
2,53
2,77
2,78
2,77
2,53
2,53
2,78
2,77
2,53
2,78
2,53
2,77
2,77
