10,75
11,05
10,78
10,75
10,78
10,84
10,78
10,81
10,51
10,72
10,48
10,78
10,81
10,78
10,75
10,51
10,24
10,75
10,78
11,05
11,14
10,78
10,78
11,05
10,75
10,78
10,51
10,75
10,78
10,78
10,78
10,78
10,75
10,78
10,78
10,78
10,75
10,75
10,78
10,78
10,78
10,78
10,75
10,54
10,51
10,75
10,75
10,72
10,54
10,72
10,78
11,11
11,65
11,68
12,26
11,72
11,99
13,15
12,91
13,11
12,88
13,15
13,22
12,81
12,3
11,96
11,44
11,41
11,11
10,75
10,27
10,51
10,51
10,51
10,24
10,72
10,27
10,48
10,22
10,48
10,48
10,51
10,51
10,75
10,51
10,75
10,51
10,78
10,7
10,27
10,78
10,75
10,75
10,54
10,51
10,75
10,51
10,51
10,75
10,51
10,48
10,51
10,75
10,51
10,75
10,75
10,75
10,51
10,51
10,78
10,75
10,27
10,78
10,51
10,51
10,51
10,51
10,27
10,78
10,75
10,75
10,75
10,51
10,51
10,27
10,75
10,51
10,75
10,75
10,75
10,51
10,51
10,75
10,75
10,75
10,78
10,51
10,75
10,75
10,75
10,75
10,51
10,51
10,75
10,78
10,75
10,51
10,51
10,75
10,75
10,51
10,51
10,51
10,51
10,51
10,51
10,51
10,75
10,3
10,51
10,75
10,51
10,75
10,75
10,75
10,51
10,51
10,51
10,75
10,48
10,75
10,72
10,51
10,24
10,27
10,51
10,51
10,75
10,75
10,75
10,78
10,51
10,51
10,75
10,75
10,72
10,51
10,27
10,75
10,78
10,75
10,75
10,75
10,51
10,75
10,75
10,75
10,75
10,51
10,51
10,75
10,75
10,54
10,75
10,51
10,51
10,78
10,78
10,75
