Act   Max   Min   Avg
0   0   0   -nan
11832   30089   10789   11973.281072
12035   46076   10596   11976.205490
11730   141668   10596   12020.586028
11999   141668   10596   12040.943444
12398   141668   10596   12046.006779
12100   141668   10456   12056.531986
11933   141668   10456   12081.864616
12339   141668   10456   12106.243821
12114   157518   10456   12132.545600
12799   157518   10456   12164.968066
11750   157518   10456   12185.938570
21645   157518   10456   12207.271599
15871   157518   10456   12242.018597
15629   157518   10171   12268.860767
13387   157518   10171   12291.206428
12986   157518   10171   12295.540890
18660   157518   10171   12302.841404
12018   157518   10171   12314.098843
11837   157518   10171   12326.369634
11614   157518   10171   12337.487383
12444   500672   10171   12367.327997
11854   756024   10171   12409.075536
11495   756024   10171   12430.912676
11320   756024   10171   12492.221079
12754   756024   10171   12488.740398
12078   756024   10171   12478.019711
12990   756024   10171   12470.065752
13414   756024   10171   12461.186787
19937   756024   10171   12451.443506
12408   756024   10171   12442.871128
13889   756024   10171   12432.188258
11562   756024   10171   12425.951349
13729   756024   10171   12421.035632
12037   756024   10171   12412.862979
12149   756024   10171   12406.652938
13473   756024   10171   12402.816978
11714   756024   10171   12390.285366
11952   756024   10171   12382.809178
11860   756024   10171   12376.954055
12391   756024   10171   12370.786429
12197   756024   10171   12363.275533
14024   756024   10171   12358.309727
11555   756024   10171   12367.189285
12904   756024   10171   12368.897115
13216   756024   10171   12363.698074
12849   756024   10171   12360.794331
14475   756024   10171   12358.855403
26224   756024   10171   12357.969977
12245   756024   10171   12363.251252
11988   756024   10171   12402.097102
16758   756024   10171   12407.649195
17048   756024   10171   12418.246335
15366   756024   10171   12425.996534
11567   756024   10171   12430.824147
18045   756024   10171   12424.604042
13034   756024   10171   12417.562576
16241   756024   10171   12410.647647
12717   756024   10171   12403.721335
11943   756024   10171   12398.624883
12408   756024   10171   12396.676899
11696   984490   10171   12411.485064
11580   984490   10171   12409.688120
13802   984490   10171   12409.447053
12088   984490   10171   12408.092542
11877   984490   10171   12406.294720
11872   984490   10171   12405.117735
12400   984490   10171   12403.495832
11919   984490   10171   12403.236533
20389   984490   10171   12402.690778
17585   984490   10171   12402.965802
12247   984490   10171   12402.560490
11929   984490   10171   12402.621373
11833   984490   10171   12402.532462
15388   984490   10171   12403.482704
11991   984490   10171   12399.828225
11676   984490   10171   12396.332922
11920   984490   10171   12393.419260
11714   984490   10171   12389.889639
11839   984490   10171   12387.870363
11771   984490   10171   12384.202740
13236   984490   10171   12407.111335
16227   984490   10171   12428.479621
13928   984490   10171   12439.906135
12866   984490   10171   12438.134572
11653   984490   10171   12439.376600
16808   984490   10171   12437.869518
12041   984490   10171   12435.674748
11878   984490   10171   12433.548947
11938   984490   10171   12431.471693
12155   984490   10171   12429.518223
13050   984490   10171   12428.061402
15760   984490   10171   12425.779991
16564   984490   10171   12425.610835
12042   984490   10171   12426.898828
11738   984490   10171   12426.836027
12744   984490   10171   12428.608980
11942   984490   10171   12431.816081
12354   984490   10171   12428.988668
13040   984490   10171   12426.962660
13081   984490   10171   12424.735784
16199   984490   10171   12426.833718
16423   984490   10171   12425.915057
12245   984490   10171   12429.151830
18202   984490   10171   12432.274010
12415   984490   10171   12430.690538
14332   984490   10171   12429.525882
14295   984490   10171   12429.124679
19238   984490   10171   12430.053346
12625   984490   10171   12430.164213
18833   984490   10171   12428.766767
11741   984490   10171   12427.663384
12270   984490   10171   12428.153243
12491   984490   10171   12428.978712
14322   984490   10171   12430.579558
11895   984490   10171   12430.108625
12292   984490   10171   12430.553928
11993   984490   10171   12434.689750
12143   984490   10171   12439.516787
11699   984490   10171   12449.441400
11834   984490   10171   12452.496700
12180   984490   10171   12452.562643
12469   984490   10171   12451.680919
12139   984490   10171   12451.075900
12097   984490   10171   12450.558470
21652   984490   10171   12452.507921
12413   984490   10171   12451.763802
14209   984490   10171   12449.311624
11710   984490   10171   12446.741273
11493   984490   10171   12445.913529
11870   984490   10171   12446.007509
13258   984490   10171   12443.182927
12651   984490   10171   12441.122329
11518   984490   10171   12438.819561
12582   984490   10171   12437.459324
11900   984490   10171   12438.359809
12020   984490   10171   12435.439889
11809   984490   10171   12432.615998
11821   984490   10171   12430.020403
11593   984490   10171   12427.455158
11690   984490   10171   12424.580952
11778   984490   10171   12422.005322
11822   984490   10171   12419.381348
11810   984490   10171   12416.827922
19478   984490   10171   12414.325361
11667   984490   10171   12412.022721
12207   984490   10171   12409.607708
12767   984490   10171   12407.086902
11807   984490   10171   12404.879436
12049   984490   10171   12402.565221
13036   984490   10171   12399.632781
11745   984490   10171   12398.872095
11854   984490   10171   12396.295756
12203   984490   10171   12399.558343
11754   984490   10171   12400.130875
11651   984490   10171   12396.946721
11658   984490   10171   12393.947231
13627   984490   10171   12401.002280
11871   984490   10171   12399.607232
11717   984490   10171   12398.283811
11988   984490   10171   12397.342075
13813   984490   10171   12396.813349
12203   984490   10171   12397.773919
11606   984490   10171   12397.725159
11769   984490   10171   12397.733926
11732   984490   10171   12396.508237
11736   984490   10171   12396.547295
11668   984490   10171   12397.108206
21190   984490   10171   12402.763850
14702   984490   10171   12408.287917
12347   984490   10171   12410.553489
11934   984490   10171   12411.204278
12968   984490   10171   12410.952846
12346   984490   10171   12410.798127
12694   984490   10171   12411.046758
11983   984490   10171   12415.067368
19387   984490   10171   12419.693220
13553   984490   10171   12419.822757
11743   984490   10171   12420.226882
12364   984490   10171   12420.917108
12075   984490   10171   12420.617814
11818   984490   10171   12421.801318
12793   984490   10171   12423.948392
11670   984490   10171   12427.645826
18114   984490   10171   12428.947395
12950   984490   10171   12429.447900
12355   984490   10171   12429.176910
11950   984490   10171   12428.827480
11691   984490   10171   12429.229806
12587   984490   10171   12430.537815
12756   984490   10171   12430.081574
12347   984490   10171   12429.593510
11990   984490   10171   12429.166036
11863   984490   10171   12428.960480
13250   984490   10171   12429.027620
11572   984490   10171   12428.342200
14634   984490   10171   12427.921917
12700   984490   10171   12427.373514
12358   984490   10171   12426.799214
11978   984490   10171   12427.548399
11958   984490   10171   12430.331894
12502   984490   10171   12430.061548
11982   984490   10171   12430.150706
12010   984490   10171   12429.889795
15616   984490   10171   12429.753684
20367   984490   10171   12429.945767
13406   984490   10171   12429.657534
11878   984490   10171   12429.680975
13139   984490   10171   12429.436910
12065   984490   10171   12429.099383
15858   984490   10171   12428.785478
12151   984490   10171   12428.587412
12469   984490   10171   12428.139629
15286   984490   10171   12426.704846
12252   984490   10171   12424.256927
11623   984490   10171   12421.711021
11705   984490   10171   12419.297301
11603   984490   10171   12422.013159
11536   984490   10171   12420.540611
12008   984490   10171   12418.483201
11489   984490   10171   12416.770830
11685   984490   10171   12414.896308
11973   984490   10171   12415.277599
11943   984490   10171   12413.058168
11464   984490   10171   12412.092541
11718   984490   10171   12410.930969
12089   984490   10171   12421.714967
12147   984490   10171   12423.127490
11709   1263133   10171   12427.201278
11990   1263133   10171   12437.074378
12320   1263133   10171   12440.493023
11695   1263133   10171   12439.424434
17456   1263133   10171   12438.339662
11785   1263133   10171   12436.874558
11560   1263133   10171   12435.525102
11734   1263133   10171   12433.863086
11609   1263133   10171   12432.115989
11994   1263133   10171   12430.335583
11512   1263133   10171   12429.813484
11890   1263133   10171   12427.810533
12054   1263133   10171   12425.860982
12025   1263133   10171   12424.106667
12357   1263133   10171   12424.186995
12145   1263133   10171   12422.573075
12091   1263133   10171   12422.117403
11833   1263133   10171   12421.066884
11583   1263133   10171   12419.454099
12731   1263133   10171   12421.403036
11984   1263133   10171   12425.609199
11628   1263133   10171   12427.964263
11749   1263133   10171   12427.304392
11921   1263133   10171   12433.203200
12111   1263133   10171   12433.224970
11853   1263133   10171   12432.401904
12164   1263133   10171   12431.458883
12388   1263133   10171   12430.750942
12626   1263133   10171   12429.927225
11909   1263133   10171   12429.195025
19188   1263133   10171   12429.018602
12825   1263133   10171   12428.405639
11981   1263133   10171   12428.243286
12300   1263133   10171   12427.277220
11719   1263133   10171   12426.704770
12525   1263133   10171   12426.919508
12780   1263133   10171   12426.497403
11698   1263133   10171   12425.817713
15837   1263133   10171   12425.161733
11984   1263133   10171   12424.488330
11645   1263133   10171   12427.105808
11584   1263133   10171   12426.468610
11957   1263133   10171   12426.080389
11685   1263133   10171   12425.614698
12501   1263133   10171   12425.153298
11945   1263133   10171   12424.532108
20947   1263133   10171   12424.683573
17473   1263133   10171   12425.092374
11697   1263133   10171   12425.781824
12001   1263133   10171   12425.419599
11470   1263133   10171   12425.145212
11530   1263133   10171   12424.830732
12125   1263133   10171   12424.564740
12207   1263133   10171   12424.465768
14057   1263133   10171   12424.527253
11646   1263133   10171   12425.380752
15367   1263133   10171   12425.623587
11992   1263133   10171   12425.243939
15737   1263133   10171   12424.988418
12248   1263133   10171   12425.487997
12872   1263133   10171   12425.095754
12472   1263133   10171   12424.446809
17375   1263133   10171   12423.475148
14546   1263133   10171   12422.679985
12078   1263133   10171   12422.006669
12042   1263133   10171   12421.033883
11642   1263133   10171   12420.247019
11960   1263133   10171   12420.003335
11693   1263133   10171   12422.642767
13532   1263133   10171   12427.405398
12658   1263133   10171   12434.293793
11699   1263133   10171   12435.658743
12612   1263133   10171   12435.173109
11702   1263133   10171   12434.609466
11971   1263133   10171   12439.071782
20358   1263133   10171   12443.577221
12098   1263133   10171   12445.979699
12205   1263133   10171   12445.759545
11820   1263133   10171   12445.419170
11855   1263133   10171   12445.288797
11625   1263133   10171   12444.891018
14369   1263133   10171   12445.161244
11986   1263133   10171   12446.495204
12918   1263133   10171   12446.083732
12044   1263133   10171   12445.593329
11619   1263133   10171   12445.124709
11961   1263133   10171   12444.667499
12347   1263133   10171   12444.056554
13373   1263133   10171   12446.343062
12088   1263133   10171   12447.299247
13402   1263133   10171   12446.917475
12070   1263133   10171   12446.436058
21364   1263133   10171   12448.137972
11743   1263133   10171   12447.827917
11704   1263133   10171   12447.543086
11810   1263133   10171   12447.326367
12112   1263133   10171   12448.498267
12022   1263133   10171   12447.568845
11726   1263133   10171   12446.754370
12412   1263133   10171   12445.932515
12385   1263133   10171   12445.318432
11810   1263133   10171   12444.549388
11791   1263133   10171   12443.954239
13930   1263133   10171   12443.039808
12121   1263133   10171   12442.207402
11840   1263133   10171   12442.894616
13827   1263133   10171   12448.538425
12872   1263133   10171   12453.221791
11881   1263133   10171   12452.496525
11591   1263133   10171   12451.914356
11913   1263133   10171   12452.074763
12833   1263133   10171   12457.192627
16937   1263133   10171   12457.443316
13130   1263133   10171   12461.197691
12453   1263133   10171   12463.798132
18260   1263133   10171   12466.448382
20602   1263133   10171   12469.844060
10649   1263133   10171   12477.195652
12406   1263133   10171   12479.605218
13100   1263133   10171   12481.924125
13490   1263133   10171   12483.620586
12374   1263133   10171   12485.348714
12949   1263133   10171   12486.490817
12537   1263133   10171   12489.290430
12847   1263133   10171   12490.778467
12043   1263133   10094   12492.119367
12104   1263133   10094   12492.998452
16402   1263133   10094   12494.010250
14026   1263133   10094   12494.698440
19144   1263133   10094   12495.344747
12768   1263133   10094   12496.116459
12227   1263133   10094   12496.050272
12632   1263133   10094   12496.040511
13395   1263133   10094   12498.624470
13391   1263133   10094   12499.463939
13376   1263133   10094   12499.231960
12069   1263133   10094   12499.185471
13568   1263133   10094   12502.498483
12053   1263133   10094   12504.830166
12596   1263133   10094   12505.133810
14502   1263133   10094   12504.836147
12550   1263133   10094   12505.729526
12436   1263133   10094   12507.136897
19483   1263133   10094   12510.667851
12228   1263133   10094   12515.071294
12239   1263133   10094   12517.374725
11914   1263133   10094   12519.688832
11956   1263133   10094   12519.495902
12758   1263133   10094   12519.366129
12133   1263133   10094   12519.122918
11822   1263133   10094   12520.614941
12175   1263133   10094   12520.289488
13371   1263133   10094   12519.664872
12364   1263133   10094   12519.121029
12364   1263133   10094   12518.925219
11914   1263133   10094   12518.658958
12169   1263133   10094   12522.522064
12919   1263133   10094   12521.885696
12326   1263133   10094   12521.476154
20332   1263133   10094   12520.904980
13693   1263133   10094   12520.105518
12380   1263133   10094   12519.314750
11868   1263133   10094   12518.818069
12012   1263133   10094   12518.388893
12124   1263133   10094   12517.765247
11271   1263133   10094   12517.835880
11884   1263133   10094   12516.945497
18161   1263133   10094   12518.243306
12214   1263133   10094   12517.198784
12089   1263133   10094   12516.843995
11748   1263133   10094   12516.449557
11726   1263133   10094   12520.918054
12846   1263133   10094   12520.064134
11880   1263133   10094   12520.787087
11786   1263133   10094   12521.523880
12178   1263133   10094   12522.418538
12673   1263133   10094   12526.756838
11781   1263133   10094   12526.008181
12025   1263133   10094   12526.853690
11884   1263133   10094   12526.094619
13172   1263133   10094   12525.516296
12650   1263133   10094   12528.063196
12036   1263133   10094   12527.515814
13239   1263133   10094   12526.931144
11741   1263133   10094   12526.331725
14267   1263133   10094   12525.628736
12057   1263133   10094   12524.885085
12141   1263133   10094   12524.143320
11967   1263133   10094   12523.475315
12716   1263133   10094   12522.543561
12413   1263133   10094   12521.569816
12379   1263133   10094   12520.646983
13196   1263133   10094   12522.166707
11931   1263133   10094   12521.297627
12063   1263133   10094   12522.729110
12364   1263133   10094   12521.822484
12594   1263133   10094   12521.091977
11960   1263133   10094   12520.526232
12040   1263133   10094   12521.955852
11963   1263133   10094   12520.951583
12251   1263133   10094   12520.133191
11804   1263133   10094   12519.341352
12547   1263133   10094   12518.494575
12244   1263133   10094   12517.737003
11798   1263133   10094   12517.228590
11673   1263133   10094   12516.790008
12031   1263133   10094   12516.543812
17637   1263133   10094   12516.110165
11698   1263133   10094   12515.711239
11837   1263133   10094   12514.909119
12057   1263133   10094   12514.108154
11674   1263133   10094   12513.178913
11789   1263133   10094   12512.114173
12331   1263133   10094   12512.200639
12941   1263133   10094   12515.951605
12512   1263133   10094   12516.570788
12295   1263133   10094   12515.881675
15849   1263133   10094   12515.751422
12176   1263133   10094   12516.082857
11805   1263133   10094   12516.160828
11841   1263133   10094   12515.371028
12784   1263133   10094   12514.728457
12128   1263133   10094   12515.669187
12147   1263133   10094   12515.189251
12010   1263133   10094   12517.563671
12134   1263133   10094   12522.754187
12955   1263133   10094   12522.190163
12678   1263133   10094   12525.758236
12123   1263133   10094   12529.846351
11771   1263133   10094   12530.303042
11848   1263133   10094   12531.877665
17368   1263133   10094   12531.404440
11816   1263133   10094   12531.745572
12860   1263133   10094   12532.743700
11798   1263133   10094   12534.787043
14135   1263133   10094   12537.329009
12138   1263133   10094   12536.866707
11800   1263133   10094   12539.138049
12055   1263133   10094   12541.054233
11988   1263133   10094   12544.966940
11648   1263133   10094   12545.618896
12089   1263133   10094   12545.021013
11964   1263133   10094   12545.252364
11738   1263133   10094   12547.000069
11763   1263133   10094   12548.362565
16331   1263133   10094   12551.813120
11796   1263133   10094   12553.534958
11873   1263133   10094   12553.720346
11790   1263133   10094   12554.400949
11627   1263133   10094   12556.540476
22266   1263133   10094   12559.686342
12185   1263133   10094   12563.740300
12018   1263133   10094   12564.192168
23544   1263133   10094   12565.207818
12044   1263133   10094   12568.054966
11989   1263133   10094   12571.241887
11981   1263133   10094   12574.861603
13189   1263133   10094   12574.410814
12088   1263133   10094   12575.396926
16930   1263133   10094   12580.068180
26528   1263133   10094   12585.075383
11976   1263133   10094   12587.673390
12512   1263133   10094   12589.344731
12385   1263133   10094   12591.313733
11840   1263133   10094   12593.664635
22785   1263133   10094   12598.507437
13291   1263133   10094   12600.624322
12364   1263133   10094   12600.632007
11603   1263133   10094   12606.686446
12096   1263133   10094   12614.262228
12641   1263133   10094   12617.611882
11616   1263133   10094   12620.200351
11782   1263133   10094   12621.037472
16466   1263133   10094   12623.313228
14222   1263133   10094   12627.376768
21104   1263133   10094   12633.475809
18833   1263133   10094   12635.090313
11589   1263133   10094   12637.274411
12146   1263133   10094   12641.697721
11813   1263133   10094   12648.332002
12274   1263133   10094   12653.377977
12242   1263133   10094   12654.675115
30039   1263133   10094   12657.343250
12060   1263133   10094   12661.331123
15526   1263133   10094   12667.423024
12188   1263133   10094   12672.070530
15708   1263133   10094   12673.895768
26650   1263133   10094   12676.728536
21115   1263133   10094   12680.996677
12969   1263133   10094   12686.687836
12084   1263133   10094   12690.809650
11912   1263133   10094   12691.636056
12283   1263133   10094   12696.360547
11734   1263133   10094   12700.348341
12358   1263133   10094   12705.086525
12210   1263133   10094   12708.593921
13201   1263133   10094   12710.645538
12707   1263133   10094   12715.804339
12402   1263133   10094   12720.237015
12328   1263133   10094   12723.360598
13442   1263133   10094   12726.535502
12087   1263133   10094   12729.210614
12803   1263133   10094   12734.427020
12113   1263133   10094   12738.624132
17705   1263133   10094   12741.380987
12744   1263133   10094   12745.996653
12836   1263133   10094   12747.646660
12245   1263133   10094   12753.247292
12722   1263133   10094   12755.019768
12253   1263133   10094   12758.476096
13398   1263133   10094   12762.735118
13991   1263133   10094   12764.521966
17516   1263133   10094   12769.448823
12447   1263133   10094   12773.903544
19014   1263133   10094   12778.311680
12009   1263133   10094   12781.216421
16201   1263133   10094   12782.711539
16225   1263133   10094   12787.794690
22600   1263133   10094   12791.252204
20353   1263133   10094   12796.589554
19690   1263133   10094   12797.720021
17936   1263133   10094   12800.484800
12241   1263133   10094   12805.960030
11887   1263133   10094   12810.454058
15857   1263133   10094   12814.639016
11776   1263133   10094   12814.501994
12077   1263133   10094   12818.332138
16830   1263133   10094   12823.017374
12566   1263133   10094   12828.634374
12509   1263133   10094   12831.450492
12431   1263133   10094   12831.403889
14069   1263133   10094   12836.805945
12909   1263133   10094   12841.007289
11952   1263133   10094   12845.631398
12745   1263133   10094   12846.281717
11938   1263133   10094   12846.781699
12319   1263133   10094   12851.270894
11942   1263133   10094   12855.145227
11940   1263133   10094   12857.350296
11261   1263133   10094   12855.712692
12484   1263133   10094   12855.136345
11677   1263133   10094   12857.394494
11581   1263133   10094   12858.022567
12003   1263133   10094   12858.386827
11643   1263133   10094   12856.355808
12561   1263133   10094   12857.596405
11263   1263133   10094   12863.676286
12610   1263133   10094   12864.868840
12228   1263133   10094   12864.178641
12142   1263133   10094   12863.833170
11856   1263133   10094   12864.075712
12259   1263133   10094   12866.028590
11582   1263133   10094   12867.959372
11582   1263133   10094   12868.716441
12549   1263133   10094   12868.755727
11717   1263133   10094   12870.851077
11793   1263133   10094   12870.932697
11949   1263133   10094   12870.599668
13708   1263133   10094   12868.924878
11979   1263133   10094   12868.616962
14360   1263133   10094   12870.732241
12366   1263133   10094   12870.693660
11978   1263133   10094   12870.232795
11628   1263133   10094   12868.801820
11861   1263133   10094   12869.891702
11694   1263133   10094   12871.246387
12267   1263133   10094   12871.011019
12192   1263133   10094   12869.987646
11748   1263133   10094   12868.811085
16955   1263133   10094   12871.057651
11766   1263133   10094   12871.272774
11713   1263133   10094   12871.288742
12167   1263133   10094   12870.023815
11868   1263133   10094   12870.405058
11676   1263133   10094   12871.599008
12048   1263133   10094   12870.869932
12276   1263133   10094   12870.621451
16662   1263133   10094   12869.188126
11948   1263133   10094   12870.045810
11779   1263133   10094   12869.709198
11928   1263133   10094   12868.320821
11624   1263133   10094   12866.769554
11678   1263133   10094   12866.308706
11620   1263133   10094   12866.625921
14233   1263133   10094   12864.981964
11919   1263133   10094   12863.389233
12789   1263133   10094   12861.681540
11658   1263133   10094   12860.016157
11631   1263133   10094   12858.444506
11768   1263133   10094   12857.495456
11489   1263133   10094   12856.345614
11776   1263133   10094   12855.069193
12388   1263133   10094   12853.924068
11807   1263133   10094   12852.273342
11900   1263133   10094   12850.561496
11636   1263133   10094   12848.850128
11796   1263133   10094   12847.280415
11774   1263133   10094   12845.601184
11646   1263133   10094   12843.914431
11644   1263133   10094   12842.257009
11668   1263133   10094   12840.730648
16413   1263133   10094   12839.204387
12005   1263133   10094   12837.676467
12121   1263133   10094   12836.445807
12604   1263133   10094   12835.211908
11954   1263133   10094   12834.052351
12075   1263133   10094   12832.726252
12002   1263133   10094   12831.402862
11845   1263133   10094   12830.127290
12671   1263133   10094   12829.059580
11868   1263133   10094   12827.687628
12176   1263133   10094   12826.413985
12412   1263133   10094   12825.063515
11863   1263133   10094   12823.797726
14073   1263133   10094   12822.392723
12124   1263133   10094   12821.034732
11895   1263133   10094   12819.623974
13564   1263133   10094   12818.421574
11833   1263133   10094   12817.115336
11708   1263133   10094   12815.681591
11907   1263133   10094   12814.233077
12107   1263133   10094   12812.899032
11885   1263133   10094   12811.503990
11669   1263133   10094   12810.064933
11852   1263133   10094   12808.639113
13182   1263133   10094   12807.264680
11952   1263133   10094   12806.030210
12168   1263133   10094   12804.627245
11711   1263133   10094   12803.172958
11708   1263133   10094   12801.743557
11519   1263133   10094   12800.463508
11759   1263133   10094   12799.003516
11623   1263133   10094   12797.559615
11675   1263133   10094   12796.110518
11605   1263133   10094   12794.823051
11654   1263133   10094   12793.484558
11618   1263133   10094   12792.075680
12373   1263133   10094   12790.630529
12163   1263133   10094   12789.301958
11623   1263133   10094   12787.916832
11593   1263133   10094   12786.474282
11886   1263133   10094   12785.048964
11629   1263133   10094   12783.752056
11587   1263133   10094   12782.518375
14562   1263133   10094   12781.086145
11681   1263133   10094   12779.653650
14220   1263133   10094   12778.216697
12018   1263133   10094   12776.901199
11585   1263133   10094   12775.465649
11801   1263133   10094   12774.024870
11545   1263133   10094   12772.574426
11661   1263133   10094   12771.412392
11848   1263133   10094   12770.007691
11667   1263133   10094   12768.592361
11551   1263133   10094   12767.192172
11539   1263133   10094   12765.922829
11702   1263133   10094   12764.488479
11632   1263133   10094   12763.065458
11908   1263133   10094   12761.641365
12052   1263133   10094   12760.382270
11855   1263133   10094   12759.100926
11662   1263133   10094   12757.714184
11446   1263133   10094   12756.302422
12096   1263133   10094   12754.916698
11818   1263133   10094   12753.611392
11767   1263133   10094   12752.229449
11745   1263133   10094   12750.833909
11725   1263133   10094   12749.503525
11690   1263133   10094   12748.414695
11636   1263133   10094   12747.063630
11627   1263133   10094   12745.695402
11664   1263133   10094   12744.344608
11614   1263133   10094   12743.128541
11621   1263133   10094   12741.811691
12019   1263133   10094   12740.481047
12460   1263133   10094   12743.343060
11748   1263133   10094   12742.308534
11792   1263133   10094   12741.280836
11917   1263133   10094   12741.231730
11825   1263133   10094   12741.147886
11874   1263133   10094   12740.024293
11737   1263133   10094   12738.935631
11868   1263133   10094   12737.837458
11639   1263133   10094   12736.782338
11877   1263133   10094   12735.740250
11931   1263133   10094   12734.873537
11743   1263133   10094   12735.618857
11952   1263133   10094   12735.188757
11701   1263133   10094   12734.190974
11855   1263133   10094   12733.267102
11541   1263133   10094   12733.004494
12211   1263133   10094   12733.778719
11695   1263133   10094   12732.887639
11900   1263133   10094   12732.041037
11812   1263133   10094   12731.386277
13917   1263133   10094   12730.515507
13271   1263133   10094   12729.641142
12847   1263133   10094   12728.773542
13607   1263133   10094   12730.873494
13985   1263133   10094   12729.996946
11855   1263133   10094   12729.118977
11674   1263133   10094   12728.263701
12049   1263133   10094   12727.557101
11612   1263133   10094   12726.684451
11683   1263133   10094   12725.805533
11902   1263133   10094   12724.911332
13716   1263133   10094   12724.064049
12488   1263133   10094   12723.138442
12068   1263133   10094   12722.244508
13582   1263133   10094   12721.370200
12049   1263133   10094   12720.568156
11902   1263133   10094   12719.674373
11802   1263133   10094   12718.751053
12108   1263133   10094   12717.848845
12681   1263133   10094   12717.033187
12355   1263133   10094   12716.146412
12465   1263133   10094   12715.330626
12171   1263133   10094   12714.464958
12944   1263133   10094   12713.633182
12076   1263133   10094   12714.937570
12053   1263133   10094   12714.158894
12727   1263133   10094   12713.387145
13323   1263133   10094   12712.636227
12214   1263133   10094   12711.971387
11703   1263133   10094   12711.163174
12347   1263133   10094   12710.335848
11719   1263133   10094   12709.527708
12693   1263133   10094   12710.518566
12051   1263133   10094   12709.729726
12193   1263133   10094   12709.024008
12101   1263133   10094   12708.288764
11820   1263133   10094   12707.578916
12440   1263133   10094   12706.833831
11723   1263133   10094   12707.576510
11963   1263133   10094   12706.868460
12226   1263133   10094   12706.254499
12076   1263133   10094   12706.578890
11973   1263133   10094   12705.976002
11675   1263133   10094   12705.366394
11647   1263133   10094   12704.750487
12552   1263133   10094   12704.108358
11505   1263133   10094   12703.467408
12001   1263133   10094   12702.841181
12537   1263133   10094   12702.190283
12112   1263133   10094   12701.545243
11877   1263133   10094   12700.845074
11959   1263133   10094   12700.177830
13219   1263133   10094   12699.564730
12550   1263133   10094   12699.023121
12736   1263133   10094   12698.365506
12958   1263133   10094   12697.672281
12249   1263133   10094   12696.989201
12512   1263133   10094   12696.371211
12361   1263133   10094   12695.689082
11859   1263133   10094   12695.021755
12831   1263133   10094   12694.347291
11923   1263133   10094   12693.688558
11878   1263133   10094   12693.012292
12868   1263133   10094   12692.344786
11979   1263133   10094   12691.716977
13090   1263133   10094   12691.186094
11878   1263133   10094   12690.610874
11892   1263133   10094   12689.950656
11883   1263133   10094   12689.280444
12013   1263133   10094   12688.611750
12372   1263133   10094   12688.028462
11991   1263133   10094   12687.410033
12183   1263133   10094   12686.734199
12490   1263133   10094   12686.051502
12506   1263133   10094   12685.462770
12001   1263133   10094   12684.809566
12019   1263133   10094   12684.217302
11941   1263133   10094   12683.673000
12188   1263133   10094   12683.101953
13189   1263133   10094   12682.481263
12486   1263133   10094   12681.834692
11818   1263133   10094   12681.185382
14614   1263133   10094   12680.567252
12921   1263133   10094   12679.971768
13302   1263133   10094   12679.321530
12033   1263133   10094   12678.658846
11806   1263133   10094   12678.029556
11975   1263133   10094   12677.440841
12020   1263133   10094   12676.816796
12061   1263133   10094   12676.295581
12490   1263133   10094   12675.762128
19029   1263133   10094   12675.178304
12426   1263133   10094   12674.575924
11843   1263133   10094   12673.971458
11678   1263133   10094   12673.348063
11567   1263133   10094   12672.743963
11714   1263133   10094   12672.125733
12138   1263133   10094   12671.497736
12036   1263133   10094   12670.886944
11864   1263133   10094   12670.343997
12308   1263133   10094   12669.785893
12545   1263133   10094   12669.256435
11830   1263133   10094   12668.689690
12131   1263133   10094   12668.102829
12940   1263133   10094   12667.502097
11716   1263133   10094   12666.892441
11766   1263133   10094   12666.295570
12126   1263133   10094   12665.710376
12516   1263133   10094   12665.154034
13538   1263133   10094   12664.549448
11799   1263133   10094   12663.940827
12605   1263133   10094   12663.359833
12493   1263133   10094   12662.879933
12035   1263133   10094   12662.373605
11849   1263133   10094   12661.695104
11866   1263133   10094   12660.758280
12949   1263133   10094   12659.983480
11498   1263133   10094   12659.043843
11741   1263133   10094   12658.097944
11999   1263133   10094   12657.179228
11772   1263133   10094   12656.405622
11446   1263133   10094   12655.529612
11645   1263133   10094   12654.645242
11626   1263133   10094   12653.778581
12470   1263133   10094   12653.103317
11797   1263133   10094   12652.374437
12086   1263133   10094   12651.665522
11542   1263133   10094   12650.817266
11904   1263133   10094   12650.039247
11953   1263133   10094   12649.234442
11655   1263133   10094   12648.428248
11520   1263133   10094   12647.627408
11805   1263133   10094   12646.874305
11997   1263133   10094   12646.183255
11548   1263133   10094   12645.401210
11581   1263133   10094   12644.638675
11872   1263133   10094   12643.957853
12602   1263133   10094   12643.293849
11684   1263133   10094   12642.544637
11939   1263133   10094   12641.844428
11658   1263133   10094   12641.103117
12286   1263133   10094   12640.502255
13239   1263133   10094   12639.783020
11968   1263133   10094   12639.050289
12575   1263133   10094   12638.325370
11553   1263133   10094   12637.705288
11891   1263133   10094   12637.001710
12214   1263133   10094   12636.297888
12344   1263133   10094   12635.689240
12830   1263133   10094   12635.365138
11734   1263133   10094   12634.721581
11598   1263133   10094   12634.075519
12176   1263133   10094   12633.421249
11673   1263133   10094   12632.783314
11989   1263133   10094   12632.137217
11930   1263133   10094   12631.463497
12190   1263133   10094   12630.797169
11865   1263133   10094   12630.171200
11873   1263133   10094   12629.578577
12005   1263133   10094   12628.921910
11824   1263133   10094   12628.362245
11787   1263133   10094   12627.813005
12612   1263133   10094   12627.257021
11792   1263133   10094   12626.657451
11706   1263133   10094   12626.019064
12580   1263133   10094   12625.386981
11902   1263133   10094   12624.852297
12444   1263133   10094   12624.255503
11848   1263133   10094   12623.647992
12346   1263133   10094   12623.062842
12189   1263133   10094   12622.494655
12577   1263133   10094   12621.922716
12220   1263133   10094   12621.409323
11960   1263133   10094   12620.955648
11861   1263133   10094   12620.393404
11780   1263133   10094   12619.859164
11960   1263133   10094   12619.309851
12168   1263133   10094   12618.721807
11993   1263133   10094   12618.139950
12605   1263133   10094   12617.619191
12390   1263133   10094   12617.070120
11925   1263133   10094   12616.496406
11845   1263133   10094   12615.955771
13667   1263133   10094   12615.473074
11628   1263133   10094   12614.939109
12022   1263133   10094   12614.354197
11830   1263133   10094   12613.782396
12244   1263133   10094   12613.262617
17629   1263133   10094   12612.741658
11882   1263133   10094   12612.183282
12765   1263133   10094   12611.632999
11882   1263133   10094   12611.123646
12476   1263133   10094   12610.614971
11757   1263133   10094   12610.061555
11650   1263133   10094   12609.546737
12587   1263133   10094   12609.039923
12788   1263133   10094   12608.515403
14888   1263133   10094   12607.978908
11974   1263133   10094   12607.424591
12413   1263133   10094   12606.918582
12278   1263133   10094   12606.461718
13330   1263133   10094   12605.923551
12223   1263133   10094   12605.421309
12573   1263133   10094   12604.879798
11947   1263133   10094   12604.388757
12792   1263133   10094   12603.841653
12814   1263133   10094   12603.382027
11793   1263133   10094   12602.840819
12157   1263133   10094   12602.393666
12215   1263133   10094   12601.886178
11709   1263133   10094   12601.379983
11827   1263133   10094   12600.894363
13175   1263133   10094   12600.418083
11731   1263133   10094   12599.923888
12047   1263133   10094   12599.408660
12026   1263133   10094   12598.903496
11835   1263133   10094   12598.474490
11912   1263133   10094   12597.992230
12087   1263133   10094   12597.489465
11715   1263133   10094   12597.002362
11648   1263133   10094   12596.501105
11893   1263133   10094   12596.014079
11875   1263133   10094   12595.534790
12337   1263133   10094   12595.029781
12456   1263133   10094   12594.531235
11934   1263133   10094   12594.135673
12208   1263133   10094   12593.633425
11728   1263133   10094   12593.113957
16008   1263133   10094   12592.594262
11756   1263133   10094   12592.154273
12195   1263133   10094   12591.660458
11939   1263133   10094   12591.212726
12623   1263133   10094   12590.739506
11860   1263133   10094   12590.301616
12635   1263133   10094   12589.839829
12045   1263133   10094   12589.340363
11796   1263133   10094   12588.843472
12480   1263133   10094   12588.409170
12252   1263133   10094   12587.958516
11786   1263133   10094   12587.477866
11826   1263133   10094   12587.004680
13952   1263133   10094   12586.846249
12639   1263133   10094   12586.972379
12685   1263133   10094   12586.994770
12541   1263133   10094   12586.970540
13033   1263133   10094   12586.922134
12236   1263133   10094   12586.906284
12326   1263133   10094   12586.799695
12518   1263133   10094   12586.688528
13182   1263133   10094   12586.589060
13055   1263133   10094   12586.614073
12374   1263133   10094   12586.475767
13090   1263133   10094   12586.308947
12205   1263133   10094   12586.156617
12872   1263133   10094   12586.021014
12504   1263133   10094   12585.901020
12414   1263133   10094   12585.740048
12177   1263133   10094   12585.556375
12222   1263133   10094   12585.409110
11904   1263133   10094   12585.271774
12093   1263133   10094   12585.088856
11931   1263133   10094   12584.913063
12283   1263133   10094   12584.764587
12068   1263133   10094   12584.626317
12660   1263133   10094   12584.448189
14468   1263133   10094   12584.247122
12005   1263133   10094   12584.048755
12273   1263133   10094   12583.862783
11790   1263133   10094   12583.689707
12138   1263133   10094   12583.483938
12328   1263133   10094   12583.281303
12181   1263133   10094   12583.090797
12834   1263133   10094   12582.880436
12488   1263133   10094   12582.680467
12561   1263133   10094   12582.479354
12108   1263133   10094   12582.264137
11811   1263133   10094   12582.042514
12507   1263133   10094   12581.826085
13273   1263133   10094   12581.591130
12642   1263133   10094   12581.344759
12137   1263133   10094   12581.138822
12064   1263133   10094   12580.901745
11824   1263133   10094   12580.651894
11899   1263133   10094   12580.405583
19953   1263133   10094   12580.166263
12462   1263133   10094   12579.915243
11707   1263133   10094   12579.661177
12518   1263133   10094   12579.420505
11901   1263133   10094   12579.163075
11890   1263133   10094   12578.894328
12016   1263133   10094   12578.639779
17600   1263133   10094   12578.387468
12039   1263133   10094   12578.138158
12044   1263133   10094   12577.896121
11905   1263133   10094   12577.646703
12164   1263133   10094   12577.365461
12239   1263133   10094   12577.090308
11947   1263133   10094   12576.855507
12624   1263133   10094   12576.575216
12596   1263133   10094   12576.330173
11856   1263133   10094   12576.039041
11729   1263133   10094   12575.804381
11883   1263133   10094   12575.520039
12395   1263133   10094   12575.228394
12322   1263133   10094   12574.935008
12669   1263133   10094   12574.719614
12157   1263133   10094   12574.428180
13091   1263133   10094   12574.149237
14087   1263133   10094   12573.864003
11989   1263133   10094   12573.601325
12017   1263133   10094   12573.317819
12001   1263133   10094   12573.032224
12084   1263133   10094   12572.724060
11967   1263133   10094   12572.415653
12457   1263133   10094   12572.117904
11961   1263133   10094   12571.798175
11970   1263133   10094   12571.493525
12392   1263133   10094   12571.201902
13018   1263133   10094   12570.958554
12436   1263133   10094   12570.653964
11884   1263133   10094   12570.340239
12240   1263133   10094   12570.035704
14333   1263133   10094   12569.758610
12023   1263133   10094   12569.442356
12757   1263133   10094   12569.147002
11924   1263133   10094   12568.818872
11967   1263133   10094   12568.539536
12225   1263133   10094   12568.213654
11876   1263133   10094   12567.891699
18694   1263133   10094   12567.558845
12141   1263133   10094   12567.285415
12192   1263133   10094   12566.985181
12071   1263133   10094   12566.676974
17087   1263133   10094   12566.368556
11774   1263133   10094   12566.076856
11873   1263133   10094   12565.765792
12227   1263133   10094   12565.482625
12071   1263133   10094   12565.166855
12929   1263133   10094   12564.860106
12381   1263133   10094   12564.559487
12286   1263133   10094   12564.236419
12156   1263133   10094   12563.924030
12363   1263133   10094   12563.632304
14770   1263133   10094   12563.333170
11788   1263133   10094   12563.013195
13164   1263133   10094   12562.691353
12407   1263133   10094   12562.368001
19780   1263133   10094   12562.076664
12510   1263133   10094   12561.777604
12629   1263133   10094   12561.459474
12694   1263133   10094   12561.148464
11937   1263133   10094   12560.852759
11826   1263133   10094   12560.551773
11913   1263133   10094   12560.224246
12215   1263133   10094   12559.932044
11994   1263133   10094   12559.626990
11709   1263133   10094   12559.323287
18351   1263133   10094   12559.005252
14536   1263133   10094   12558.689099
16633   1263133   10094   12558.389033
12004   1263133   10094   12558.110033
11888   1263133   10094   12557.795751
12213   1263133   10094   12557.470113
12919   1263133   10094   12557.156415
11685   1263133   10094   12556.858648
11872   1263133   10094   12556.537289
12060   1263133   10094   12556.220886
13226   1263133   10094   12555.921582
11761   1263133   10094   12555.635548
11651   1263133   10094   12555.325733
11696   1263133   10094   12554.935747
12015   1263133   10094   12554.539667
11800   1263133   10094   12554.180677
11494   1263133   10094   12553.817962
12611   1263133   10094   12553.426831
12079   1263133   10094   12553.042681
14627   1263133   10094   12552.690401
13040   1263133   10094   12552.362784
13221   1263133   10094   12552.001366
12308   1263133   10094   12551.639410
11971   1263133   10094   12551.257631
11826   1263133   10094   12550.912090
11956   1263133   10094   12550.510942
11788   1263133   10094   12550.125574
12055   1263133   10094   12549.764625
11871   1263133   10094   12549.474493
11911   1263133   10094   12549.129031
11823   1263133   10094   12548.751298
12179   1263133   10094   12548.392661
12617   1263133   10094   12548.049710
12846   1263133   10094   12547.752145
12333   1263133   10094   12547.409474
11847   1263133   10094   12547.050764
11685   1263133   10094   12546.729692
12521   1263133   10094   12546.399762
11967   1263133   10094   12546.058161
12740   1263133   10094   12545.700715
12043   1263133   10094   12545.368455
11829   1263133   10094   12545.040533
11661   1263133   10094   12544.675221
12068   1263133   10094   12544.310945
11920   1263133   10094   12543.974785
11810   1263133   10094   12543.682770
12090   1263133   10094   12543.337669
12942   1263133   10094   12543.015844
16682   1263133   10094   12542.675182
11951   1263133   10094   12542.357684
12325   1263133   10094   12542.018792
12786   1263133   10094   12541.713978
12256   1263133   10094   12541.391608
12160   1263133   10094   12541.095329
12772   1263133   10094   12540.776150
11993   1263133   10094   12540.440336
11984   1263133   10094   12540.109876
11865   1263133   10094   12539.782621
11955   1263133   10094   12539.457740
12233   1263133   10094   12539.181004
12152   1263133   10094   12538.840261
13930   1263133   10094   12538.530480
12207   1263133   10094   12538.239866
12493   1263133   10094   12537.921643
12929   1263133   10094   12537.602083
12609   1263133   10094   12537.296919
11936   1263133   10094   12536.984672
12032   1263133   10094   12536.661368
11623   1263133   10094   12536.347930
11705   1263133   10094   12536.021508
11805   1263133   10094   12535.742805
12282   1263133   10094   12535.449667
11994   1263133   10094   12535.126778
19323   1263133   10094   12534.821057
12132   1263133   10094   12534.538182
12699   1263133   10094   12534.228723
12414   1263133   10094   12533.920418
12978   1263133   10094   12533.644623
12150   1263133   10094   12533.360605
12570   1263133   10094   12533.084576
12380   1263133   10094   12532.771410
12131   1263133   10094   12532.463184
12447   1263133   10094   12532.155938
12663   1263133   10094   12531.879696
11915   1263133   10094   12531.589827
11652   1263133   10094   12531.289281
12661   1263133   10094   12530.977860
12491   1263133   10094   12530.715508
27277   1263133   10094   12530.425379
12037   1263133   10094   12530.123198
11918   1263133   10094   12529.834998
11821   1263133   10094   12529.574795
11933   1263133   10094   12529.276358
11820   1263133   10094   12528.971024
16927   1263133   10094   12528.674972
11780   1263133   10094   12528.400229
12215   1263133   10094   12528.144536
11724   1263133   10094   12527.839777
12389   1263133   10094   12527.536167
12044   1263133   10094   12527.238892
13930   1263133   10094   12526.976655
16617   1263133   10094   12526.669443
11825   1263133   10094   12526.393815
11767   1263133   10094   12526.090254
11873   1263133   10094   12525.851130
11704   1263133   10094   12525.557691
11924   1263133   10094   12525.268383
11841   1263133   10094   12524.978324
11629   1263133   10094   12524.717153
11558   1263133   10094   12524.426707
12248   1263133   10094   12524.132223
11875   1263133   10094   12523.830834
12082   1263133   10094   12523.552850
11702   1263133   10094   12523.288948
11750   1263133   10094   12523.017158
11610   1263133   10094   12522.729866
22548   1263133   10094   12522.447353
17201   1263133   10094   12522.180503
14419   1263133   10094   12521.882697
12089   1263133   10094   12521.593550
12607   1263133   10094   12521.314797
11893   1263133   10094   12521.101148
11867   1263133   10094   12520.825753
11629   1263133   10094   12520.541689
11838   1263133   10094   12520.256717
11907   1263133   10094   12519.969278
12119   1263133   10094   12519.669603
11872   1263133   10094   12519.426203
11787   1263133   10094   12519.172566
11641   1263133   10094   12518.911577
16823   1263133   10094   12518.652314
11962   1263133   10094   12518.377994
11993   1263133   10094   12518.105891
11886   1263133   10094   12517.844565
11713   1263133   10094   12517.577019
11916   1263133   10094   12517.296790
17142   1263133   10094   12517.033003
14784   1263133   10094   12516.769370
12274   1263133   10094   12516.531923
11804   1263133   10094   12516.286156
11771   1263133   10094   12516.006488
11916   1263133   10094   12515.733356
11585   1263133   10094   12515.506024
11817   1263133   10094   12515.230046
11789   1263133   10094   12514.958877
12913   1263133   10094   12514.725345
11832   1263133   10094   12514.483553
17171   1263133   10094   12514.241663
12796   1263133   10094   12513.976931
12281   1263133   10094   12513.702108
12092   1263133   10094   12513.439561
11626   1263133   10094   12513.190555
11850   1263133   10094   12512.952386
11586   1263133   10094   12512.685117
12210   1263133   10094   12512.423633
11596   1263133   10094   12512.189436
11784   1263133   10094   12511.945763
11705   1263133   10094   12511.683579
11739   1263133   10094   12511.428527
11750   1263133   10094   12511.194617
11773   1263133   10094   12510.946545
12491   1263133   10094   12510.685044
11812   1263133   10094   12510.429397
12144   1263133   10094   12510.199284
13013   1263133   10094   12509.984592
12198   1263133   10094   12509.727411
18027   1263133   10094   12509.492216
12353   1263133   10094   12509.235072
12173   1263133   10094   12509.000451
11798   1263133   10094   12508.747853
11898   1263133   10094   12508.506069
12860   1263133   10094   12508.257816
11978   1263133   10094   12508.035130
11748   1263133   10094   12507.797082
11829   1263133   10094   12507.546937
11910   1263133   10094   12507.285791
11742   1263133   10094   12507.062889
12095   1263133   10094   12506.820706
12853   1263133   10094   12506.564409
11562   1263133   10094   12506.329468
11614   1263133   10094   12506.100765
15927   1263133   10094   12505.865855
11669   1263133   10094   12505.623036
11693   1263133   10094   12505.388169
11918   1263133   10094   12505.143361
12009   1263133   10094   12504.910161
12102   1263133   10094   12504.680842
17191   1263133   10094   12504.422692
12346   1263133   10094   12504.176455
12194   1263133   10094   12504.004818
12360   1263133   10094   12503.771442
13288   1263133   10094   12503.534717
12206   1263133   10094   12503.290463
12341   1263133   10094   12503.067162
12007   1263133   10094   12502.834617
12579   1263133   10094   12502.622940
12579   1263133   10094   12502.370225
11876   1263133   10094   12502.136965
12997   1263133   10094   12501.897779
12269   1263133   10094   12501.654287
12387   1263133   10094   12501.406029
12155   1263133   10094   12501.190421
12016   1263133   10094   12500.959616
12120   1263133   10094   12500.717039
12104   1263133   10094   12500.484156
12726   1263133   10094   12500.233566
12309   1263133   10094   12500.024354
12899   1263133   10094   12499.811653
13477   1263133   10094   12499.561356
20730   1263133   10094   12499.310904
12355   1263133   10094   12499.087343
12015   1263133   10094   12498.841022
12664   1263133   10094   12498.631778
13310   1263133   10094   12498.392382
12266   1263133   10094   12498.183406
12100   1263133   10094   12497.955414
12908   1263133   10094   12497.734430
12510   1263133   10094   12497.497480
12013   1263133   10094   12497.270391
12341   1263133   10094   12497.041882
12535   1263133   10094   12496.797417
11965   1263133   10094   12496.583761
17701   1263133   10094   12496.369811
14082   1263133   10094   12496.156187
12444   1263133   10094   12495.925345
12105   1263133   10094   12495.689303
12051   1263133   10094   12495.463832
12209   1263133   10094   12495.244761
12144   1263133   10094   12495.001863
12262   1263133   10094   12494.759311
12548   1263133   10094   12494.525699
12155   1263133   10094   12494.319094
12183   1263133   10094   12494.112837
12833   1263133   10094   12493.879583
12733   1263133   10094   12493.641989
11980   1263133   10094   12493.426742
12050   1263133   10094   12493.192592
12441   1263133   10094   12492.958003
15460   1263133   10094   12492.739219
12456   1263133   10094   12492.522977
11744   1263133   10094   12492.307667
12098   1263133   10094   12492.076324
12481   1263133   10094   12491.844927
12413   1263133   10094   12491.624594
12272   1263133   10094   12491.429098
12309   1263133   10094   12491.198044
16835   1263133   10094   12490.964725
12262   1263133   10094   12490.743995
12188   1263133   10094   12490.535284
11819   1263133   10094   12490.311424
12144   1263133   10094   12490.093898
12587   1263133   10094   12489.860102
13040   1263133   10094   12489.658523
11917   1263133   10094   12489.427667
14752   1263133   10094   12489.209043
12400   1263133   10094   12489.005429
12674   1263133   10094   12488.824410
13392   1263133   10094   12488.617815
13443   1263133   10094   12488.394776
12462   1263133   10094   12488.168644
25469   1263133   10094   12487.954895
12526   1263133   10094   12487.742856
13173   1263133   10094   12487.528739
12027   1263133   10094   12487.297798
12483   1263133   10094   12487.083110
13578   1263133   10094   12486.886661
12946   1263133   10094   12486.666477
13097   1263133   10094   12486.432881
13301   1263133   10094   12486.215297
20217   1263133   10094   12486.030957
12463   1263133   10094   12485.811243
12578   1263133   10094   12485.589574
12277   1263133   10094   12485.375913
12078   1263133   10094   12485.196217
12438   1263133   10094   12484.984235
12659   1263133   10094   12484.776420
13036   1263133   10094   12484.566938
12008   1263133   10094   12484.372147
12426   1263133   10094   12484.154510
12691   1263133   10094   12483.932755
12793   1263133   10094   12483.719066
13569   1263133   10094   12483.535365
11974   1263133   10094   12483.353994
12461   1263133   10094   12483.159306
11897   1263133   10094   12482.948431
12557   1263133   10094   12482.729144
11982   1263133   10094   12482.531122
12006   1263133   10094   12482.340413
12214   1263133   10094   12482.118289
13099   1263133   10094   12481.906054
12797   1263133   10094   12481.720065
12577   1263133   10094   12481.527424
11830   1263133   10094   12481.321338
12488   1263133   10094   12481.132630
11917   1263133   10094   12480.960812
13174   1263133   10094   12480.751803
11926   1263133   10094   12480.550477
13024   1263133   10094   12480.340811
17899   1263133   10094   12480.147743
18407   1263133   10094   12479.977468
11873   1263133   10094   12479.774221
12150   1263133   10094   12479.581173
12761   1263133   10094   12479.407967
12836   1263133   10094   12479.220831
13007   1263133   10094   12479.028533
12094   1263133   10094   12478.831393
12363   1263133   10094   12478.651596
12351   1263133   10094   12478.495461
12349   1263133   10094   12478.290145
12211   1263133   10094   12478.084350
13103   1263133   10094   12477.880526
12463   1263133   10094   12477.694908
13347   1263133   10094   12477.508165
12095   1263133   10094   12477.303099
16991   1263133   10094   12477.101421
11957   1263133   10094   12476.924409
12008   1263133   10094   12476.729776
13497   1263133   10094   12476.531042
12323   1263133   10094   12476.338204
11870   1263133   10094   12476.151620
11497   1263133   10094   12475.959583
11945   1263133   10094   12475.755089
12667   1263133   10094   12475.551311
13691   1263133   10094   12475.359711
12206   1263133   10094   12475.202285
15484   1263133   10094   12475.034049
13358   1263133   10094   12474.828376
11958   1263133   10094   12474.624387
12824   1263133   10094   12474.445749
13572   1263133   10094   12474.272261
12743   1263133   10094   12474.086012
12499   1263133   10094   12473.895285
12541   1263133   10094   12473.723513
13126   1263133   10094   12473.526243
12194   1263133   10094   12473.320056
11775   1263133   10094   12473.116641
12623   1263133   10094   12472.948837
12048   1263133   10094   12472.755871
15399   1263133   10094   12472.553286
12003   1263133   10094   12472.349887
13344   1263133   10094   12472.164683
12493   1263133   10094   12472.013958
12593   1263133   10094   12471.826150
12574   1263133   10094   12471.629118
11872   1263133   10094   12471.436604
13183   1263133   10094   12471.273321
12035   1263133   10094   12471.073934
12384   1263133   10094   12470.876723
12633   1263133   10094   12470.672087
11831   1263133   10094   12470.527391
12582   1263133   10094   12470.334040
12228   1263133   10094   12470.136712
11959   1263133   10094   12469.928529
13223   1263133   10094   12469.737055
11961   1263133   10094   12469.544317
11674   1263133   10094   12469.356696
12535   1263133   10094   12469.164316
12193   1263133   10094   12468.978614
13618   1263133   10094   12468.813387
12601   1263133   10094   12468.612102
11714   1263133   10094   12468.407605
12496   1263133   10094   12468.233932
12246   1263133   10094   12468.057567
13188   1263133   10094   12467.864654
11882   1263133   10094   12467.673833
12011   1263133   10094   12467.486732
12888   1263133   10094   12467.317216
16586   1263133   10094   12467.146570
12054   1263133   10094   12466.960561
12282   1263133   10094   12466.781840
11892   1263133   10094   12466.625548
11832   1263133   10094   12466.432340
11957   1263133   10094   12466.246974
11619   1263133   10094   12466.073936
12081   1263133   10094   12465.898911
11764   1263133   10094   12465.717241
11751   1263133   10094   12465.530288
12417   1263133   10094   12465.338626
12571   1263133   10094   12465.150602
12087   1263133   10094   12464.984058
12728   1263133   10094   12464.784426
11934   1263133   10094   12464.588575
12750   1263133   10094   12464.397390
11955   1263133   10094   12464.237612
12747   1263133   10094   12464.039096
12129   1263133   10094   12463.850203
12032   1263133   10094   12463.670344
12433   1263133   10094   12463.494252
12112   1263133   10094   12463.316352
11655   1263133   10094   12463.127310
11717   1263133   10094   12462.942606
12151   1263133   10094   12462.794612
13088   1263133   10094   12462.653424
13413   1263133   10094   12462.472279
11951   1263133   10094   12462.294362
12203   1263133   10094   12462.116291
12604   1263133   10094   12461.945132
12344   1263133   10094   12461.763006
12156   1263133   10094   12461.603994
11795   1263133   10094   12461.453162
12071   1263133   10094   12461.296700
11856   1263133   10094   12461.130713
20916   1263133   10094   12460.953162
12283   1263133   10094   12460.775131
11647   1263133   10094   12460.645826
11685   1263133   10094   12460.472618
13291   1263133   10094   12460.290688
12349   1263133   10094   12460.121409
15219   1263133   10094   12459.967679
11733   1263133   10094   12459.793845
12268   1263133   10094   12459.628752
11767   1263133   10094   12459.447077
11873   1263133   10094   12459.275196
13243   1263133   10094   12459.125312
12550   1263133   10094   12458.947442
12067   1263133   10094   12458.773135
11895   1263133   10094   12458.628237
12024   1263133   10094   12458.465365
11932   1263133   10094   12458.280520
11782   1263133   10094   12458.098828
11917   1263133   10094   12457.924042
12366   1263133   10094   12457.756937
13295   1263133   10094   12457.585570
11781   1263133   10094   12457.397292
11818   1263133   10094   12457.221671
12174   1263133   10094   12457.093064
15518   1263133   10094   12456.913613
11769   1263133   10094   12456.747238
12075   1263133   10094   12456.581511
12515   1263133   10094   12456.440330
11836   1263133   10094   12456.274783
12008   1263133   10094   12456.099962
11827   1263133   10094   12455.932101
12053   1263133   10094   12455.767456
12020   1263133   10094   12455.618304
11886   1263133   10094   12455.455684
12825   1263133   10094   12455.281544
13358   1263133   10094   12455.119053
11866   1263133   10094   12454.954798
12468   1263133   10094   12454.778383
11676   1263133   10094   12454.613686
11950   1263133   10094   12454.460787
12018   1263133   10094   12454.318589
12057   1263133   10094   12454.143539
11934   1263133   10094   12453.972381
20522   1263133   10094   12453.809275
17981   1263133   10094   12453.664447
17358   1263133   10094   12453.508955
18811   1263133   10094   12453.336350
12252   1263133   10094   12453.160377
11607   1263133   10094   12453.012496
11954   1263133   10094   12452.862740
11841   1263133   10094   12452.697954
11880   1263133   10094   12452.550215
12313   1263133   10094   12452.375251
11733   1263133   10094   12452.225283
11990   1263133   10094   12452.075090
11859   1263133   10094   12451.907341
11962   1263133   10094   12451.740519
11940   1263133   10094   12451.610140
13557   1263133   10094   12451.448656
11933   1263133   10094   12451.292712
12232   1263133   10094   12451.127925
11831   1263133   10094   12450.979723
11952   1263133   10094   12450.813431
11768   1263133   10094   12450.650165
12166   1263133   10094   12450.497777
66059   1263133   10094   12450.355402
11971   1263133   10094   12450.205675
12396   1263133   10094   12450.048765
11992   1263133   10094   12449.880347
11917   1263133   10094   12449.716814
11729   1263133   10094   12449.584860
12184   1263133   10094   12449.423718
11672   1263133   10094   12449.263735
13710   1263133   10094   12449.112381
12045   1263133   10094   12448.979784
12141   1263133   10094   12448.824653
11844   1263133   10094   12448.671412
11840   1263133   10094   12448.519578
11870   1263133   10094   12448.378771
11744   1263133   10094   12448.210642
12704   1263133   10094   12448.044019
12084   1263133   10094   12447.881221
12240   1263133   10094   12447.768374
11871   1263133   10094   12447.623191
11746   1263133   10094   12447.454912
11926   1263133   10094   12447.299268
21257   1263133   10094   12447.149644
11608   1263133   10094   12446.992982
11970   1263133   10094   12446.843619
11935   1263133   10094   12446.683312
11838   1263133   10094   12446.534288
18611   1263133   10094   12446.418567
11709   1263133   10094   12446.261919
11744   1263133   10094   12446.100215
11676   1263133   10094   12445.952754
11912   1263133   10094   12445.849147
11792   1263133   10094   12445.695109
11700   1263133   10094   12445.534122
13844   1263133   10094   12445.387572
12006   1263133   10094   12445.240228
15513   1263133   10094   12445.101183
12040   1263133   10094   12444.949859
11978   1263133   10094   12444.815764
11979   1263133   10094   12444.678679
11925   1263133   10094   12444.533756
11790   1263133   10094   12444.379558
11803   1263133   10094   12444.223046
14291   1263133   10094   12444.085578
12510   1263133   10094   12443.965465
11972   1263133   10094   12443.817452
12322   1263133   10094   12443.668347
12072   1263133   10094   12443.519526
11793   1263133   10094   12443.375564
12884   1263133   10094   12443.238915
11998   1263133   10094   12443.085718
11799   1263133   10094   12442.931774
11831   1263133   10094   12442.795490
12058   1263133   10094   12442.643463
11664   1263133   10094   12442.497513
11824   1263133   10094   12442.356759
12024   1263133   10094   12442.206993
11795   1263133   10094   12442.060634
12456   1263133   10094   12441.905708
12843   1263133   10094   12441.754344
12021   1263133   10094   12441.599831
11897   1263133   10094   12441.459235
11608   1263133   10094   12441.310087
11478   1263133   10094   12441.189039
11806   1263133   10094   12441.044756
17909   1263133   10094   12440.907880
11704   1263133   10094   12440.755361
11919   1263133   10094   12440.602082
11993   1263133   10094   12440.457520
13124   1263133   10094   12440.325792
13578   1263133   10094   12440.187253
11846   1263133   10094   12440.031688
11831   1263133   10094   12439.879296
11759   1263133   10094   12439.737097
11882   1263133   10094   12439.595877
11766   1263133   10094   12439.440244
11688   1263133   10094   12439.283272
11780   1263133   10094   12439.147732
18487   1263133   10094   12439.021437
14838   1263133   10094   12438.875244
17720   1263133   10094   12438.733889
12393   1263133   10094   12438.581487
12362   1263133   10094   12438.432908
11829   1263133   10094   12438.283639
17959   1263133   10094   12438.138733
15293   1263133   10094   12437.993236
15326   1263133   10094   12437.869246
21893   1263133   10094   12437.736868
11432   1263133   10094   12437.581266
12172   1263133   10094   12437.434798
11771   1263133   10094   12437.292302
11852   1263133   10094   12437.165971
11790   1263133   10094   12437.022199
12373   1263133   10094   12436.901783
12086   1263133   10094   12436.761122
12137   1263133   10094   12436.648252
12277   1263133   10094   12436.498594
13572   1263133   10094   12436.344076
13215   1263133   10094   12436.196551
11742   1263133   10094   12436.083794
11726   1263133   10094   12435.932872
11552   1263133   10094   12435.781656
13354   1263133   10094   12435.636555
12518   1263133   10094   12435.503497
11737   1263133   10094   12435.381324
12257   1263133   10094   12435.253335
11711   1263133   10094   12435.098464
11540   1263133   10094   12434.965159
18958   1263133   10094   12434.824227
11804   1263133   10094   12434.676318
11817   1263133   10094   12434.536381
12242   1263133   10094   12434.415079
11779   1263133   10094   12434.295659
11726   1263133   10094   12434.163990
11910   1263133   10094   12434.017950
12038   1263133   10094   12433.875823
11736   1263133   10094   12433.748062
11879   1263133   10094   12433.612901
12182   1263133   10094   12433.474275
11741   1263133   10094   12433.342857
11819   1263133   10094   12433.223277
11596   1263133   10094   12433.077376
11806   1263133   10094   12432.935301
11974   1263133   10094   12432.801504
11885   1263133   10094   12432.659945
12668   1263133   10094   12432.547341
12879   1263133   10094   12432.409593
11884   1263133   10094   12432.274397
13420   1263133   10094   12432.142365
11896   1263133   10094   12432.023609
11861   1263133   10094   12431.885276
11852   1263133   10094   12431.733323
12784   1263133   10094   12431.593768
17834   1263133   10094   12431.468337
11728   1263133   10094   12431.333869
12157   1263133   10094   12431.183082
12071   1263133   10094   12431.053240
12755   1263133   10094   12430.951685
12509   1263133   10094   12430.809455
12076   1263133   10094   12430.664317
11959   1263133   10094   12430.512610
12627   1263133   10094   12430.379383
13749   1263133   10094   12430.246990
12431   1263133   10094   12430.111841
11979   1263133   10094   12429.964018
12014   1263133   10094   12429.834740
11847   1263133   10094   12429.716301
11953   1263133   10094   12429.566099
11743   1263133   10094   12429.424469
12457   1263133   10094   12429.284958
11872   1263133   10094   12429.151179
11626   1263133   10094   12428.998152
11844   1263133   10094   12428.806164
12143   1263133   10094   12428.439480
10584   1263133   10094   12428.135392
10900   1263133   10094   12427.327162
10685   1263133   9787   12426.533467
11225   1263133   9787   12425.711727
11128   1263133   9787   12424.991620
11164   1263133   9787   12424.315608
11230   1263133   9787   12423.709335
11613   1263133   9787   12423.138939
16729   1263133   9787   12422.674388
11560   1263133   9787   12422.221628
11425   1263133   9787   12421.793473
11520   1263133   9787   12421.402328
11578   1263133   9787   12421.061122
13015   1263133   9787   12420.715447
11500   1263133   9787   12420.367455
11777   1263133   9787   12420.026140
11698   1263133   9787   12419.722319
11425   1263133   9787   12419.476020
11968   1263133   9787   12419.204686
11813   1263133   9787   12418.926584
11700   1263133   9787   12418.658909
12027   1263133   9787   12418.440558
12945   1263133   9787   12418.198751
13110   1263133   9787   12417.969477
16512   1263133   9787   12417.778985
18081   1263133   9787   12417.610098
12046   1263133   9787   12417.401374
12937   1263133   9787   12417.189338
12174   1263133   9787   12416.981580
13096   1263133   9787   12416.806228
13291   1263133   9787   12417.010231
13260   1263133   9787   12417.877707
12534   1263133   9787   12418.575897
12946   1263133   9787   12419.182105
12634   1263133   9787   12419.687043
12689   1263133   9787   12420.043358
15259   1263133   9787   12420.309643
12250   1263133   9787   12420.508549
12366   1263133   9787   12420.673051
12166   1263133   9787   12420.735962
12576   1263133   9787   12420.768877
14658   1263133   9787   12420.772097
12934   1263133   9787   12420.812922
12334   1263133   9787   12420.813259
12535   1263133   9787   12420.799010
12334   1263133   9787   12420.772810
12219   1263133   9787   12420.747053
12765   1263133   9787   12420.702099
14679   1263133   9787   12420.659088
13018   1263133   9787   12420.626651
12289   1263133   9787   12420.583809
12045   1263133   9787   12420.543959
11840   1263133   9787   12420.480787
12444   1263133   9787   12420.416519
11756   1263133   9787   12420.349024
13026   1263133   9787   12420.291691
12299   1263133   9787   12420.213401
12278   1263133   9787   12420.148714
12273   1263133   9787   12420.058896
12172   1263133   9787   12419.995202
12192   1263133   9787   12419.905337
12108   1263133   9787   12419.814677
12027   1263133   9787   12419.726041
12558   1263133   9787   12419.658654
12764   1263133   9787   12419.565138
12190   1263133   9787   12419.474825
11776   1263133   9787   12419.381227
11961   1263133   9787   12419.292441
12192   1263133   9787   12419.221228
11811   1263133   9787   12419.127539
12097   1263133   9787   12419.034759
12334   1263133   9787   12418.932730
11299   1263133   9787   12418.853652
18016   1263133   9787   12418.755914
12126   1263133   9787   12418.663306
12155   1263133   9787   12418.565289
11751   1263133   9787   12418.485928
11773   1263133   9787   12418.384722
11693   1263133   9787   12418.287182
11747   1263133   9787   12418.195062
12060   1263133   9787   12418.113693
11741   1263133   9787   12418.016309
11883   1263133   9787   12417.918261
17328   1263133   9787   12417.818120
11941   1263133   9787   12417.724332
11793   1263133   9787   12417.631220
11814   1263133   9787   12417.543652
12014   1263133   9787   12417.439224
12049   1263133   9787   12417.342234
11837   1263133   9787   12417.257120
