100
100
100
100
100
100
100
100
100
99,73
100
100
100
100
100
100
100
98,5
100
100
99,44
99,72
100
100
100
100
99,75
99,18
100
100
99,23
100
11,75
9,2
10,57
11,75
10,89
9,46
12
11,78
10
9,74
9,97
20,8
11,21
20,4
10,57
7,76
10
10,03
10
9,71
11,11
9,71
12
9,2
16,19
9,71
9,48
9,17
11,14
10,06
9,22
9,46
8,91
9,48
11,4
10
10
11,21
16,81
9,74
10,89
10,03
9,14
10,57
9,74
12
9,74
10,83
16,05
22,7
10,34
9,77
17,14
13,51
10,34
9,48
10
9,48
17,43
9,48
10,51
9,97
7,47
9,12
9,4
11,08
8,91
8,88
8,91
8,31
9,74
9,14
9,17
9,4
17,95
18,34
9,17
9,14
8,91
9,12
9,46
22,06
8,81
8,91
9,17
18
12,89
27,27
9,43
9,17
9,48
8,86
9,46
9,46
9,43
8,02
9,71
9,12
8,6
16,62
9,74
9,46
10,06
8,62
9,97
10,37
9,17
9,38
9,2
9,17
8,91
8,33
20,17
8,6
8,93
8,86
17,14
9,17
9,66
8,6
11,71
8,6
21,02
12,43
13,07
10
10,32
9,12
9,17
8,83
8,88
8
16,52
8,6
16,05
13,71
8,91
8,62
9,17
9,69
9,74
8,86
10,06
9,77
9,66
8,88
9,4
10,03
8,88
9,46
21,59
9,43
9,77
8,88
9,17
8,55
8,62
14,86
9,38
10,83
12,72
9,17
10,92
9,46
9,46
11,24
8,91
9,17
9,69
9,2
9,17
9,4
9,17
8,29
8,91
25,14
9,77
8,88
10,06
18
17,71
8,62
10,34
8,86
10,86
9,43
9,48
9,12
12,07
9,4
9,71
9,14
9,43
9,66
8,31
9,66
