Act   Max   Min   Avg
0   0   0   -nan
14039   168812   9528   14791.187181
14458   190788   9528   14875.323934
12275   7614254   9175   82216.014610
17636   540061825   9175   42010815.447508
14029   540061825   5866   33788323.283535
13232   540061825   5866   28412551.426855
11871   540061825   5866   24410908.017937
16406   540061825   5757   21372524.000162
10138   540061825   5757   19049631.693983
11549   540061825   5757   17149242.107504
8628   540061825   5757   15595364.317262
17735   540061825   5757   14297840.646171
11730   540061825   5757   13242531.933588
8585   540061825   5757   12420340.818657
8688   540061825   5757   11695114.954662
11047   540061825   5757   11063599.290415
11999   540061825   5757   10505357.536668
8890   540061825   5757   9999914.154972
10185   540061825   5757   9475950.946907
8728   540061825   5757   9004590.805536
9067   540061825   5757   8616446.183948
8655   540061825   5757   8232185.036117
8595302   540061825   5757   7940656.857112
13294   540061825   5757   7626451.236178
13836   540061825   5757   7345023.148699
8272   540061825   5757   7087870.076691
8374   540061825   5757   6827032.933445
8589   540061825   5757   6586511.421516
8584   540061825   5757   6362623.408297
7781   540061825   5757   6159121.917757
7727   540061825   5757   5964376.096330
14384   540061825   5757   5787945.449944
17174   540061825   5757   5617533.237699
12165   540061825   5757   5452821.554108
12177   540061825   5757   5296920.943903
8015   540061825   5757   5150332.696461
10308   540061825   5757   5011556.811494
8283   540061825   5757   4880042.789892
11039   540061825   5757   4767801.094909
12871   540061825   5757   4648984.925083
8682   540061825   5757   4535918.182982
8416   540061825   5757   4428221.783504
8406   540061825   5757   4325556.259631
8492   540061825   5757   4227544.693945
12194   540061825   5757   4133942.897084
12757   540061825   5757   4044583.044612
8550   540061825   5757   3958814.114651
8597   540061825   5757   3876586.809357
13212   540061825   5757   3797729.835485
8610   540061825   5757   3722034.145093
12495   540061825   5757   3649314.332143
12838   540061825   5757   3579393.225807
8564   540061825   5757   3512134.558104
16536   540061825   5757   3447322.979822
12651   540061825   5757   3384883.923470
8931   540061825   5757   3324655.009419
8573   540061825   5757   3266530.260240
8576   540061825   5757   3210409.736124
13143   540061825   5757   3155787.640277
12620   540061825   5757   3103471.317831
13466   540061825   5757   3051736.443153
13182   540061825   5757   3002804.420581
14450   540061825   5757   2954878.057755
14191   540061825   5757   2908959.649226
12920   540061825   5757   2864302.178077
12385   540061825   5757   2820704.482697
13946   540061825   5757   2778220.698331
12500   540061825   5757   2737629.793974
13379   540061825   5757   2698218.555663
10981   540061825   5757   2659923.175991
11634   540061825   5757   2622721.155921
11773   540061825   5757   2586598.770441
10516   540061825   5757   2551396.878129
13387   540061825   5757   2517165.728409
13373   540061825   5757   2483760.543808
13159   540061825   5757   2451279.754720
11640   540061825   5757   2419656.718133
10608   540061825   5757   2388572.048066
14738   540061825   5757   2358447.580429
13483   540061825   5757   2329375.982465
12661   540061825   5757   2300827.801521
12075   540061825   5757   2272978.047408
12780   540061825   5757   2245799.544505
12820   540061825   5757   2219267.976573
23932   540061825   5757   2193185.526661
14033   540061825   5757   2167877.655834
12776   540061825   5757   2143152.771016
16751   540061825   5757   2118986.382950
12989   540061825   5757   2095361.284308
12965   540061825   5757   2072256.220370
12766   540061825   5757   2049657.247465
12513   540061825   5757   2027548.310120
8648   540061825   5757   2005924.068720
8758   540061825   5757   1984728.172733
8755   540061825   5757   1963973.050616
8898   540061825   5757   1943646.802640
8725   540061825   5757   1923736.348726
8999   540061825   5757   1904236.683374
8719   540061825   5757   1885128.083318
13215   540061825   5757   1866400.930335
9057   540061825   5757   1848041.723791
9039   540061825   5757   1830043.447588
8963   540061825   5757   1812391.333404
8724   540061825   5757   1795094.561767
8773   540061825   5757   1778116.751663
8635   540061825   5757   1761458.639435
8689   540061825   5757   1745109.427951
8613   540061825   5757   1729062.763992
13452   540061825   5757   1713311.111027
8761   540061825   5757   1697845.833928
13471   540061825   5757   1682655.727564
16838   540061825   5757   1667737.662409
15193   540061825   5757   1653083.128008
13318   540061825   5757   1638695.184599
8581   540061825   5757   1624549.306130
8774   540061825   5757   1610645.166938
19535   540061825   5757   1596990.680034
14259   540061825   5757   1583561.371241
12103   540061825   5757   1570354.544253
8345   540061825   5757   1557365.483878
12431   540061825   5757   1544602.600116
8529   540061825   5757   1532051.488062
8451   540061825   5757   1519701.855562
8559   540061825   5757   1507546.761895
8449   540061825   5757   1495580.271247
19437   540061825   5757   1483804.195708
8590   540061825   5757   1472208.520223
12994   540061825   5757   1460777.847398
11226   540061825   5757   1449557.978363
11750   540061825   5757   1438505.117734
11406   540061825   5757   1427627.848355
8656   540061825   5757   1416900.018267
12916   540061825   5757   1406332.323038
11298   540061825   5757   1395946.409927
8572   540061825   5757   1385715.580241
11965   540061825   5757   1375633.388314
12381   540061825   5757   1365699.927554
13662   540061825   5757   1355903.094678
14571   540061825   5757   1346255.424568
12886   540061825   5757   1336745.591259
10468   540061825   5757   1327371.903883
29234   540061825   5757   1318125.005407
29882   540061825   5757   1309004.612789
12161   540061825   5757   1300013.076078
10481   540061825   5757   1291148.684462
11002   540061825   5757   1282407.600176
11383   540061825   5757   1273782.828769
15067   540061825   5757   1265272.075711
12547   540061825   5757   1256880.044634
13486   540061825   5757   1248601.160770
19702   540061825   5757   1240432.641796
12370   540061825   5757   1232369.860307
14019   540061825   5757   1224399.045589
12450   540061825   5757   1216546.911096
13570   540061825   5757   1208794.826729
13248   540061825   5757   1201128.234562
12260   540061825   5757   1193568.973818
12667   540061825   5757   1186110.067359
12441   540061825   5757   1178744.937490
15734   540061825   5757   1171455.303362
10482   540061825   5757   1164272.142364
13716   540061825   5757   1157190.232069
13795   540061825   5757   1150177.212757
8836   540061825   5757   1143243.726168
8672   540061825   5757   1136399.141418
8884   540061825   5757   1129621.946704
8630   540061825   5757   1122927.663076
8936   540061825   5757   1116310.711487
11952   540061825   5757   1109769.698587
11967   540061825   5757   1103315.344879
12158   540061825   5757   1096934.524879
8584   540061825   5757   1090629.484332
14658   540061825   5757   1084398.949404
12924   540061825   5757   1078239.438056
8866   540061825   5757   1072148.657633
8851   540061825   5757   1066125.880904
8678   540061825   5757   1060160.067120
8895   540061825   5757   1054261.464743
15754   540061825   5757   1048428.750127
8600   540061825   5757   1042669.306086
11457   540061825   5757   1036973.574532
18596   540061825   5757   1031340.506924
12653   540061825   5757   1025773.625779
8703   540061825   5757   1020265.249696
12373   540061825   5757   1014816.775863
10326   540061825   5757   1009425.599357
12744   540061825   5757   1004091.981816
8623   540061825   5757   998810.169193
13053   540061825   5757   993586.835558
12315   540061825   5757   988423.524741
11307   540061825   5757   983314.872239
12307   540061825   5757   978259.749296
11175   540061825   5757   973254.906489
12202   540061825   5757   968305.270696
11853   540061825   5757   963399.938897
11289   540061825   5757   958546.699845
8671   540061825   5757   953738.731530
8749   540061825   5757   948975.899503
13904   540061825   5757   944260.919386
8725   540061825   5757   939592.144451
12317   540061825   5757   934970.793779
12779   540061825   5757   930405.277936
11451   540061825   5757   925885.049792
12364   540061825   5757   921402.669629
8401   540061825   5757   916969.514474
8529   540061825   5757   912564.678794
8662   540061825   5757   908201.707759
8626   540061825   5757   903884.631603
8589   540061825   5757   899604.721665
8568   540061825   5757   895365.696346
8622   540061825   5757   891166.828372
8901   540061825   5757   887014.042567
8499   540061825   5757   882893.719342
8518   540061825   5757   878811.759641
8634   540061825   5757   874768.288462
8583   540061825   5757   870765.686342
8812   540061825   5757   866796.262952
8654   540061825   5757   862863.255924
8680   540061825   5757   858965.782519
11836   540061825   5757   855107.829710
8425   540061825   5757   851284.395965
8721   540061825   5757   847491.902866
8701   540061825   5757   843733.323055
8574   540061825   5757   840012.471419
8690   540061825   5757   836320.439151
8719   540061825   5757   832661.068481
8811   540061825   5757   829033.946222
8622   540061825   5757   825443.164194
8769   540061825   5757   821881.412331
8754   540061825   5757   818348.638992
8557   540061825   5757   814846.104947
12346   540061825   5757   811377.231827
8930   540061825   5757   807934.754103
8610   540061825   5757   804522.673474
8724   540061825   5757   801140.148861
8677   540061825   5757   797787.019607
8566   540061825   5757   794463.520684
8588   540061825   5757   791164.401135
8625   540061825   5757   787892.668861
11735   540061825   5757   784649.614328
8552   540061825   5757   781434.397241
8522   540061825   5757   778243.622150
8750   540061825   5757   775078.908388
8744   540061825   5757   771940.973816
8577   540061825   5757   768832.222419
9955   540061825   5757   765744.468731
8561   540061825   5757   762682.214869
8420   540061825   5757   759643.796785
8399   540061825   5757   756632.384311
8521   540061825   5757   753642.169285
8560   540061825   5757   750675.551462
8840   540061825   5757   747733.612746
8503   540061825   5757   744817.927105
8532   540061825   5757   741921.346401
8539   540061825   5757   739047.431830
8796   540061825   5757   736196.141376
8285   540061825   5757   733370.421208
8582   540061825   5757   730563.297336
8626   540061825   5757   727777.595470
12465   540061825   5757   725013.175508
8457   540061825   5757   722274.697632
8722   540061825   5757   719552.650188
8738   540061825   5757   716851.118288
8376   540061825   5757   714170.068777
8700   540061825   5757   711512.197773
8809   540061825   5757   708871.868731
8540   540061825   5757   706251.064410
8630   540061825   5757   703649.509216
8483   540061825   5757   701072.034351
8579   540061825   5757   698509.233404
8499   540061825   5757   695965.112109
9495   540061825   5757   693439.709279
8480   540061825   5757   690936.118337
8631   540061825   5757   688447.682114
8735   540061825   5757   685977.185185
8445   540061825   5757   683524.597368
8670   540061825   5757   681094.192189
8687   540061825   5757   678677.002691
8725   540061825   5757   676277.183987
8437   540061825   5757   673894.310931
8617   540061825   5757   671531.159338
8902   540061825   5757   669181.985006
8558   540061825   5757   666849.383567
8592   540061825   5757   664533.160914
8742   540061825   5757   662237.438715
9068   540061825   5757   659953.944054
8390   540061825   5757   657686.381521
8661   540061825   5757   655434.127624
8635   540061825   5757   653200.319102
8809   540061825   5757   650979.137955
8457   540061825   5757   648773.250664
8726   540061825   5757   646582.473105
13141   540061825   5757   644409.623932
9126   540061825   5757   642250.004108
8614   540061825   5757   640103.668514
8568   540061825   5757   637971.573082
8485   540061825   5757   635856.548241
16105   540061825   5757   633753.243874
8578   540061825   5757   631663.850173
8711   540061825   5757   629588.408572
12170   540061825   5757   627532.677440
11385   540061825   5757   625491.687176
8702   540061825   5757   623460.641845
8423   540061825   5757   621439.675943
8621   540061825   5757   619434.332916
8600   540061825   5757   617439.725617
8496   540061825   5757   615458.398815
8508   540061825   5757   614239.135332
8573   540061825   5757   612282.228269
8583   540061825   5757   610338.441545
8737   540061825   5757   608405.246510
8655   540061825   5757   606484.435430
11792   540061825   5757   604577.062757
8537   540061825   5757   602688.684452
8516   540061825   5757   600804.502828
8545   540061825   5757   598931.682782
11709   540061825   5757   597072.183199
8466   540061825   5757   595225.580575
8333   540061825   5757   593388.060679
8578   540061825   5757   591562.043230
8695   540061825   5757   589747.577537
8603   540061825   5757   587946.168193
8519   540061825   5757   586153.891802
8533   540061825   5757   584372.573273
8609   540061825   5757   582602.751990
8679   540061825   5757   580846.777482
8695   540061825   5757   579098.194671
8901   540061825   5757   577360.040399
8770   540061825   5757   575632.802422
8514   540061825   5757   573917.941688
8496   540061825   5757   572211.320914
8782   540061825   5757   570514.939185
12899   540061825   5757   568828.927561
8945   540061825   5757   567156.317723
8423   540061825   5757   565490.497505
8831   540061825   5757   563834.230258
8601   540061825   5757   562187.753547
8538   540061825   5757   560553.538007
8664   540061825   5757   558926.528746
8583   540061825   5757   557309.094772
20795   540061825   5757   555700.992644
18274   540061825   5757   554107.254614
16589   540061825   5757   552517.943066
15115   540061825   5757   550938.264151
12040   540061825   5757   549367.609037
11592   540061825   5757   547807.990726
10011   540061825   5757   546255.163890
9345   540061825   5757   544711.240643
12012   540061825   5757   543176.331140
8575   540061825   5757   541653.628098
8719   540061825   5757   540136.079219
9245   540061825   5757   538627.184879
8734   540061825   5757   537126.597392
8634   540061825   5757   535637.004068
9329   540061825   5757   534153.528205
9172   540061825   5757   532678.436950
8739   540061825   5757   531211.354126
8618   540061825   5757   529756.102641
8564   540061825   5757   528305.392430
8563   540061825   5757   526862.950146
8707   540061825   5757   525428.273454
8679   540061825   5757   524003.967899
8455   540061825   5757   522585.030311
8643   540061825   5757   521173.946579
8565   540061825   5757   519770.462773
13204   540061825   5757   518377.625522
8829   540061825   5757   516990.420217
8664   540061825   5757   515610.062440
8544   540061825   5757   514236.826009
8724   540061825   5757   512873.382444
8747   540061825   5757   511515.020596
8616   540061825   5757   510163.979089
8607   540061825   5757   508820.203264
13722   540061825   5757   507485.951923
8538   540061825   5757   506157.996469
8757   540061825   5757   504836.011417
8735   540061825   5757   503521.045548
8713   540061825   5757   502214.990769
12764   540061825   4446   500913.745809
8548   540061825   4446   499619.360110
8828   540061825   4446   498331.645944
8630   540061825   4446   497052.184757
8806   540061825   4446   495780.107219
8769   540061825   4446   494512.645467
8548   540061825   4446   493251.562797
12886   540061825   4446   491998.079350
8802   540061825   4446   490751.062717
8733   540061825   4446   489509.445442
8807   540061825   4446   488274.058467
21570   540061825   4446   487045.598625
10585   540061825   4446   485825.985267
9341   540061825   4446   484609.761523
9408   540061825   4446   483399.419881
8915   540061825   4446   482195.629053
8579   540061825   4446   480999.361038
8897   540061825   4446   479807.365321
9256   540061825   4446   478621.623401
8961   540061825   4446   477441.997319
8691   540061825   4446   476270.547041
8648   540061825   4446   475102.355135
8853   540061825   4446   473939.799987
8584   540061825   4446   472783.452780
8660   540061825   4446   471635.326953
8750   540061825   4446   470490.287478
8749   540061825   4446   469350.650987
13521   540061825   4446   468216.826014
8694   540061825   4446   467091.251773
8775   540061825   4446   465968.489980
8491   540061825   4446   464851.036618
8671   540061825   4446   463739.155001
8733   540061825   4446   462634.604281
8742   540061825   4446   461533.420889
8663   540061825   4446   460437.531906
8585   540061825   4446   459347.015713
8754   540061825   4446   458264.956586
8936   540061825   4446   457184.908822
8634   540061825   4446   456109.998862
8444   540061825   4446   455040.205036
8566   540061825   4446   453977.397376
8921   540061825   4446   452917.818880
8580   540061825   4446   451863.408780
8696   540061825   4446   450813.861436
8665   540061825   4446   449772.167893
8635   540061825   4446   448732.503913
8742   540061825   4446   447697.708991
8949   540061825   4446   446667.690223
8715   540061825   4446   445644.601208
8688   540061825   4446   444624.515231
8532   540061825   4446   443608.887858
9097   540061825   4446   442597.978173
8578   540061825   4446   441594.755343
9162   540061825   4446   440593.186113
8608   540061825   4446   439596.378165
8579   540061825   4446   438604.097728
8699   540061825   4446   437618.305636
8814   540061825   4446   436635.062837
8912   540061825   4446   435656.500798
8593   540061825   4446   434682.243601
12519   540061825   4446   433714.095595
8740   540061825   4446   432749.826206
8451   540061825   4446   431788.851850
9018   540061825   4446   430832.105474
9344   540061825   4446   429881.516802
8639   540061825   4446   428933.479057
8665   540061825   4446   427989.611307
8702   540061825   4446   427049.885527
12296   540061825   4446   426116.278793
8766   540061825   4446   425186.060551
8470   540061825   4446   424259.081217
8628   540061825   4446   423336.029555
8456   540061825   4446   422418.963056
8506   540061825   4446   421504.017145
8622   540061825   4446   420593.251048
8788   540061825   4446   419686.434757
8714   540061825   4446   418784.802841
8851   540061825   4446   417887.284961
8643   540061825   4446   416992.365602
8637   540061825   4446   416101.242842
11709   540061825   4446   415215.019004
8921   540061825   4446   414332.573963
8645   540061825   4446   413453.185395
8620   540061825   4446   412577.582112
12250   540061825   4446   411706.478248
8644   540061825   4446   410840.239660
8618   540061825   4446   409975.872424
8598   540061825   4446   409115.195777
8742   540061825   4446   408258.328372
8838   540061825   4446   407406.515150
8589   540061825   4446   406556.736807
8947   540061825   4446   405710.628395
8579   540061825   4446   404868.386095
8840   540061825   4446   404031.837992
8720   540061825   4446   403196.372682
9115   540061825   4446   402364.471411
8648   540061825   4446   401536.306675
8865   540061825   4446   400712.861820
8591   540061825   4446   399891.346801
8736   540061825   4446   399073.365442
12377   540061825   4446   398258.741486
8713   540061825   4446   397450.034867
8697   540061825   4446   396642.335874
8562   540061825   4446   395837.810118
8667   540061825   4446   395036.626642
8719   540061825   4446   394240.460720
8876   540061825   4446   393445.863220
12524   540061825   4446   392654.596736
9135   540061825   4446   391866.592594
8742   540061825   4446   391084.468960
8646   540061825   4446   390302.890176
8513   540061825   4446   389524.394656
8863   540061825   4446   388749.084979
8958   540061825   4446   387978.577792
8724   540061825   4446   387209.563801
8650   540061825   4446   386443.675638
8637   540061825   4446   385680.854190
8437   540061825   4446   384923.728745
8645   540061825   4446   384167.278676
8624   540061825   4446   383413.750912
8455   540061825   4446   382663.055608
8721   540061825   4446   381917.103913
8671   540061825   4446   381172.442485
8588   540061825   4446   380430.769922
8556   540061825   4446   379692.076751
12446   540061825   4446   378958.717466
8663   540061825   4446   378225.959246
8614   540061825   4446   377497.735618
8926   540061825   4446   376770.598902
8883   540061825   4446   376047.852025
8434   540061825   4446   375326.503231
8580   540061825   4446   374607.974297
8599   540061825   4446   373892.190479
12936   540061825   4446   373181.529981
8731   540061825   4446   372471.530201
8616   540061825   4446   371764.209941
8588   540061825   4446   371059.566368
13248   540061825   4446   370358.022832
8656   540061825   4446   369659.921315
9051   540061825   4446   368963.423226
8555   540061825   4446   368269.519185
12442   540061825   4446   367579.547733
8581   540061825   4446   366892.152529
9720   540061825   4446   366206.343286
8616   540061825   4446   365523.140618
13101   540061825   4446   364843.957593
8674   540061825   4446   364165.895275
8531   540061825   4446   363490.427395
8496   540061825   4446   362817.392438
8812   540061825   4446   362148.034635
8748   540061825   4446   361481.559501
8609   540061825   4446   360816.251674
8595   540061825   4446   360153.350367
40672   540061825   4446   359493.294580
8790   540061825   4446   358836.511247
8713   540061825   4446   358181.157977
8996   540061825   4446   357528.178198
8682   540061825   4446   356878.011471
8918   540061825   4446   356232.513894
8568   540061825   4446   355586.838308
8628   540061825   4446   354943.430885
8580   540061825   4446   354302.691424
8894   540061825   4446   353665.412973
9232   540061825   4446   353029.211912
8659   540061825   4446   352395.377793
8743   540061825   4446   351764.131115
8608   540061825   4446   351136.929574
8565   540061825   4446   350510.027763
8697   540061825   4446   349885.521740
12437   540061825   4446   349263.308718
8689   540061825   4446   348644.626953
8624   540061825   4446   348026.799812
8583   540061825   4446   347411.222538
8658   540061825   4446   346797.825408
8671   540061825   4446   346189.020950
8619   540061825   4446   345580.192822
8685   540061825   4446   344973.419289
8547   540061825   4446   344368.847194
8703   540061825   4446   343768.049344
8624   540061825   4446   343167.817034
8739   540061825   4446   342569.795922
9306   540061825   4446   341973.847183
8576   540061825   4446   341382.319130
8878   540061825   4446   340790.596888
8698   540061825   4446   340200.961015
8801   540061825   4446   339613.436900
8547   540061825   4446   339029.401588
8784   540061825   4446   338446.006446
8574   540061825   4446   337864.710391
8688   540061825   4446   337285.493823
8558   540061825   4446   336710.421539
8554   540061825   4446   336135.183093
8838   540061825   4446   335562.050385
8877   540061825   4446   334990.782817
8713   540061825   4446   334423.015403
8528   540061825   4446   333855.847495
8534   540061825   4446   333290.592560
8635   540061825   4446   332727.251473
8609   540061825   4446   332167.886070
8450   540061825   4446   331608.449354
8698   540061825   4446   331051.040175
15195   540061825   4446   330495.456747
8809   540061825   4446   329943.225144
8809   540061825   4446   329391.483190
9029   540061825   4446   328841.621468
8458   540061825   4446   328293.713504
8829   540061825   4446   327749.094396
8630   540061825   4446   327205.572595
8576   540061825   4446   326663.217412
8714   540061825   4446   326122.639856
8628   540061825   4446   325585.267157
8456   540061825   4446   325048.477977
8719   540061825   4446   324513.496980
8828   540061825   4446   323980.261284
8766   540061825   4446   323449.703946
8602   540061825   4446   322921.339561
9061   540061825   4446   322393.454500
8494   540061825   4446   321867.349663
10525   540061825   4446   321342.758076
8827   540061825   4446   320820.180772
8665   540061825   4446   320299.390864
8486   540061825   4446   319780.233829
8623   540061825   4446   319264.466987
8587   540061825   4446   318750.134581
8564   540061825   4446   318236.183241
8727   540061825   4446   317723.924401
12083   540061825   4446   317213.853179
8518   540061825   4446   316705.818962
8600   540061825   4446   316198.749249
8895   540061825   4446   316075.713978
14593   540061825   4446   315571.578749
8847   540061825   4446   315070.649346
9278   540061825   4446   314569.588356
8684   540061825   4446   314070.017231
8665   540061825   4446   313572.249701
8666   540061825   4446   313077.129136
8535   540061825   4446   312582.513223
8541   540061825   4446   312089.401463
8817   540061825   4446   311598.263252
8676   540061825   4446   311110.334347
8820   540061825   4446   310622.040347
8861   540061825   4446   310135.299611
8479   540061825   4446   309650.120390
8554   540061825   4446   309167.802929
8654   540061825   4446   308685.730475
8804   540061825   4446   308205.273869
8572   540061825   4446   307726.230697
8917   540061825   4446   307250.782850
8581   540061825   4446   306774.921064
8444   540061825   4446   306300.454385
8327   540061825   4446   305827.531917
8810   540061825   4446   305357.487997
9935   540061825   4446   304887.615952
8619   540061825   4446   304419.187183
8599   540061825   4446   303952.146736
8568   540061825   4446   303488.839453
8449   540061825   4446   303024.742069
8586   540061825   4446   302562.195947
8627   540061825   4446   302100.993255
8732   540061825   4446   301642.820335
8630   540061825   4446   301184.580097
8395   540061825   4446   300727.717979
8601   540061825   4446   300272.291575
8753   540061825   4446   299820.319595
8751   540061825   4446   299367.684606
8471   540061825   4446   298916.597043
8427   540061825   4446   298466.711603
8676   540061825   4446   298019.619679
8495   540061825   4446   297572.575249
8674   540061825   4446   297126.930526
8763   540061825   4446   296682.663542
8500   540061825   4446   296241.681480
8420   540061825   4446   295800.152582
8570   540061825   4446   295360.027381
8753   540061825   4446   294921.209578
8506   540061825   4446   294484.972574
8624   540061825   4446   294048.881607
8599   540061825   4446   293614.080567
8630   540061825   4446   293180.544874
12189   540061825   4446   292750.042190
8407   540061825   4446   292319.373205
8505   540061825   4446   291889.774386
8434   540061825   4446   291461.498406
8736   540061825   4446   291035.695603
8609   540061825   4446   290609.994075
8541   540061825   4446   290185.614702
8563   540061825   4446   289762.418714
8685   540061825   4446   289341.361756
8655   540061825   4446   288921.995918
8652   540061825   4446   288502.729938
8659   540061825   4446   288084.636030
12190   540061825   4446   287668.883327
8440   540061825   4446   287253.376800
8507   540061825   4446   286839.007602
8588   540061825   4446   286425.793379
8766   540061825   4446   286014.623856
8545   540061825   4446   285605.100728
8596   540061825   4446   285195.639570
8529   540061825   4446   284787.461710
8681   540061825   4446   284380.575291
8692   540061825   4446   283975.714886
8766   540061825   4446   283571.010576
8610   540061825   4446   283167.532778
12149   540061825   4446   282765.515020
8400   540061825   4446   282366.012549
8808   540061825   4446   281966.161847
8612   540061825   4446   281567.344639
8629   540061825   4446   281169.901617
8636   540061825   4446   280774.507671
8602   540061825   4446   280379.234024
8633   540061825   4446   279985.128417
11618   540061825   4446   279592.331706
9339   540061825   4446   279202.150117
8479   540061825   4446   278811.453371
8761   540061825   4446   278421.805761
8908   540061825   4446   278033.290173
8585   540061825   4446   277647.168145
8745   540061825   4446   277260.942884
8589   540061825   4446   276875.763082
8946   540061825   4446   276491.713955
8587   540061825   4446   276110.625724
8956   540061825   4446   275728.814887
8663   540061825   4446   275348.061487
8552   540061825   4446   274968.387734
8720   540061825   4446   274590.990085
8739   540061825   4446   274213.509013
8477   540061825   4446   273837.057254
8670   540061825   4446   273461.657036
8553   540061825   4446   273089.145986
8631   540061825   4446   272715.920474
9654   540061825   4446   272343.741748
8840   540061825   4446   271973.864462
8867   540061825   4446   271604.829249
8574   540061825   4446   271235.741093
8528   540061825   4446   270867.659241
8530   540061825   4446   270500.698842
8881   540061825   4446   270136.568701
8459   540061825   4446   269771.580791
8548   540061825   4446   269407.668524
8471   540061825   4446   269044.795906
8625   540061825   4446   268684.029130
8535   540061825   4446   268323.154455
8732   540061825   4446   267963.218043
8667   540061825   4446   267604.310193
8934   540061825   4446   267247.666683
8515   540061825   4446   266891.185776
8591   540061825   4446   266535.210173
8938   540061825   4446   266180.208792
8864   540061825   4446   265827.405653
8457   540061825   4446   265474.424303
8606   540061825   4446   265122.386682
8505   540061825   4446   264771.205175
8636   540061825   4446   264422.725750
8678   540061825   4446   264073.511892
8576   540061825   4446   263725.257609
8600   540061825   4446   263377.939123
8619   540061825   4446   263032.652758
8538   540061825   4446   262687.203678
9016   540061825   4446   262342.871362
8713   540061825   4446   261999.289922
28727   540061825   4446   261657.598829
9118   540061825   4446   261316.622171
8563   540061825   4446   260975.857015
8711   540061825   4446   260635.973390
8631   540061825   4446   260298.080994
8698   540061825   4446   259960.032341
8559   540061825   4446   259622.982844
8593   540061825   4446   259286.711400
8768   540061825   4446   258952.060670
8572   540061825   4446   258618.476458
8623   540061825   4446   258284.933086
8552   540061825   4446   257952.259834
13794   540061825   4446   257621.005376
8751   540061825   4446   257290.693212
8645   540061825   4446   256960.680168
8754   540061825   4446   256631.551518
12323   540061825   4446   256303.570078
8642   540061825   4446   255977.549769
8729   540061825   4446   255651.152976
8732   540061825   4446   255325.462286
8595   540061825   4446   255000.848046
8515   540061825   4446   254677.936321
9014   540061825   4446   254354.886771
8790   540061825   4446   254032.708750
9105   540061825   4446   253711.647922
8665   540061825   4446   253392.606076
8613   540061825   4446   253072.925224
8678   540061825   4446   252754.020018
8637   540061825   4446   252435.923451
8619   540061825   4446   252119.722881
8630   540061825   4446   251803.264701
8526   540061825   4446   251487.721309
8419   540061825   4446   251172.936803
8539   540061825   4446   250860.594901
8702   540061825   4446   250547.469332
8613   540061825   4446   250235.158409
8566   540061825   4446   249923.612164
9433   540061825   4446   249613.998115
8875   540061825   4446   249304.114834
8552   540061825   4446   248995.011459
8563   540061825   4446   248686.666987
8639   540061825   4446   248380.777060
8461   540061825   4446   248074.088372
8674   540061825   4446   247768.096912
8647   540061825   4446   247462.878760
8598   540061825   4446   247159.557914
8521   540061825   4446   246855.920263
8550   540061825   4446   246553.034727
8980   540061825   4446   246250.987682
8474   540061825   4446   245951.435168
8815   540061825   4446   245650.779939
8480   540061825   4446   245351.016559
8483   540061825   4446   245051.913318
8552   540061825   4446   244754.644575
8981   540061825   4446   244457.060227
8576   540061825   4446   244160.291983
8607   540061825   4446   243864.214332
8647   540061825   4446   243570.468007
8482   540061825   4446   243275.995865
8468   540061825   4446   242982.195115
8499   540061825   4446   242689.043159
8952   540061825   4446   242397.690879
8638   540061825   4446   242106.041593
8546   540061825   4446   241815.109222
8577   540061825   4446   241524.832284
11600   540061825   4446   241236.177502
8575   540061825   4446   240948.181621
9032   540061825   4446   240660.165899
8598   540061825   4446   240372.838562
8578   540061825   4446   240087.200698
8414   540061825   4446   239801.267387
8548   540061825   4446   239516.107201
8434   540061825   4446   239231.577761
11946   540061825   4446   238950.018461
8878   540061825   4446   238667.428891
8646   540061825   4446   238385.114820
8512   540061825   4446   238103.387063
8662   540061825   4446   237822.535290
8894   540061825   4446   237543.165920
8522   540061825   4446   237263.620380
8591   540061825   4446   236984.696175
8690   540061825   4446   236707.091647
8658   540061825   4446   236430.437948
8540   540061825   4446   236153.527536
8420   540061825   4446   235877.312120
13615   540061825   4446   235602.145454
8439   540061825   4446   235327.868702
8539   540061825   4446   235053.628572
8835   540061825   4446   234779.986151
12454   540061825   4446   234507.456449
8558   540061825   4446   234236.312064
8782   540061825   4446   233964.753051
8471   540061825   4446   233693.786332
8610   540061825   4446   233423.608699
9103   540061825   4446   233154.813360
8628   540061825   4446   232885.849165
8644   540061825   4446   232617.433476
12198   540061825   4446   232349.701163
8735   540061825   4446   232083.981725
8453   540061825   4446   231817.609530
8985   540061825   4446   231551.776686
8556   540061825   4446   231286.589692
8331   540061825   4446   231023.019315
8646   540061825   4446   230759.132565
8755   540061825   4446   230495.802164
8713   540061825   4446   230233.154266
14339   540061825   4446   229972.547319
9044   540061825   4446   229711.092894
8669   540061825   4446   229450.353774
8416   540061825   4446   229190.140629
8790   540061825   4446   228931.475668
8588   540061825   4446   228672.536223
8718   540061825   4446   228414.145466
8686   540061825   4446   228156.364034
8525   540061825   4446   227900.593178
8690   540061825   4446   227644.130892
8561   540061825   4446   227388.171415
8534   540061825   4446   227132.786198
8521   540061825   4446   226879.140605
8642   540061825   4446   226625.014170
8784   540061825   4446   226371.448988
8908   540061825   4446   226118.469393
8714   540061825   4446   225867.586084
8616   540061825   4446   225615.778630
8503   540061825   4446   225364.602878
8638   540061825   4446   225113.954409
13218   540061825   4446   224864.801436
8681   540061825   4446   224615.406839
8739   540061825   4446   224366.483197
8581   540061825   4446   224118.315190
8822   540061825   4446   223872.241287
8528   540061825   4446   223625.049822
8174   540061825   4446   223378.439237
8756   540061825   4446   223132.313698
9034   540061825   4446   222887.710677
8586   540061825   4446   222642.778185
8776   540061825   4446   222398.411663
8634   540061825   4446   222154.576036
8380   540061825   4446   221912.691885
8722   540061825   4446   221669.952722
8697   540061825   4446   221427.759329
8700   540061825   4446   221186.108117
8739   540061825   4446   220946.017298
8623   540061825   4446   220705.480295
8885   540061825   4446   220465.505458
8564   540061825   4446   220226.064954
11835   540061825   4446   219988.202566
8519   540061825   4446   219750.253467
8670   540061825   4446   219512.439767
8650   540061825   4446   219275.190428
8554   540061825   4446   219039.382835
8437   540061825   4446   218803.155297
8681   540061825   4446   218567.471995
8578   540061825   4446   218332.295252
8904   540061825   4446   218098.178188
8662   540061825   4446   217864.971014
9049   540061825   4446   217631.357496
8589   540061825   4446   217398.277524
8597   540061825   4446   217165.823219
8557   540061825   4446   216934.613322
8597   540061825   4446   216703.087287
8656   540061825   4446   216472.108376
11805   540061825   4446   216242.028488
8632   540061825   4446   216013.033304
8715   540061825   4446   215783.636599
8650   540061825   4446   215554.694660
8583   540061825   4446   215326.313523
8656   540061825   4446   215099.157726
8541   540061825   4446   214871.749277
8694   540061825   4446   214899.671307
8980   540061825   4446   214673.120188
8571   540061825   4446   214448.180343
8423   540061825   4446   214222.441284
8666   540061825   4446   213997.204285
8614   540061825   4446   213772.411954
8592   540061825   4446   213549.053500
8656   540061825   4446   213326.406299
8576   540061825   4446   213103.130182
8412   540061825   4446   212880.429235
9709   540061825   4446   212659.491635
8552   540061825   4446   212437.677977
8709   540061825   4446   212216.334188
8606   540061825   4446   211995.436248
8744   540061825   4446   211775.891457
9435   540061825   4446   211555.944598
8674   540061825   4446   211336.526600
8629   540061825   4446   211117.547295
8578   540061825   4446   210900.423865
8690   540061825   4446   210682.410592
8638   540061825   4446   210464.864783
8636   540061825   4446   210247.728370
8707   540061825   4446   210032.025623
8441   540061825   4446   209815.887454
8761   540061825   4446   209600.160195
8692   540061825   4446   209384.923189
8738   540061825   4446   209171.474312
8933   540061825   4446   208957.113897
8616   540061825   4446   208743.264228
8828   540061825   4446   208529.858262
8633   540061825   4446   208317.751190
8892   540061825   4446   208105.230697
8718   540061825   4446   207893.176911
8563   540061825   4446   207681.542554
8775   540061825   4446   207471.759889
8643   540061825   4446   207261.095896
8600   540061825   4446   207050.912365
8810   540061825   4446   206841.123758
8636   540061825   4446   206632.633318
8619   540061825   4446   206423.690001
8802   540061825   4446   206215.198444
8945   540061825   4446   206007.107406
12408   540061825   4446   205800.732286
8976   540061825   4446   205593.709377
8668   540061825   4446   205387.001644
8532   540061825   4446   205180.693154
8517   540061825   4446   204975.705647
8731   540061825   4446   204770.260403
8715   540061825   4446   204565.287982
8697   540061825   4446   204360.689382
11639   540061825   4446   204157.622054
8709   540061825   4446   203954.242646
8677   540061825   4446   203750.964974
8757   540061825   4446   203548.118685
8564   540061825   4446   203346.518275
8398   540061825   4446   203144.465540
8856   540061825   4446   202942.889346
8834   540061825   4446   202741.650426
12062   540061825   4446   202541.453419
8640   540061825   4446   202341.760013
8777   540061825   4446   202141.876644
8610   540061825   4446   201942.309288
13092   540061825   4446   201743.599660
8554   540061825   4446   201545.308431
8891   540061825   4446   201346.982551
8931   540061825   4446   201149.093456
11792   540061825   4446   200952.146941
8593   540061825   4446   200755.851400
8597   540061825   4446   200559.184367
8874   540061825   4446   200362.963730
8907   540061825   4446   200167.166728
8696   540061825   4446   199972.279184
8636   540061825   4446   199777.169777
8592   540061825   4446   199582.521581
8841   540061825   4446   199388.359943
8553   540061825   4446   199195.613375
14087   540061825   4446   199002.920844
8846   540061825   4446   198811.978111
12857   540061825   4446   198619.265521
8827   540061825   4446   198427.741792
8659   540061825   4446   198235.803959
8595   540061825   4446   198044.239259
8636   540061825   4446   197853.030305
8708   540061825   4446   197663.612918
8701   540061825   4446   197473.210581
8508   540061825   4446   197283.212680
8630   540061825   4446   197093.590609
9824   540061825   4446   196905.166327
8511   540061825   4446   196716.313750
8532   540061825   4446   196527.803187
8828   540061825   4446   196339.652636
8656   540061825   4446   196153.241867
8662   540061825   4446   195965.886061
8714   540061825   4446   195778.872833
8846   540061825   4446   195592.235051
8768   540061825   4446   195406.719320
8470   540061825   4446   195220.852737
8610   540061825   4446   195035.355598
8970   540061825   4446   194850.221140
8495   540061825   4446   194666.769817
9007   540061825   4446   194482.381775
9196   540061825   4446   194298.420634
8930   540061825   4446   194114.742957
8906   540061825   4446   193932.265786
8653   540061825   4446   193749.357903
8879   540061825   4446   193566.803512
8587   540061825   4446   193384.590486
8785   540061825   4446   193203.989754
8629   540061825   4446   193022.517642
8482   540061825   4446   192842.371509
8990   540061825   4446   192661.619785
9047   540061825   4446   192481.999754
8533   540061825   4446   192301.897575
8564   540061825   4446   192122.216376
8562   540061825   4446   191942.817067
8803   540061825   4446   191765.094122
8578   540061825   4446   191586.456306
8606   540061825   4446   191408.122182
8490   540061825   4446   191230.114023
8459   540061825   4446   191053.237922
8366   540061825   4446   190875.943054
8679   540061825   4446   190698.990157
10046   540061825   4446   190522.373541
12741   540061825   4446   190347.062179
8545   540061825   4446   190171.445895
8879   540061825   4446   189995.883341
8381   540061825   4446   189820.648510
8693   540061825   4446   189646.528030
8757   540061825   4446   189471.958556
8598   540061825   4446   189297.846992
8563   540061825   4446   189123.934755
8723   540061825   4446   188950.862875
8621   540061825   4446   188778.383412
8966   540061825   4446   188605.491263
8567   540061825   4446   188432.887256
11948   540061825   4446   188261.157800
8562   540061825   4446   188089.601472
8594   540061825   4446   187918.046066
8529   540061825   4446   187746.768506
13705   540061825   4446   187576.110945
8726   540061825   4446   187406.466243
8653   540061825   4446   187236.244067
8634   540061825   4446   187066.237418
8923   540061825   4446   186896.695998
8631   540061825   4446   186728.069179
8585   540061825   4446   186559.064134
8520   540061825   4446   186390.384443
10188   540061825   4446   186222.182819
9400   540061825   4446   186055.519167
9205   540061825   4446   185887.828036
8663   540061825   4446   185720.438618
12313   540061825   4446   185553.339191
8752   540061825   4446   185387.280769
8745   540061825   4446   185221.009326
8449   540061825   4446   185054.889727
8755   540061825   4446   184889.081076
8880   540061825   4446   184724.730651
8644   540061825   4446   184559.555260
8659   540061825   4446   184394.662328
8479   540061825   4446   184230.109654
8645   540061825   4446   184066.620485
8615   540061825   4446   183902.652573
8762   540061825   4446   183738.971777
8772   540061825   4446   183575.586413
8562   540061825   4446   183413.769353
8419   540061825   4446   183250.988097
9098   540061825   4446   183088.615650
8738   540061825   4446   182926.461322
8311   540061825   4446   182765.399801
8621   540061825   4446   182603.847179
8576   540061825   4446   182442.611949
8402   540061825   4446   182281.643816
8699   540061825   4446   182122.217725
8591   540061825   4446   181961.864432
8593   540061825   4446   181801.826312
8776   540061825   4446   181642.048606
8840   540061825   4446   181483.378160
8618   540061825   4446   181324.193311
8528   540061825   4446   181165.357161
8653   540061825   4446   181006.760140
8863   540061825   4446   180849.433139
8602   540061825   4446   180691.760651
8976   540061825   4446   180534.058000
8496   540061825   4446   180376.592706
8456   540061825   4446   180220.268176
8703   540061825   4446   180063.391614
8934   540061825   4446   179906.870456
8657   540061825   4446   179750.565313
8868   540061825   4446   179595.757331
8414   540061825   4446   179440.115518
8771   540061825   4446   179284.697837
8702   540061825   4446   179129.562877
8675   540061825   4446   178975.412361
8426   540061825   4446   178820.787507
8566   540061825   4446   178666.481308
8746   540061825   4446   178512.399522
8836   540061825   4446   178359.530146
8652   540061825   4446   178206.429923
8795   540061825   4446   178053.254523
8619   540061825   4446   177900.290249
8590   540061825   4446   177748.338365
8562   540061825   4446   177595.953320
8752   540061825   4446   177443.876141
8608   540061825   4446   177292.044103
8754   540061825   4446   177140.937039
9042   540061825   4446   176990.335364
8672   540061825   4446   176839.345467
8566   540061825   4446   176688.578918
11964   540061825   4446   176538.462153
8810   540061825   4446   176388.669311
8642   540061825   4446   176238.788998
8639   540061825   4446   176090.022481
12008   540061825   4446   175941.035628
8606   540061825   4446   175792.624155
8597   540061825   4446   175643.806914
8550   540061825   4446   175495.255048
8812   540061825   4446   175347.046876
8709   540061825   4446   175199.614421
9731   540061825   4446   175051.796942
8635   540061825   4446   174904.249804
9000   540061825   4446   174757.110041
8424   540061825   4446   174611.128560
8670   540061825   4446   174464.395518
8611   540061825   4446   174317.875733
8462   540061825   4446   174171.592244
9062   540061825   4446   174026.229901
8419   540061825   4446   173880.525507
8729   540061825   4446   173735.039059
8697   540061825   4446   173589.834236
8884   540061825   4446   173445.985906
8585   540061825   4446   173301.286465
8612   540061825   4446   173156.792264
8451   540061825   4446   173012.580176
8845   540061825   4446   172869.360877
8787   540061825   4446   172725.673321
8681   540061825   4446   172582.237475
8527   540061825   4446   172439.025570
8371   540061825   4446   172297.116005
8535   540061825   4446   172154.322034
8784   540061825   4446   172011.846853
8649   540061825   4446   171869.593280
8779   540061825   4446   171728.272102
8418   540061825   4446   171586.480050
8601   540061825   4446   171444.962594
8687   540061825   4446   171303.678302
8499   540061825   4446   171163.625333
8608   540061825   4446   171022.843319
8947   540061825   4446   170882.269629
8611   540061825   4446   170741.940504
8699   540061825   4446   170602.629582
8571   540061825   4446   170462.776160
8465   540061825   4446   170323.209371
8551   540061825   4446   170183.842814
8602   540061825   4446   170045.870619
8518   540061825   4446   169906.995652
9951   540061825   4446   169768.356660
8398   540061825   4446   169629.962927
8482   540061825   4446   169492.495376
8783   540061825   4446   169354.561737
8521   540061825   4446   169216.899507
8654   540061825   4446   169079.431906
8427   540061825   4446   168943.286601
8657   540061825   4446   168806.320685
8500   540061825   4446   168669.592732
8656   540061825   4446   168533.055166
8489   540061825   4446   168397.484016
8398   540061825   4446   168261.425143
8420   540061825   4446   168125.593738
8774   540061825   4446   167989.999507
17505   540061825   4446   167855.370112
8772   540061825   4446   167720.484151
9351   540061825   4446   167585.624399
8472   540061825   4446   167450.947560
13159   540061825   4446   167317.147347
8488   540061825   4446   167183.018216
8308   540061825   4446   167049.035358
8374   540061825   4446   166915.261003
12675   540061825   4446   166782.031362
8799   540061825   4446   166649.568735
8685   540061825   4446   166516.539960
8951   540061825   4446   166383.674358
13124   540061825   4446   166251.377328
8501   540061825   4446   166119.304765
8505   540061825   4446   165987.110618
8590   540061825   4446   165855.164397
11880   540061825   4446   165723.739220
8489   540061825   4446   165592.906687
8477   540061825   4446   165461.652100
8760   540061825   4446   165330.566739
8781   540061825   4446   165199.763151
8515   540061825   4446   165069.708533
8584   540061825   4446   164939.271991
8463   540061825   4446   164809.114266
11380   540061825   4446   164679.563823
8440   540061825   4446   164550.781938
8382   540061825   4446   164421.246100
8498   540061825   4446   164291.929112
8784   540061825   4446   164162.793157
8710   540061825   4446   164034.517754
8616   540061825   4446   163905.893865
8495   540061825   4446   164066.270671
8488   540061825   4446   164174.984724
8523   540061825   4446   164096.444964
8829   540061825   4446   163968.180622
8426   540061825   4446   163840.070322
8645   540061825   4446   163712.190177
8570   540061825   4446   163585.224039
8397   540061825   4446   163457.758333
8531   540061825   4446   163330.543242
8446   540061825   4446   163203.561213
8733   540061825   4446   163077.785130
8607   540061825   4446   162951.147071
8642   540061825   4446   162824.713805
8522   540061825   4446   162699.274055
8752   540061825   4446   162573.927395
8569   540061825   4446   162448.141669
8688   540061825   4446   162322.536517
8525   540061825   4446   162197.136219
8424   540061825   4446   162072.899062
8515   540061825   4446   161947.901310
8352   540061825   4446   161823.149782
8972   540061825   4446   161698.555499
8583   540061825   4446   161574.846740
8462   540061825   4446   161450.661042
8591   540061825   4446   161326.680516
8931   540061825   4446   161202.871784
8599   540061825   4446   161080.353014
8776   540061825   4446   160957.013889
8479   540061825   4446   160833.841732
8506   540061825   4446   160710.813954
8576   540061825   4446   160588.717228
8721   540061825   4446   160466.133751
8663   540061825   4446   160343.761515
8816   540061825   4446   160221.584563
8789   540061825   4446   160100.412426
8625   540061825   4446   159978.899696
8761   540061825   4446   159857.328216
8510   540061825   4446   159735.913706
8638   540061825   4446   159615.366944
8685   540061825   4446   159494.350162
8559   540061825   4446   159373.542475
8694   540061825   4446   159252.887413
12607   540061825   4446   159133.147881
8648   540061825   4446   159013.171349
8561   540061825   4446   158893.127632
8686   540061825   4446   158773.231873
8421   540061825   4446   158654.178606
8524   540061825   4446   158534.700953
9124   540061825   4446   158415.419420
8530   540061825   4446   158296.324758
8998   540061825   4446   158177.806805
8824   540061825   4446   158059.618279
8670   540061825   4446   157941.133054
9361   540061825   4446   157822.799391
12747   540061825   4446   157704.884846
8490   540061825   4446   157587.317595
8572   540061825   4446   157469.575989
8391   540061825   4446   157351.954206
12312   540061825   4446   157234.781496
8608   540061825   4446   157118.367904
8550   540061825   4446   157001.373059
8611   540061825   4446   156884.519060
9207   540061825   4446   156767.938042
8603   540061825   4446   156652.017503
8528   540061825   4446   156535.739879
8506   540061825   4446   156419.621630
8754   540061825   4446   156303.812692
8660   540061825   4446   156188.925943
8571   540061825   4446   156073.369262
8584   540061825   4446   155958.052428
8446   540061825   4446   155842.852331
8621   540061825   4446   155728.498549
8692   540061825   4446   155613.636039
8855   540061825   4446   155498.985665
8814   540061825   4446   155384.476730
8494   540061825   4446   155271.171833
8729   540061825   4446   155157.073199
8604   540061825   4446   155043.139581
8486   540061825   4446   154929.361771
8703   540061825   4446   154816.390517
8548   540061825   4446   154702.975392
8862   540061825   4446   154589.729902
8413   540061825   4446   154476.659801
8532   540061825   4446   154364.783982
8605   540061825   4446   154252.061509
8697   540061825   4446   154139.524888
8658   540061825   4446   154027.154325
8603   540061825   4446   153915.600975
8873   540061825   4446   153803.563932
8637   540061825   4446   153691.755590
8617   540061825   4446   153580.072560
8942   540061825   4446   153469.649684
8679   540061825   4446   153358.307782
8407   540061825   4446   153247.142645
8560   540061825   4446   153136.150332
8894   540061825   4446   153025.993693
9248   540061825   4446   152915.361913
8694   540061825   4446   152804.896306
8475   540061825   4446   152694.569080
8742   540061825   4446   152585.373673
8532   540061825   4446   152475.413889
8417   540061825   4446   152365.674232
8679   540061825   4446   152256.039373
8597   540061825   4446   152147.196249
8569   540061825   4446   152037.909630
8662   540061825   4446   151928.784703
8842   540061825   4446   151819.826367
26310   540061825   4446   151711.996462
9107   540061825   4446   151603.460515
8800   540061825   4446   151495.041486
8662   540061825   4446   151386.749825
8480   540061825   4446   151279.214597
8607   540061825   4446   151171.242990
8502   540061825   4446   151063.487281
8704   540061825   4446   150955.860337
8606   540061825   4446   150848.781175
8532   540061825   4446   150742.624505
9855   540061825   4446   150635.500069
8513   540061825   4446   150528.509595
11642   540061825   4446   150422.290199
8489   540061825   4446   150315.664470
8458   540061825   4446   150209.137287
8547   540061825   4446   150102.755201
8683   540061825   4446   149996.907829
8645   540061825   4446   149891.442562
8896   540061825   4446   149785.535245
8687   540061825   4446   149679.806941
11723   540061825   4446   149574.512322
8586   540061825   4446   149469.366533
8848   540061825   4446   149364.153140
8658   540061825   4446   149259.048155
8796   540061825   4446   149154.205940
8383   540061825   4446   149050.339118
8512   540061825   4446   148945.703633
8403   540061825   4446   148841.223774
8606   540061825   4446   148736.961883
8595   540061825   4446   148633.356876
8500   540061825   4446   148529.346745
8622   540061825   4446   148425.523438
8643   540061825   4446   148321.972236
8538   540061825   4446   148219.253538
8436   540061825   4446   148115.863086
8743   540061825   4446   148012.646414
8441   540061825   4446   147909.546369
8681   540061825   4446   147807.234534
8720   540061825   4446   147704.479109
8775   540061825   4446   147601.876408
8575   540061825   4446   147499.384537
8887   540061825   4446   147398.026973
8432   540061825   4446   147295.868496
8536   540061825   4446   147193.830483
8494   540061825   4446   147091.975089
24334   540061825   4446   146990.932602
8632   540061825   4446   146889.398864
8819   540061825   4446   146787.985397
8657   540061825   4446   146686.703800
8739   540061825   4446   146586.586185
8528   540061825   4446   146485.596410
8827   540061825   4446   146384.772750
8799   540061825   4446   146284.040672
9611   540061825   4446   146184.095653
8577   540061825   4446   146083.710019
9069   540061825   4446   145983.469329
8750   540061825   4446   145883.392506
13309   540061825   4446   145784.244983
8765   540061825   4446   145684.592156
8599   540061825   4446   145584.947226
8588   540061825   4446   145485.395721
8857   540061825   4446   145386.613959
8403   540061825   4446   145287.382748
8403   540061825   4446   145188.324518
8559   540061825   4446   145089.349373
8443   540061825   4446   144991.507283
8525   540061825   4446   144892.866895
8786   540061825   4446   144794.389151
8758   540061825   4446   144696.002033
8531   540061825   4446   144598.444065
8430   540061825   4446   144500.344630
8616   540061825   4446   144402.408120
8586   540061825   4446   144304.633448
8922   540061825   4446   144207.479571
8713   540061825   4446   144110.609523
8696   540061825   4446   144013.282299
8443   540061825   4446   143916.014255
8832   540061825   4446   143819.484552
8539   540061825   4446   143722.511550
8497   540061825   4446   143625.699887
8473   540061825   4446   143528.987498
12167   540061825   4446   143433.027530
8676   540061825   4446   143337.028680
8790   540061825   4446   143240.783336
8613   540061825   4446   143144.649515
11762   540061825   4446   143049.187413
8367   540061825   4446   142953.339034
8979   540061825   4446   142857.644008
8669   540061825   4446   142762.089769
8966   540061825   4446   142667.048921
8723   540061825   4446   142572.314005
9132   540061825   4446   142477.149641
9285   540061825   4446   142382.123398
11852   540061825   4446   142287.519047
8559   540061825   4446   142193.079431
8587   540061825   4446   142098.468613
8524   540061825   4446   142003.946841
12884   540061825   4446   141909.831296
8763   540061825   4446   141816.245181
8845   540061825   4446   141722.184052
8512   540061825   4446   141628.239783
8580   540061825   4446   141534.463226
8750   540061825   4446   141441.235513
8730   540061825   4446   141347.712137
8935   540061825   4446   141254.270446
8673   540061825   4446   141161.040355
8737   540061825   4446   141068.709968
8626   540061825   4446   140975.662245
8627   540061825   4446   140882.771165
8644   540061825   4446   140789.992828
8732   540061825   4446   140697.950124
8663   540061825   4446   140606.209791
8802   540061825   4446   140513.826670
8646   540061825   4446   140421.542307
8640   540061825   4446   140330.392412
8632   540061825   4446   140238.391242
8782   540061825   4446   140146.534364
8641   540061825   4446   140054.775982
8622   540061825   4446   139963.773612
8540   540061825   4446   139872.314084
8785   540061825   4446   139780.951820
8505   540061825   4446   139689.702257
8713   540061825   4446   139599.504374
8713   540061825   4446   139508.503824
8551   540061825   4446   139417.636477
8722   540061825   4446   139326.894858
8859   540061825   4446   139236.906784
8754   540061825   4446   139146.403802
9972   540061825   4446   139056.034768
8389   540061825   4446   138965.805924
8543   540061825   4446   138876.577231
8602   540061825   4446   138786.595705
9039   540061825   4446   138696.806859
8564   540061825   4446   138607.087651
8433   540061825   4446   138518.064968
8833   540061825   4446   138428.593592
9134   540061825   4446   138339.254591
9013   540061825   4446   138250.072360
8872   540061825   4446   138161.838284
8796   540061825   4446   138072.884125
8685   540061825   4446   137984.037819
8497   540061825   4446   137895.291223
8660   540061825   4446   137807.323296
8705   540061825   4446   137718.854625
8881   540061825   4446   137630.498608
8624   540061825   4446   137542.206896
14673   540061825   4446   137454.831841
8690   540061825   4446   137366.906747
8726   540061825   4446   137279.032896
8671   540061825   4446   137191.269317
8680   540061825   4446   137104.172653
8583   540061825   4446   137016.616803
8466   540061825   4446   136929.185863
8671   540061825   4446   136841.866234
8641   540061825   4446   136755.304276
8501   540061825   4446   136668.510278
8620   540061825   4446   136581.619427
9055   540061825   4446   136494.774500
11737   540061825   4446   136408.597960
8842   540061825   4446   136322.037370
8576   540061825   4446   136235.566776
8549   540061825   4446   136149.193273
8695   540061825   4446   136063.310276
8542   540061825   4446   135977.738865
8519   540061825   4446   135891.729854
8949   540061825   4446   135805.830546
8583   540061825   4446   135720.124807
8598   540061825   4446   135634.962818
8545   540061825   4446   135549.438754
8540   540061825   4446   135463.999606
13991   540061825   4446   135378.890103
8604   540061825   4446   135294.352040
8529   540061825   4446   135209.273073
8486   540061825   4446   135124.302031
8556   540061825   4446   135039.525069
8470   540061825   4446   134955.250736
9006   540061825   4446   134870.614399
8981   540061825   4446   134786.110947
8959   540061825   4446   134701.790371
8650   540061825   4446   134618.342322
8631   540061825   4446   134534.216306
8601   540061825   4446   134450.142373
8606   540061825   4446   134366.184134
10322   540061825   4446   134282.884465
8974   540061825   4446   134199.166044
8954   540061825   4446   134115.564933
9038   540061825   4446   134032.069448
8668   540061825   4446   133949.542327
8840   540061825   4446   133866.281867
8553   540061825   4446   133783.119359
8599   540061825   4446   133700.064809
8633   540061825   4446   133617.650241
9025   540061825   4446   133534.837687
8658   540061825   4446   133682.601667
8618   540061825   4446   133827.750287
8676   540061825   4446   133745.859980
8792   540061825   4446   133663.177223
8546   540061825   4446   133580.599856
8671   540061825   4446   133498.096626
9013   540061825   4446   133416.229329
8440   540061825   4446   133333.945950
8436   540061825   4446   133251.768562
8639   540061825   4446   133169.786580
8554   540061825   4446   133088.671812
8504   540061825   4446   133006.831096
8769   540061825   4446   132925.115941
8579   540061825   4446   132843.472241
8654   540061825   4446   132762.477774
8628   540061825   4446   132681.073484
8884   540061825   4446   132599.803132
8686   540061825   4446   132518.606839
8701   540061825   4446   132438.377338
8586   540061825   4446   132357.378889
8606   540061825   4446   132277.227121
8820   540061825   4446   132196.435968
8651   540061825   4446   132116.305740
8551   540061825   4446   132035.721556
8445   540061825   4446   131955.247101
8571   540061825   4446   131874.877971
12578   540061825   4446   131795.400811
8804   540061825   4446   131715.282102
8772   540061825   4446   131635.245316
8670   540061825   4446   131555.293415
8799   540061825   4446   131475.993699
8589   540061825   4446   131396.266789
10909   540061825   4446   131316.646288
15252   540061825   4446   131237.105235
11617   540061825   4446   131158.163418
8632   540061825   4446   131079.231520
8537   540061825   4446   131000.044446
8726   540061825   4446   130920.922544
11644   540061825   4446   130842.294215
8712   540061825   4446   130763.502256
8562   540061825   4446   130684.718287
8674   540061825   4446   130605.993575
8674   540061825   4446   130527.730428
8643   540061825   4446   130449.721297
9011   540061825   4446   130371.316308
8612   540061825   4446   130292.987229
11620   540061825   4446   130214.968893
8563   540061825   4446   130137.224285
8836   540061825   4446   130059.225717
8428   540061825   4446   129981.310659
15424   540061825   4446   129903.658341
8643   540061825   4446   129826.623852
8675   540061825   4446   129749.018064
8546   540061825   4446   129671.494676
8565   540061825   4446   129594.139956
8453   540061825   4446   129517.200875
8833   540061825   4446   129440.011663
8646   540061825   4446   129362.872825
10267   540061825   4446   129285.918434
8509   540061825   4446   129209.800724
8566   540061825   4446   129133.020605
8661   540061825   4446   129056.281707
9354   540061825   4446   128979.670646
8618   540061825   4446   128903.689332
8643   540061825   4446   128827.276734
8553   540061825   4446   128750.927633
8898   540061825   4446   128674.691727
8561   540061825   4446   128599.410286
8605   540061825   4446   128523.389719
8672   540061825   4446   128447.475169
8495   540061825   4446   128371.632402
8790   540061825   4446   128296.354892
8716   540061825   4446   128220.696742
8571   540061825   4446   128145.121185
8509   540061825   4446   128069.661560
8661   540061825   4446   127995.088846
8856   540061825   4446   127919.816721
8529   540061825   4446   127844.654861
10006   540061825   4446   127769.539856
9362   540061825   4446   127695.062847
8705   540061825   4446   127620.198654
8732   540061825   4446   127545.388385
8839   540061825   4446   127470.682588
8629   540061825   4446   127396.920626
8569   540061825   4446   127322.391635
8583   540061825   4446   127247.976720
8625   540061825   4446   127173.647709
8715   540061825   4446   127099.962713
8574   540061825   4446   127025.815605
8814   540061825   4446   126951.765318
8474   540061825   4446   126877.789780
8715   540061825   4446   126804.752924
8553   540061825   4446   126730.973558
8692   540061825   4446   126657.302137
8616   540061825   4446   126583.705096
9055   540061825   4446   126510.702850
8436   540061825   4446   126437.310353
8712   540061825   4446   126363.996140
8502   540061825   4446   126290.757005
8634   540061825   4446   126218.435142
8529   540061825   4446   126145.398666
8893   540061825   4446   126072.443861
8682   540061825   4446   125999.576573
8505   540061825   4446   125927.329422
8493   540061825   4446   125854.632328
9006   540061825   4446   125782.054051
8672   540061825   4446   125709.544745
19874   540061825   4446   125637.637890
8570   540061825   4446   125565.626749
8607   540061825   4446   125493.385412
8692   540061825   4446   125421.212048
13348   540061825   4446   125349.576634
8761   540061825   4446   125277.693949
8660   540061825   4446   125205.864541
8529   540061825   4446   125134.065447
8607   540061825   4446   125062.690360
8439   540061825   4446   124991.596355
8669   540061825   4446   124920.081428
8529   540061825   4446   124848.649709
8665   540061825   4446   124777.396750
8607   540061825   4446   124706.609521
8535   540061825   4446   124635.448408
8796   540061825   4446   124565.041030
12554   540061825   4446   124494.174139
9144   540061825   4446   124423.941483
8857   540061825   4446   124353.128404
8826   540061825   4446   124282.412719
8652   540061825   4446   124211.830980
8659   540061825   4446   124141.697101
8810   540061825   4446   124071.286123
8659   540061825   4446   124000.937785
11734   540061825   4446   123930.690025
8625   540061825   4446   123861.197690
8653   540061825   4446   123791.063992
8820   540061825   4446   123721.021533
8966   540061825   4446   123651.032935
8648   540061825   4446   123581.691047
8693   540061825   4446   123511.898553
8581   540061825   4446   123442.200398
8806   540061825   4446   123372.553138
8549   540061825   4446   123303.767557
8950   540061825   4446   123234.310883
8555   540061825   4446   123164.948917
8588   540061825   4446   123095.645058
8674   540061825   4446   123026.925863
8815   540061825   4446   122957.790336
8526   540061825   4446   122888.779179
8481   540061825   4446   122819.794197
8626   540061825   4446   122751.742896
8614   540061825   4446   122683.038815
8820   540061825   4446   122614.418151
9040   540061825   4446   122545.837176
8964   540061825   4446   122477.888888
8730   540061825   4446   122409.538030
8644   540061825   4446   122341.259753
8699   540061825   4446   122273.073222
8876   540061825   4446   122205.755768
8635   540061825   4446   122137.676508
8884   540061825   4446   122069.704128
8729   540061825   4446   122001.774383
8800   540061825   4446   121934.475846
8703   540061825   4446   121866.749943
9283   540061825   4446   121799.104013
9523   540061825   4446   121731.503883
8989   540061825   4446   121664.754671
9001   540061825   4446   121597.331396
8845   540061825   4446   121530.036994
8841   540061825   4446   121462.792790
8797   540061825   4446   121396.085868
8626   540061825   4446   121328.979479
8841   540061825   4446   121261.968984
8779   540061825   4446   121195.031719
12315   540061825   4446   121128.925097
8588   540061825   4446   121062.199150
8919   540061825   4446   120995.555434
8798   540061825   4446   120928.914526
8786   540061825   4446   120862.863003
8598   540061825   4446   120796.393571
8806   540061825   4446   120730.019005
8768   540061825   4446   120663.711040
11808   540061825   4446   120597.995739
8551   540061825   4446   120532.188612
8684   540061825   4446   120466.125674
8769   540061825   4446   120400.108444
14500   540061825   4446   120334.626819
9173   540061825   4446   120268.812480
8440   540061825   4446   120203.070887
8725   540061825   4446   120137.353609
8839   540061825   4446   120072.044494
8904   540061825   4446   120007.049455
8705   540061825   4446   119941.610495
8770   540061825   4446   119876.213489
14710   540061825   4446   119811.035857
8759   540061825   4446   119746.162098
8658   540061825   4446   119680.995048
8554   540061825   4446   119615.920421
8905   540061825   4446   119551.032616
8806   540061825   4446   119486.810258
8881   540061825   4446   119421.981080
9620   540061825   4446   119357.194552
9045   540061825   4446   119292.521191
8665   540061825   4446   119228.321336
8830   540061825   4446   119163.752922
8517   540061825   4446   119099.279060
8694   540061825   4446   119034.923925
8563   540061825   4446   118971.350139
8853   540061825   4446   118907.107214
9077   540061825   4446   118842.927048
8954   540061825   4446   118778.818569
8828   540061825   4446   118715.284896
9002   540061825   4446   118651.346143
8816   540061825   4446   118587.495149
8793   540061825   4446   118523.665025
9051   540061825   4446   118460.822812
8670   540061825   4446   118397.149291
8950   540061825   4446   118333.587831
8475   540061825   4446   118270.089801
8602   540061825   4446   118207.156727
8621   540061825   4446   118143.811353
8692   540061825   4446   118080.508255
8684   540061825   4446   118017.269585
8599   540061825   4446   117954.861595
8631   540061825   4446   117891.785707
8676   540061825   4446   117828.817875
8778   540061825   4446   117766.516727
8684   540061825   4446   117704.170368
8749   540061825   4446   117641.379712
8542   540061825   4446   117578.662556
8782   540061825   4446   117516.008065
8572   540061825   4446   117454.235707
8653   540061825   4446   117391.727266
8654   540061825   4446   117329.304701
8657   540061825   4446   117266.927571
8518   540061825   4446   117205.157662
8721   540061825   4446   117142.926423
8641   540061825   4446   117080.779172
8486   540061825   4446   117018.715653
8649   540061825   4446   116957.487220
8853   540061825   4446   116895.610549
8709   540061825   4446   116833.829759
8775   540061825   4446   116772.041915
8866   540061825   4446   116710.805045
8591   540061825   4446   116649.203678
8830   540061825   4446   116587.620113
8704   540061825   4446   116526.129224
8630   540061825   4446   116465.235221
8700   540061825   4446   116404.119607
8712   540061825   4446   116342.828092
8779   540061825   4446   116281.602796
8721   540061825   4446   116220.954218
8554   540061825   4446   116159.871705
8941   540061825   4446   116098.870100
8757   540061825   4446   116037.901691
9073   540061825   4446   115977.438220
8585   540061825   4446   115917.042200
8697   540061825   4446   115856.293765
8678   540061825   4446   115795.597195
13769   540061825   4446   115735.285683
8749   540061825   4446   115674.902516
8797   540061825   4446   115614.450959
8556   540061825   4446   115554.052149
13895   540061825   4446   115493.998413
8915   540061825   4446   115434.277345
8901   540061825   4446   115374.072366
8766   540061825   4446   115313.928221
11525   540061825   4446   115253.937092
8539   540061825   4446   115194.356641
8911   540061825   4446   115134.444580
8681   540061825   4446   115074.576342
9182   540061825   4446   115014.856899
8750   540061825   4446   114955.774665
8696   540061825   4446   114896.124810
8827   540061825   4446   114836.531909
8582   540061825   4446   114777.044483
8614   540061825   4446   114718.002195
8678   540061825   4446   114658.613997
8488   540061825   4446   114599.298731
8766   540061825   4446   114540.068079
8637   540061825   4446   114481.567780
8905   540061825   4446   114422.455524
8574   540061825   4446   114363.384303
8765   540061825   4446   114304.366716
8821   540061825   4446   114245.904717
8707   540061825   4446   114187.035466
8763   540061825   4446   114128.221600
8805   540061825   4446   114069.485385
8558   540061825   4446   114011.569837
8463   540061825   4446   113952.953155
8748   540061825   4446   113894.412355
8787   540061825   4446   113835.930517
8987   540061825   4446   113777.958492
