38,38
18,48
10,8
9,57
18,43
9,05
18,14
9,07
9,6
9,55
16,67
9,6
9,6
15,37
35,52
9,37
19,44
14,61
10,83
9,82
9,82
10,35
17,93
9,85
9,62
9,57
9,34
8,84
21,41
9,55
9,57
9,8
9,3
13,13
18,64
9,32
9,77
9,34
12,09
17,63
26,38
9,55
9,85
9,8
9,8
9,8
17,13
10,05
10,86
10,3
18,64
11,11
13,38
10,58
10,05
10,58
9,11
11,11
8,86
9,85
9,57
18,99
9,09
11,06
9,87
10,08
9,57
10,3
10,3
18,18
10,86
11,03
16,92
11,06
8,82
18,09
9,57
9,34
10,61
9,62
26,38
10,33
10,58
16,71
10,83
9,85
16,12
9,6
9,3
9,57
8,86
9,09
9,8
19,65
17,97
9,85
8,86
9,85
20,4
10,55
10,58
9,82
9,57
11,34
9,37
11,11
9,57
11,59
10,1
10,61
14,68
10,33
10,33
9,82
11,34
10,35
14,39
10,86
9,37
10,28
17,93
9,87
9,85
10,33
9,32
10,61
9,32
18,18
9,11
11,59
10,1
10,08
9,57
26,13
9,27
10,08
9,55
13,1
9,34
13,42
9,07
10,38
9,07
9,52
9,09
19,4
9,57
10,3
9,32
9,09
17,59
9,57
11,14
9,62
11,06
9,55
10,35
9,77
9,87
10,55
18,14
9,34
13,92
9,87
9,39
10,58
9,3
13,35
19,9
10,58
9,32
10,33
11,62
20,15
10,33
9,6
9,11
10,35
10,33
10,33
17,68
10,86
9,57
10,08
9,11
11,08
8,56
10,3
9,85
10,38
11,65
9,82
11,08
16,62
10,08
10,63
9,6
8,33
10,58
9,62
10,86
9,82
9,11
9,82
15,37
9,6
11,08
9,34
9,62
9,3
10,58
100
100
100
9,11
16,83
9,14
9,6
10,35
16,33
11,81
9,34
