10,72
10,24
10,22
10,24
10,48
10,48
10,48
10,24
10,22
10,24
10,46
10,48
10,48
10,24
10,46
10,46
10,72
10,72
10,24
10,24
10,24
10,24
10,48
10,46
10,22
10,24
10,22
10,48
10,46
10,48
10,22
10,24
10,24
10,46
10,72
10,72
10,48
10,48
10,48
10,48
10,46
10,46
10,24
10,24
10,24
10,46
10,46
10,48
10,24
10,24
10,24
10,46
10,48
10,22
10,24
10,24
10,24
10,48
10,46
10,48
10,24
10,24
10,24
10,48
10,48
10,48
10,22
10,24
10,24
10,46
10,48
10,48
10,22
10,24
10,22
10,48
10,46
10,7
10,48
10,46
10,48
10,46
10,48
10,22
10,22
10,24
10,48
10,46
10,46
10,24
10,24
10,24
10,46
10,46
10,48
10,24
10,24
10,24
10,48
10,48
10,46
10,48
10,24
10,24
10,24
10,48
10,48
10,22
10,24
10,22
10,48
10,48
10,22
10,48
10,24
10,48
10,48
10,48
10,24
10,24
10,24
10,22
10,46
10,48
10,24
10,24
10,24
10,24
10,46
10,48
10,46
10,24
10,24
10,22
10,24
10,48
10,48
10,22
10,22
10,24
10,24
10,48
10,48
10,24
10,24
10,22
10,24
10,48
10,48
10,24
10,22
10,24
10,46
10,48
10,48
10,24
10,24
10,46
10,48
10,48
10,48
10,22
10,22
10,22
10,24
10,48
10,48
10,48
10,22
10,22
10,24
10,46
10,48
10,48
10,22
10,24
10,24
10,48
10,48
10,22
10,48
10,24
10,46
10,48
10,48
10,48
10,48
10,22
10,24
10,46
10,72
10,22
10,48
10,24
10,46
10,72
10,72
10,22
10,24
10,22
10,72
10,72
10,72
10,46
10,24
10,24
10,48
10,48
10,48
10,48
10,48
10,81
10,81
10,72
10,72
10,48
10,48
10,46
10,48
10,46
10,46
10,46
