1,5
1,5
1,51
1,51
1,5
1,51
1,76
1,01
1,51
1,5
1,51
1,5
1,5
1,01
1,26
1,25
1,51
1,26
1,51
1,76
1,51
1,76
1,51
1,76
1,76
1,5
1,5
1,5
1,76
1,51
1,26
1,25
1,5
1,01
1,51
1,25
1,01
1,5
1,5
1,25
1,01
1,26
1,25
1,25
1,25
1,01
1,26
1,5
1,01
1,01
1,5
1,01
1,01
1,26
1,26
1,01
1,01
1,25
1,26
1,26
1,01
1,26
1,25
1,5
1,01
1,01
1,25
1,5
1,01
1,25
1,5
1,26
1,01
1,25
1,25
1,26
1,25
1,01
1,25
1,25
1,25
1,25
1,26
1,5
1,01
1,01
1,5
1,25
1,01
1,25
1,25
1,26
1,01
1,01
1,26
1,25
1,25
1,01
1,26
1,5
1,01
1,01
1,5
1,25
1,25
1,26
1,26
1,25
1,25
1,01
1,01
1,25
1,26
1,01
1,01
1,26
1,5
1,01
1,01
1,25
1,25
1,26
1,01
1,25
1,26
1,26
1,25
1,01
1,26
1,25
1,01
1,26
1,26
1,5
1,01
1,01
1,26
1,26
1,26
1,5
1,25
1,25
1,25
1,25
1,51
1,26
1,5
1,26
1,25
1,5
1,25
1,51
1,5
1,01
1,5
1,75
1,25
1,25
1,26
1,51
1,01
1,25
1,26
1,01
1,26
1,26
1,26
1,01
1,26
1,26
1,26
1,25
1,51
1,01
1,5
1,51
1,01
1,25
1,26
1,25
1,01
1,25
1,26
1,26
1,01
1,25
1,26
1,01
1,26
1,26
1,26
1,01
1,01
1,26
1,25
1,26
1,01
1,26
1,25
1,01
1,01
1,25
1,25
1,01
1,5
1,25
1,26
1,26
1,01
1,25
1,25
1,01
1,01
1,26
1,25
1,26
1,01
1,25
