31,41
60,82
21,83
28,49
15,43
86,49
46,76
100
100
100
100
100
98,11
100
100
100
100
99,75
95,95
99,49
93,26
97,61
97,39
99,75
99,24
99,75
99,24
98,75
99,5
99,75
99,5
96,61
88,86
85,75
91,42
94,39
91,73
97,36
48,74
38,4
39,09
39,2
38,29
40,86
38,73
41,93
42,98
40,4
44,63
50,84
36,21
35,43
37,54
36,47
34,68
46,11
35,98
38,4
37,11
38,18
37,57
38,86
36,65
40,06
41,13
39,5
37,64
38,14
39,11
38,66
36,86
38,75
39,09
39,6
38,87
39,2
37,68
37,01
43,22
51,54
60,99
72,68
60,43
86,72
93,86
68,28
40,06
37,68
39,04
39,55
40,57
38,03
43,66
38,75
37,25
37,96
36,9
35,16
36,57
37,25
37,68
37,75
35,16
37,78
44,54
38,11
37,18
35,9
36,93
36,1
36,1
36,41
38,24
37,43
36,86
36,93
34,78
35,61
35,16
38,1
43,84
38,31
38,35
39,5
37,01
35,82
36,08
33,82
36,96
89,23
86,38
37,04
37,75
37,68
35,07
37,93
35,47
34,38
37,64
39,78
38,24
47,5
36,18
38,11
37,68
37,54
37,01
38,4
35,9
38,81
38,33
37,5
38
41,71
40,17
35,71
37,61
39,5
36,42
40,4
37,5
38,53
42,74
37,32
35,13
40,51
38,81
36,57
36,18
37,5
36,65
40,39
35,92
38,66
36,68
37,71
35,45
34,47
46,83
37,46
37,07
35,84
36,02
37,5
34,96
39,5
36,41
35,71
36,08
36,1
33,33
44,09
36,16
42,86
38,4
36,96
35,63
37,5
39,66
36,52
37,54
36,68
37,36
51,83
38,64
38,24
37,68
37,89
36,36
34,77
37,22
35,13
36,34
34,56
34,2
37,11
38,4
34,1
36,1
36,1
36,47
36,08
36,18
34
38,18
37,92
35,24
