Act   Max   Min   Avg
0   0   0   -nan
8663   8205790   8276   288944.363064
15634   8205790   8273   304568.306885
15077   8205790   8273   480296.995848
13960   10054091   8273   407348.397684
16367   10054091   8273   444685.119232
13213   10054091   8273   464797.892002
14812   451428008   8273   16637583.038060
16199   451428008   8273   14637575.592171
11866   451428008   8273   13067474.796329
16561   451428008   7473   11797243.293831
33315   451428008   5060   10748261.925265
13366   451428008   5060   9877153.130487
13353   451428008   5060   9141533.455255
22608   451428008   5060   8612391.107481
21870   451428008   5060   8107417.952259
19329   451428008   5060   7684104.703444
15651   451428008   5060   7298081.079552
13714   451428008   5060   6903286.117330
16121   451428008   5060   6547175.646554
12884   451428008   5060   6260282.833859
14659   451428008   5060   5975926.285012
13438   451428008   5060   5766710.958546
15194   451428008   5060   5533810.909103
14955   451428008   5060   5347034.226223
15722   451428008   5060   5140090.657204
14499   451428008   5060   4947420.315612
14167   451428008   5060   4769368.119891
14990   451428008   5060   4601776.896997
15077   451428008   5060   4445013.952111
14273   451428008   5060   4299084.694275
12893   451428008   5060   4162142.141130
14968   451428008   5060   4034041.444591
15171   451428008   5060   3913643.479973
14457   451428008   5060   3801061.945885
14431   451428008   5060   3694124.088792
14133   451428008   5060   3593024.229596
15218   451428008   5060   3509569.141740
15851   451428008   5060   3418562.745519
21113   451428008   5060   3332523.202790
9565   451428008   5060   3251215.170260
20602   451428008   5060   3172983.171764
10529   451428008   5060   3098410.309354
17784   451428008   5060   3027258.824382
14960   451428008   5060   2959324.892237
15461   451428008   5060   2894394.777598
10279   451428008   5060   2832271.219807
15639   451428008   5060   2772792.372262
14690   451428008   5060   2715794.894212
17813   451428008   5060   2661258.754960
9691   451428008   5060   2608727.368059
10956   451428008   5060   2558214.605668
16224   451428008   5060   2509648.310145
12769   451428008   5060   2462893.044649
8973   451428008   5060   2417890.186113
8612   451428008   5060   2374501.301992
12910   451428008   5060   2332422.071022
11385   451428008   5060   2291998.995052
9513   451428008   5060   2252925.806782
11095   451428008   5060   2215169.495173
13506   451428008   5060   2178706.794965
16443   451428008   4573   2143475.716677
16368   451428008   4573   2109361.875054
12946   451428008   4573   2076165.519669
12664   451428008   4573   2043816.111914
12384   451428008   4573   2012833.251020
20703   451428008   4573   1982951.887247
12131   451428008   4573   1953611.309758
14199   451428008   4573   1925212.693047
14160   451428008   4573   1897584.134771
23738   451428008   4573   1870199.801119
14955   451428008   4573   1843876.858048
16825   451428008   4573   1818454.891917
14604   451428008   4573   1793882.406696
10843   451428008   4573   1769883.693373
11303   451428008   4573   1746337.714796
14235   451428008   4573   1723693.072389
15223   451428008   4573   1701646.894543
12463   451428008   4573   1680146.428932
12411   451428008   4573   1659023.061522
12668   451428008   4573   1638507.269853
11959   451428008   4573   1618573.100219
13196   451428008   4573   1599119.619209
15544   451428008   4573   1580136.832183
12975   451428008   4573   1561585.738550
12357   451428008   4573   1543501.371467
14617   451428008   4573   1525831.078807
11656   451428008   4573   1508561.964408
11837   451428008   4573   1491683.113201
14290   451428008   4573   1475203.165453
11635   451428008   4573   1459074.419091
15263   451428008   4573   1443291.834651
17311   451428008   4573   1427857.515168
14442   451428008   4573   1412749.597535
19794   451428008   4573   1397961.890009
14334   451428008   4573   1383487.307552
12558   451428008   4573   1369291.118486
15920   451428008   4573   1355419.098518
8637   451428008   4573   1341818.984701
18799   451428008   4573   1328493.624755
17019   451428008   4573   1315432.646536
14797   451428008   4573   1302630.274368
16663   451428008   4573   1290073.152751
19669   451428008   4573   1277762.087883
12281   451428008   4573   1265634.823975
15258   451428008   4573   1253775.883864
14929   451428008   4573   1242145.907385
13249   451428008   4573   1230727.620595
17326   451428008   4573   1219540.732763
10364   451428008   4573   1208548.326825
13421   451428008   4573   1197754.323503
10685   451428008   4573   1187150.743389
18622   451428008   4573   1176731.915778
12766   451428008   4573   1166491.773049
13105   451428008   4573   1156444.322057
15534   451428008   4573   1146557.491017
10049   451428008   4573   1136835.017549
28497   451428008   4573   1127291.179505
16311   451428008   4573   1117897.073919
10539   451428008   4573   1108660.514623
18555   451428008   4573   1099577.850074
10786   451428008   4573   1090651.701556
19750   451428008   4573   1081867.304449
11833   451428008   4573   1073235.637296
13738   451428008   4573   1064742.893564
18263   451428008   4573   1056378.309864
10099   451428008   4573   1048153.405853
19263   451428008   4573   1040046.050588
16760   451428008   4573   1032060.663551
10934   451428008   4573   1024202.463482
15883   451428008   4573   1016469.059509
17617   451428008   4573   1008868.827503
14880   451428008   4573   1001362.795608
13547   451428008   4573   993943.507499
16258   451428008   4573   986629.380964
11791   451428008   4573   979449.592069
12779   451428008   4573   972383.540424
12865   451428008   4573   965419.481963
14286   451428008   4573   958562.173880
13808   451428008   4573   951804.524421
9848   451428008   4573   945136.860863
12141   451428008   4573   938559.349350
29568   451428008   4573   932078.370767
14517   451428008   4573   925700.435584
13464   451428008   4573   919413.191157
13834   451428008   4573   913208.729726
13761   451428008   4573   907087.604040
15326   451428008   4573   901051.132604
25573   451428008   4573   895075.092733
14282   451428008   4573   889167.254996
9347   451428008   4573   883341.654708
15014   451428008   4573   877595.414439
16978   451428008   4573   871950.155304
15059   451428008   4573   866331.654017
18639   451428008   4573   860837.648817
16565   451428008   4573   855415.014858
13049   451428008   4573   850052.367709
13625   451428008   4573   844753.003386
12892   451428008   4573   839509.941258
18120   451428008   4573   834345.646913
10809   451428008   4573   829248.759826
12884   451428008   4573   824241.265474
13530   451428008   4573   819269.257112
16265   451428008   4573   814357.431327
16684   451428008   4573   809503.562977
17613   451428008   4573   804711.592834
15372   451428008   4573   799974.490855
14151   451428008   4573   795294.923470
17010   451428008   4573   790671.864490
10823   451428008   4573   786101.904013
10143   451428008   4573   781586.158388
20548   451428008   4573   777125.288150
13139   451428008   4573   772708.285977
13856   451428008   4573   768341.431840
13957   451428008   4573   764031.798465
13462   451428008   4573   759701.021382
13066   451428008   4573   755463.284338
13541   451428008   4573   751297.979612
13839   451428008   4573   747164.156321
13820   451428008   4573   743087.915570
12945   451428008   4573   739064.075892
19269   451428008   4573   735085.155846
13580   451428008   4573   731130.966774
19646   451428008   4573   727240.207106
37962   451428008   4475   723391.996278
12347   451428008   4475   719579.859247
13186   451428008   4475   715809.599922
13123   451428008   4475   712070.490330
19680   451428008   4475   708385.774739
15994   451428008   4475   704737.635440
13933   451428008   4475   701126.573577
16257   451428008   4475   697554.526091
14605   451428008   4475   693990.536987
18472   451428008   4475   690487.928959
16366   451428008   4475   687026.575046
10434   451428008   4475   683592.477959
12250   451428008   4475   680199.280353
12175   451428008   4475   676839.152810
16345   451428008   4475   673514.991541
27755   451428008   4475   670224.572033
14882   451428008   4475   666959.570737
16444   451428008   4475   663756.478411
18857   451428008   4475   660565.578323
17254   451428008   4475   657396.813626
12233   451428008   4475   654259.170468
11533   451428008   4475   651152.557485
9895   451428008   4475   648084.707487
13676   451428008   4475   645037.433235
10351   451428008   4475   642024.592840
14753   451428008   4475   639033.709290
14028   451428008   4475   636076.038412
9270   451428008   4475   633141.565148
11013   451428008   4475   630233.466842
10203   451428008   4475   627351.841745
15251   451428008   4475   624494.347335
15101   451428008   4475   621667.923352
12235   451428008   4475   618861.435413
13056   451428008   4475   616078.894061
9875   451428008   4475   613322.762748
12728   451428008   4475   610592.027131
9875   451428008   4475   607888.776599
9913   451428008   4475   605216.330633
17231   451428008   4475   602562.708623
41909   451428008   4475   599933.986227
18034   451428008   4475   597331.657047
14601   451428008   4475   594752.640731
8915   451428008   4475   592193.672642
15634   451428008   4388   589659.918546
14705   451428008   4388   587145.935347
15804   451428008   4388   584657.175767
18264   451428008   4388   582188.089349
23848   451428008   4388   579739.950413
13373   451428008   4388   577311.451812
34273   451428008   4388   574905.332123
17473   451428008   4388   572518.723735
10040   451428008   4388   570151.892953
14338   451428008   4388   567808.174026
16156   451428008   4388   565485.224061
11021   451428008   4388   563181.345278
13440   451428008   4388   560894.335439
35057   451428008   4388   558627.814957
17535   451428008   4388   556379.505656
25883   451428008   4388   554151.029497
12571   451428008   4388   551935.629276
14250   451428008   4388   549742.827543
20105   451428008   4388   547562.960991
22558   451428008   4388   545405.410254
20662   451428008   4388   543266.906077
16916   451428008   4388   541138.704064
18300   451428008   4388   539028.045870
14509   451428008   4388   536931.090759
12340   451428008   4388   534852.038379
9893   451428008   4388   532789.291047
13301   451428008   4388   530747.130335
14050   451428008   4388   528723.976151
13133   451428008   4388   526716.287956
12457   451428008   4388   524724.501309
10970   451428008   4388   522741.823497
13969   451428008   4388   520771.657669
15765   451428008   4388   518822.979775
17450   451428008   4388   516889.340326
35406   451428008   4388   514964.341581
16800   451428008   4388   513050.948814
13808   451428008   4388   511152.638608
10738   451428008   4388   509276.932403
9718   451428008   4388   507406.534084
10007   451428008   4388   505550.290816
12417   451428008   4388   503709.380488
10540   451428008   4388   501884.551742
11071   451428008   4388   500069.728204
11301   451428008   4388   498269.490253
10983   451428008   4388   496480.831604
12297   451428008   4388   494712.042725
9070   451428008   4388   492951.157131
35314   451428008   4388   491201.778260
62481   451428008   4388   489465.564187
10640   451428008   4388   487744.654651
21143   451428008   4388   486032.655007
24254   451428008   4388   484333.097433
8734   451428008   4388   482639.478630
17368   451428008   4388   480969.209534
10465   451428008   4388   479306.241762
11148   451428008   4388   477655.676550
12076   451428008   4388   476015.935094
11308   451428008   4388   474390.981434
15076   451428008   4388   472774.024557
11227   451428008   4388   471169.168703
12672   451428008   4388   469574.719548
12305   451428008   4388   467992.879572
11501   451428008   4388   466422.964290
11113   451428008   4388   464860.854035
15392   451428008   4388   463309.346553
22141   451428008   4388   461772.453013
19786   451428008   4388   460242.408208
10105   451428008   4388   458722.682625
10274   451428008   4388   457214.619969
12865   451428008   4388   455717.944976
9857   451428008   4388   454231.644940
10942   451428008   4388   452753.852085
10234   451428008   4388   451284.515811
17530   451428008   4388   449831.422807
10475   451428008   4388   448383.742434
10938   451428008   4388   446943.587262
10703   451428008   4388   445512.793866
12568   451428008   4388   444068.498069
9354   451428008   4388   442666.218208
11180   451428008   4388   441263.622213
9888   451428008   4388   440639.311009
14470   451428008   4388   440405.647063
9475   451428008   4388   439411.078963
13630   451428008   4388   438038.449739
9508   451428008   4388   436673.952119
57804   451428008   4388   435318.623024
17329   451428008   4388   433988.701266
24900   451428008   4388   432651.971867
11334   451428008   4388   431324.020724
14553   451428008   4388   430004.240303
12374   451428008   4388   428695.377129
10702   451428008   4388   427390.556374
10244   451428008   4388   426094.982211
12436   451428008   4388   424806.626356
10831   451428008   4388   423530.070585
10731   451428008   4388   422258.926445
10769   451428008   4388   420993.928766
11785   451428008   4388   419736.309131
11145   451428008   4388   418491.139688
9829   451428008   4388   417249.412692
10126   451428008   4388   416017.936157
13817   451428008   4388   414792.574511
18428   451428008   4388   413579.628467
16915   451428008   4388   412370.140736
20446   451428008   4388   411165.517942
15629   451428008   4388   409969.196251
14480   451428008   4388   408780.322478
11219   451428008   4388   407597.920663
10651   451428008   4388   406422.837405
10187   451428008   4388   405254.960951
10707   451428008   4388   404098.186267
10746   451428008   4388   402943.697456
11067   451428008   4388   401796.450226
10983   451428008   4388   400654.879197
12778   451428008   4388   399522.856420
19013   451428008   4388   398395.906405
12327   451428008   4388   397274.952854
17340   451428008   4388   396159.868940
16474   451428008   4388   395055.272077
14551   451428008   4388   393952.949430
15310   451428008   4388   392856.674811
14604   451428008   4388   391766.654163
15156   451428008   4388   390685.084666
10907   451428008   4388   389612.152990
11211   451428008   4388   388540.963867
11278   451428008   4388   387475.739234
14566   451428008   4388   386419.155195
10084   451428008   4388   385366.134835
10928   451428008   4388   384318.280388
11246   451428008   4388   383276.021198
10674   451428008   4388   382241.575391
10586   451428008   4388   381211.300630
10181   451428008   4388   380186.602221
11527   451428008   4388   379167.383350
15386   451428008   4388   378156.102097
12246   451428008   4388   377149.561430
10361   451428008   4388   376147.411678
11216   451428008   4388   375151.077710
18688   451428008   4388   374161.066701
32792   451428008   4388   373175.157865
11971   451428008   4388   372194.628135
17570   451428008   4388   371219.016227
10687   451428008   4388   370251.117047
9424   451428008   4388   369288.871371
12915   451428008   4388   368329.486036
10307   451428008   4388   367375.002995
34484   451428008   4388   366426.950561
9483   451428008   4388   365484.975228
11936   451428008   4388   364545.888477
10382   451428008   4388   363611.204851
14131   451428008   4388   362681.340549
10164   451428008   4388   361760.393736
11038   451428008   4388   360840.653880
11772   451428008   4388   359925.695042
23008   451428008   4388   359015.767175
19978   451428008   4388   358112.500672
15242   451428008   4388   357211.649887
18293   451428008   4388   356315.403395
9007   451428008   4388   355424.115498
12991   451428008   4388   354542.114734
10395   451428008   4388   353659.998573
12678   451428008   4388   352782.141777
9947   451428008   4388   351909.129765
10343   451428008   4388   351042.532990
10497   451428008   4388   350178.190886
11900   451428008   4388   349318.219771
11808   451428008   4388   348462.661436
9976   451428008   4388   347615.326735
9846   451428008   4388   346768.491856
19088   451428008   4388   345925.656529
12445   451428008   4388   345087.029477
14705   451428008   4388   344255.772882
29739   451428008   4388   343425.586620
15844   451428008   4388   342601.171303
11846   451428008   4388   341779.310849
11315   451428008   4388   340965.042943
9569   451428008   4388   340151.494437
10249   451428008   4388   339341.952954
9832   451428008   4388   338536.028960
10402   451428008   4388   337736.612241
9971   451428008   4388   336938.702653
10148   451428008   4388   336144.844453
11238   451428008   4388   335354.925597
11262   451428008   4388   334573.111881
11233   451428008   4388   333791.422560
9424   451428008   4388   333012.944929
15155   451428008   4388   332237.928843
17600   451428008   4388   331470.231201
14145   451428008   4388   330703.392101
9050   451428008   4388   329939.279550
9990   451428008   4388   329179.079384
14607   451428008   4388   328425.444847
9872   451428008   4388   327673.997936
9453   451428008   4388   326925.045346
9792   451428008   4388   326179.312880
12811   451428008   4388   325439.397974
9921   451428008   4388   324701.273326
9804   451428008   4388   323966.183816
11356   451428008   4388   323234.371650
20179   451428008   4388   322506.876954
11327   451428008   4388   321784.687481
10447   451428008   4388   321063.512857
15664   451428008   4388   320345.328991
20630   451428008   4388   319631.653966
19682   451428008   4388   318921.817208
13119   451428008   4388   318213.579675
11035   451428008   4388   317508.532248
16238   451428008   4388   316807.703784
9927   451428008   4388   316111.673854
9897   451428008   4388   315416.502806
10647   451428008   4388   314724.735821
11442   451428008   4388   314036.148607
10598   451428008   4388   313352.450454
11048   451428008   4388   312670.131624
10231   451428008   4388   311990.383234
10063   451428008   4388   311313.647222
14332   451428008   4388   310643.951261
9358   451428008   4388   309973.520209
9676   451428008   4388   309305.565160
14071   451428008   4388   308640.931360
14082   451428008   4388   307981.435583
9699   451428008   4388   307322.864199
11279   451428008   4388   306666.797538
10196   451428008   4388   306013.999149
10797   451428008   4388   305367.509897
9488   451428008   4388   304720.471551
10673   451428008   4388   304076.268836
9680   451428008   4388   303434.977240
16329   451428008   4388   302798.084559
11153   451428008   4388   302162.394351
10142   451428008   4388   301529.225461
9893   451428008   4388   300898.990013
15768   451428008   4388   300275.453189
12041   451428008   4388   299650.851034
17237   451428008   4388   299028.699141
16426   451428008   4388   298409.116150
9991   451428008   4388   297794.671829
11927   451428008   4388   297180.629492
10475   451428008   4388   296569.107735
9882   451428008   4388   295960.271132
12962   451428008   4388   295356.560954
23144   451428008   4388   294753.624661
12710   451428008   4388   294152.715288
20237   451428008   4388   293554.234318
14996   451428008   4388   292961.147246
11009   451428008   4388   292367.887983
9776   451428008   4388   291777.023682
16143   451428008   4388   291188.796151
13408   451428008   4388   290604.868110
11165   451428008   4388   290021.775054
15699   451428008   4388   289440.625891
52161   451428008   4388   288862.029680
12629   451428008   4388   288287.556352
10729   451428008   4388   287714.243396
10410   451428008   4388   287142.754549
11364   451428008   4388   286573.745178
9464   451428008   4388   286008.563416
10418   451428008   4388   285447.114717
10668   451428008   4388   284885.291870
11743   451428008   4388   284325.691647
14871   451428008   4388   283769.195088
14959   451428008   4388   283215.545056
11079   451428008   4388   282662.415756
16800   451428008   4388   282111.842123
13058   451428008   4388   281560.817836
14872   451428008   4388   281017.177403
13642   451428008   4388   280473.299242
10587   451428008   4388   279931.443325
8510   451428008   4388   279392.069015
9584   451428008   4388   278856.749568
9204   451428008   4388   278321.736340
13325   451428008   4388   277788.696183
9834   451428008   4388   277257.793354
12135   451428008   4388   276732.857769
12053   451428008   4388   276206.469571
10073   451428008   4388   275681.856833
13469   451428008   4388   275158.129404
25857   451428008   4388   274640.218781
12686   451428008   4388   274121.765516
14856   451428008   4388   273605.358709
15330   451428008   4388   273090.958477
11765   451428008   4388   272581.857521
9124   451428008   4388   272071.665052
10885   451428008   4388   271563.335054
9721   451428008   4388   271057.021589
9612   451428008   4388   270554.896481
9249   451428008   4388   270052.691647
10211   451428008   4388   269552.337387
10039   451428008   4388   269053.780908
11940   451428008   4388   268559.760993
11187   451428008   4388   268065.279826
13907   451428008   4388   267572.607229
10588   451428008   4388   267082.002047
10753   451428008   4388   266594.722217
14286   451428008   4388   266107.742775
22828   451428008   4388   265622.483303
9650   451428008   4388   265139.241017
8744   451428008   4388   264657.992264
13582   451428008   4388   264179.091643
9762   451428008   4388   263701.465294
10188   451428008   4388   263225.383372
10319   451428008   4388   262753.626653
10936   451428008   4388   262281.322172
10110   451428008   4388   261810.651068
9363   451428008   4388   261341.913259
15464   451428008   4388   260877.092808
14510   451428008   4388   260412.733580
17846   451428008   4388   259949.499474
10631   451428008   4388   259487.593457
16472   451428008   4388   259029.680853
11571   451428008   4388   258571.283810
46840   451428008   4388   258114.493471
10893   451428008   4388   257659.509095
11619   451428008   4388   257206.986597
10942   451428008   4388   256757.267612
10874   451428008   4388   256307.308417
10750   451428008   4388   255858.968634
11650   451428008   4388   255413.044968
10563   451428008   4388   254969.554930
10796   451428008   4388   254526.044228
10726   451428008   4388   254084.238558
14069   451428008   4388   253645.151167
12490   451428008   4388   253208.252813
12026   451428008   4388   252771.344888
13430   451428008   4388   252335.819134
17241   451428008   4388   251902.374056
15135   451428008   4388   251472.074158
11261   451428008   4388   251041.308742
11610   451428008   4388   250612.208068
10269   451428008   4388   250184.845347
10980   451428008   4388   249760.676209
10093   451428008   4388   249336.263434
10499   451428008   4388   248913.346406
12058   451428008   4388   248491.859910
10392   451428008   4388   248073.212009
9576   451428008   4388   247654.823070
11247   451428008   4388   247237.724297
19892   451428008   4388   246822.114789
13332   451428008   4388   246410.946059
12568   451428008   4388   245998.380717
12033   451428008   4388   245587.302251
14226   451428008   4388   245177.760519
11239   451428008   4388   244771.362652
9243   451428008   4388   244364.677498
10037   451428008   4388   243959.377273
12226   451428008   4388   243555.332186
11421   451428008   4388   243154.829809
10582   451428008   4388   242753.861251
11671   451428008   4388   242354.188313
10164   451428008   4388   241955.810065
11179   451428008   4388   241560.444258
9235   451428008   4388   241165.064507
10670   451428008   4388   240770.820313
10446   451428008   4388   240377.763038
12152   451428008   4388   239987.755996
14586   451428008   4388   239598.074057
10204   451428008   4388   239211.763301
10810   451428008   4388   238829.389175
13358   451428008   4388   238446.194360
11989   451428008   4388   238062.868460
10252   451428008   4388   237679.234726
10019   451428008   4388   237296.924511
11825   451428008   4388   236916.162440
16148   451428008   4388   236538.832124
11248   451428008   4388   236160.755016
11107   451428008   4388   235783.680263
15641   451428008   4388   235409.387135
15061   451428008   4388   235035.862068
15033   451428008   4388   234664.037080
11012   451428008   4388   234295.157528
18710   451428008   4388   233926.148327
12914   451428008   4388   233558.661751
11012   451428008   4388   233192.104870
17558   451428008   4388   232826.676925
14137   451428008   4388   232464.466048
15826   451428008   4388   232102.669472
10588   451428008   4388   231739.533966
15111   451428008   4388   231380.456919
13672   451428008   4388   231021.673023
14854   451428008   4388   230662.378782
13112   451428008   4388   230697.476763
15810   451428008   4388   230835.073485
11427   451428008   4388   230482.173853
15168   451428008   4388   230130.630657
17341   451428008   4388   229779.324253
16276   451428008   4388   229428.528904
16724   451428008   4388   229078.820240
15480   451428008   4388   228730.186878
11101   451428008   4388   228383.396304
16182   451428008   4388   228036.393944
15522   451428008   4388   227688.899737
14157   451428008   4388   227344.564640
15090   451428008   4388   227001.069851
13535   451428008   4388   226657.932399
10355   451428008   4388   226315.535827
53154   451428008   4388   225976.510479
65054   451428008   4388   225637.637351
10389   451428008   4388   225301.067652
14270   451428008   4388   224968.052366
16304   451428008   4388   224633.198963
16376   451428008   4388   224301.417316
13961   451428008   4388   223969.864402
14625   451428008   4388   223639.640520
11884   451428008   4388   223308.940477
12264   451428008   4388   222977.901068
15826   451428008   4388   222649.356387
9332   451428008   4388   222322.049460
40194   451428008   4388   221993.451108
15505   451428008   4388   221669.546905
22254   451428008   4388   221344.822628
14834   451428008   4388   221022.300960
12324   451428008   4388   220701.377662
16532   451428008   4388   220382.713622
11930   451428008   4388   220063.943906
16117   451428008   4388   219744.509221
13129   451428008   4388   219425.837940
14650   451428008   4388   219107.424186
9495   451428008   4388   218802.188733
12545   451428008   4388   218484.912842
15318   451428008   4388   218170.025816
11550   451428008   4388   217855.542545
12801   451428008   4388   217540.081958
16250   451428008   4388   217224.635980
33984   451428008   4388   216910.395047
11778   451428008   4388   216598.578754
14550   451428008   4388   216286.388939
9894   451428008   4388   215974.726149
12502   451428008   4388   215664.724025
9558   451428008   4388   215357.710709
9843   451428008   4388   215049.178191
10010   451428008   4388   214741.338626
9816   451428008   4388   214434.673599
11746   451428008   4388   214129.887825
9905   451428008   4388   213824.921099
12080   451428008   4388   213520.919659
9785   451428008   4388   213218.144244
10627   451428008   4388   212917.148041
9311   451428008   4388   212617.022137
16458   451428008   4388   212316.550255
11829   451428008   4388   212017.030822
12957   451428008   4388   211720.398279
17858   451428008   4388   211422.688540
11601   451428008   4388   211125.752257
10611   451428008   4388   210829.782817
10363   451428008   4388   210536.249961
11333   451428008   4388   210242.313577
9880   451428008   4388   209948.909139
10719   451428008   4388   209656.457557
11961   451428008   4388   209366.322486
11035   451428008   4388   209075.764956
10421   451428008   4388   208785.940277
14483   451428008   4388   208496.871228
14579   451428008   4388   208210.540205
42334   451428008   4388   207923.523281
12525   451428008   4388   207636.912982
12244   451428008   4388   207351.115605
10307   451428008   4388   207068.107367
11110   451428008   4388   206784.285001
11195   451428008   4388   206501.179918
9452   451428008   4388   206218.824292
16486   451428008   4388   205938.448229
11179   451428008   4388   205658.744282
9299   451428008   4388   205379.101259
11341   451428008   4388   205100.053646
12006   451428008   4388   204822.730467
10070   451428008   4388   204545.608037
11022   451428008   4388   204269.986986
10199   451428008   4388   203994.068703
13211   451428008   4388   203719.168791
14233   451428008   4388   203446.321710
14459   451428008   4388   203172.749437
10100   451428008   4388   202900.069106
14444   451428008   4388   202628.448647
9976   451428008   4388   202358.513426
10000   451428008   4388   202090.106891
11129   451428008   4388   201820.553601
10630   451428008   4388   201552.165140
12999   451428008   4388   201285.149468
9443   451428008   4388   201017.846651
15964   451428008   4388   200751.386495
13032   451428008   4388   200485.494380
15963   451428008   4388   200221.830234
12426   451428008   4388   199957.416709
14281   451428008   4388   199694.167938
10804   451428008   4388   199431.207243
9481   451428008   4388   199170.980773
9833   451428008   4388   198909.621901
9933   451428008   4388   198649.116556
11296   451428008   4388   198389.277815
10209   451428008   4388   198131.847722
10359   451428008   4388   197873.266301
11415   451428008   4388   197615.388521
10452   451428008   4388   197358.114617
19596   451428008   4388   197103.802843
18511   451428008   4388   196848.448309
15346   451428008   4388   196593.666758
9266   451428008   4388   196339.274760
29211   451428008   4388   196087.428910
16833   451428008   4388   195834.550658
15034   451428008   4388   195582.386748
9601   451428008   4388   195330.803454
10440   451428008   4388   195082.046568
9732   451428008   4388   194831.942072
9556   451428008   4388   194582.548801
9724   451428008   4388   194333.835725
13875   451428008   4388   194086.953929
10312   451428008   4388   193839.595252
10042   451428008   4388   193592.938700
10010   451428008   4388   193346.752908
11934   451428008   4388   193102.282529
15494   451428008   4388   192858.766093
17032   451428008   4388   192614.663807
11762   451428008   4388   192371.312324
26144   451428008   4388   192129.487449
11433   451428008   4388   191887.383114
11083   451428008   4388   191645.855851
10525   451428008   4388   191405.006120
15910   451428008   4388   191165.799955
10149   451428008   4388   190927.734889
10490   451428008   4388   190688.966636
10156   451428008   4388   190450.733732
16722   451428008   4388   190214.273635
11300   451428008   4388   189977.679659
9784   451428008   4388   189741.341494
10375   451428008   4388   189505.656220
8953   451428008   4388   189268.073139
10032   451428008   4388   189034.749678
9888   451428008   4388   188800.915415
13014   451428008   4388   188567.608205
16524   451428008   4388   188335.216998
23064   451428008   4388   188104.271128
11769   451428008   4388   187872.822772
9598   451428008   4388   187642.029897
9831   451428008   4388   187411.976669
10695   451428008   4388   187184.214117
11796   451428008   4388   186955.281308
10651   451428008   4388   186726.904751
14686   451428008   4388   186497.635699
10184   451428008   4388   186272.228553
11195   451428008   4388   186045.708465
12226   451428008   4388   185819.533146
14826   451428008   4388   185594.131493
10751   451428008   4388   185370.675837
21516   451428008   4388   185146.620435
13904   451428008   4388   184922.907240
14422   451428008   4388   184699.716710
13506   451428008   4388   184478.671445
11518   451428008   4388   184256.660416
10908   451428008   4388   184035.282436
9721   451428008   4388   183814.581273
19241   451428008   4388   183596.773557
9766   451428008   4388   183377.281201
10459   451428008   4388   183158.137204
10296   451428008   4388   182939.589898
11641   451428008   4388   182722.557374
10461   451428008   4388   182505.136316
11681   451428008   4388   182288.549240
15122   451428008   4388   182072.277127
15661   451428008   4388   181858.338953
20083   451428008   4388   181643.283023
9996   451428008   4388   181428.644147
10777   451428008   4388   181214.639176
10065   451428008   4388   181002.543165
10958   451428008   4388   180789.586263
11466   451428008   4388   180577.034757
10521   451428008   4388   180365.152708
13271   451428008   4388   180154.161041
10637   451428008   4388   179943.423827
27689   451428008   4388   179733.201817
30775   451428008   4388   179523.412708
16130   451428008   4388   179315.324262
16302   451428008   4388   179106.948431
15825   451428008   4388   178898.726552
12643   451428008   4388   178690.905204
13467   451428008   4388   178486.115315
16801   451428008   4388   178280.826027
10821   451428008   4388   178074.653117
10810   451428008   4388   177869.005437
14509   451428008   4388   177664.405946
10916   451428008   4388   177460.664867
10514   451428008   4388   177256.484396
10005   451428008   4388   177052.833725
18433   451428008   4388   176850.385045
9851   451428008   4388   176649.281582
10784   451428008   4388   176447.375217
11944   451428008   4388   176245.714515
10942   451428008   4388   176044.721899
10397   451428008   4388   175845.436676
10309   451428008   4388   175645.407317
13813   451428008   4388   175445.750876
21448   451428008   4388   175246.535671
20157   451428008   4388   175048.932108
9871   451428008   4388   174851.037043
9647   451428008   4388   174653.405436
10323   451428008   4388   174456.133431
10053   451428008   4388   174260.245020
10020   451428008   4388   174064.062618
10296   451428008   4388   173868.592930
11841   451428008   4388   173673.560504
10375   451428008   4388   173480.184400
11826   451428008   4388   173285.782635
11768   451428008   4388   173091.738741
9540   451428008   4388   172898.302887
14631   451428008   4388   172706.710104
14300   451428008   4388   172514.168722
14989   451428008   4388   172322.070196
10051   451428008   4388   172130.412896
15961   451428008   4388   171940.955302
11467   451428008   4388   171751.047484
11931   451428008   4388   171560.737471
9851   451428008   4388   171370.962251
9729   451428008   4388   171182.649912
10616   451428008   4388   170993.722522
9257   451428008   4388   170805.346504
10528   451428008   4388   170617.314907
9978   451428008   4388   170431.072905
9679   451428008   4388   170244.095242
15156   451428008   4388   170057.680088
15984   451428008   4388   169871.430859
13232   451428008   4388   169686.966957
14700   451428008   4388   169501.550751
14847   451428008   4388   169316.667545
9341   451428008   4388   169132.070428
13071   451428008   4388   168949.180191
10617   451428008   4388   168766.071230
9976   451428008   4388   168582.949452
10866   451428008   4388   168400.166969
16933   451428008   4388   168218.534501
9907   451428008   4388   168036.986960
10667   451428008   4388   167855.563304
9819   451428008   4388   167674.504970
16774   451428008   4388   167494.368964
12154   451428008   4388   167315.441321
10541   451428008   4388   167135.572125
14638   451428008   4388   166956.291064
14918   451428008   4388   166777.518255
15465   451428008   4388   166600.079394
10100   451428008   4388   166421.917375
9998   451428008   4388   166244.191700
14261   451428008   4388   166066.974677
12178   451428008   4388   165891.425576
10710   451428008   4388   165714.713132
11432   451428008   4388   165538.710058
16088   451428008   4388   165363.063998
10965   451428008   4388   165189.137442
12408   451428008   4388   165014.321844
10150   451428008   4388   164839.849303
11178   451428008   4388   164665.718059
9951   451428008   4388   164493.618431
14716   451428008   4388   164320.412421
27709   451428008   4388   164147.387171
16066   451428008   4388   163974.881796
14926   451428008   4388   163803.961709
12244   451428008   4388   163632.168957
11216   451428008   4388   163460.686746
10466   451428008   4388   163289.745130
10202   451428008   4388   163120.907007
11736   451428008   4388   162950.709725
12095   451428008   4388   162780.789433
11585   451428008   4388   162611.390605
11180   451428008   4388   162443.843401
12237   451428008   4388   162275.272453
10052   451428008   4388   162107.047869
13889   451428008   4388   161938.983352
18400   451428008   4388   161772.997283
14808   451428008   4388   161605.822647
9918   451428008   4388   161439.494721
9857   451428008   4388   161273.871729
10728   451428008   4388   161108.624450
9728   451428008   4388   160942.916559
9935   451428008   4388   160777.694863
11879   451428008   4388   160612.788443
18363   451428008   4388   160449.565172
9871   451428008   4388   160286.103278
26648   451428008   4388   160122.181256
10661   451428008   4388   159960.365766
10200   451428008   4388   159798.005145
15911   451428008   4388   159635.510385
10652   451428008   4388   159473.084598
17034   451428008   4388   159311.045756
12889   451428008   4388   159411.773388
10140   451428008   4388   159512.297377
10422   451428008   4388   159479.930205
11939   451428008   4388   159318.734110
8985   451428008   4388   159158.210423
10757   451428008   4388   158998.359815
10483   451428008   4388   158838.084514
10097   451428008   4388   158678.159205
14890   451428008   4388   158518.695510
14818   451428008   4388   158360.877713
15434   451428008   4388   158202.068746
9961   451428008   4388   158043.486350
13191   451428008   4388   157885.505098
17514   451428008   4388   157728.909906
17035   451428008   4388   157571.377545
11163   451428008   4388   157414.348577
10178   451428008   4388   157257.657941
10353   451428008   4388   157102.882907
12211   451428008   4388   156946.929780
11867   451428008   4388   156791.254290
10216   451428008   4388   156635.759866
10124   451428008   4388   156482.119971
10431   451428008   4388   156327.455842
10555   451428008   4388   156172.964419
10671   451428008   4388   156018.924713
10294   451428008   4388   155867.002076
26734   451428008   4388   155713.709137
14759   451428008   4388   155560.625352
13468   451428008   4388   155407.805848
10787   451428008   4388   155256.559704
10957   451428008   4388   155104.531278
9689   451428008   4388   154952.715961
11394   451428008   4388   154801.237850
10919   451428008   4388   154651.525603
10038   451428008   4388   154500.783402
11426   451428008   4388   154350.392809
14434   451428008   4388   154200.191735
12974   451428008   4388   154051.781884
18619   451428008   4388   153902.384571
19006   451428008   4388   153753.036415
15593   451428008   4388   153604.085118
13703   451428008   4388   153456.604040
12971   451428008   4388   153308.907358
14461   451428008   4388   153160.921055
19476   451428008   4388   153013.058217
10083   451428008   4388   152866.963306
9774   451428008   4388   152719.871219
11333   451428008   4388   152573.415222
11601   451428008   4388   152426.890115
13891   451428008   4388   152281.615934
12117   451428008   4388   152136.990800
10729   451428008   4388   151991.492367
11819   451428008   4388   151846.114871
17761   451428008   4388   151701.832198
14137   451428008   4388   151557.239438
10412   451428008   4388   151412.930914
12089   451428008   4388   151269.033650
35062   451428008   4388   151124.758180
10573   451428008   4388   150982.449598
9522   451428008   4388   150839.289072
13799   451428008   4388   150696.373942
13961   451428008   4388   150554.031176
9936   451428008   4388   150412.677826
10144   451428008   4388   150270.698850
12227   451428008   4388   150128.901508
15343   451428008   4388   149987.596565
9778   451428008   4388   149847.849354
12028   451428008   4388   149706.987821
10115   451428008   4388   149566.471127
14801   451428008   4388   149426.097741
23004   451428008   4388   149287.404925
11036   451428008   4388   149147.749254
11725   451428008   4388   149008.285569
13511   451428008   4388   148869.076224
10270   451428008   4388   148732.355531
9522   451428008   4388   148593.828895
10459   451428008   4388   148455.512518
10534   451428008   4388   148317.551773
9948   451428008   4388   148180.709646
11599   451428008   4388   148043.227311
11982   451428008   4388   147906.020163
10216   451428008   4388   147769.030216
11086   451428008   4388   147633.863348
12080   451428008   4388   147497.578791
10340   451428008   4388   147361.358060
10227   451428008   4388   147225.563552
11285   451428008   4388   147091.077919
9274   451428008   4388   146955.794237
11617   451428008   4388   146820.732473
9552   451428008   4388   146685.889285
10372   451428008   4388   146552.893777
10988   451428008   4388   146418.953998
14447   451428008   4388   146287.923727
14045   451428008   4388   146155.339752
18761   451428008   4388   146025.091257
17117   451428008   4388   145895.020586
17762   451428008   4388   145765.657733
13577   451428008   4388   145636.979888
16907   451428008   4388   145505.506729
11692   451428008   4388   145373.722873
11092   451428008   4388   145241.487142
16655   451428008   4388   145109.556417
13880   451428008   4388   144978.716605
16408   451428008   4388   144851.585454
9004   451428008   4388   144724.024550
12675   451428008   4388   144596.715816
13617   451428008   4388   144468.063006
9828   451428008   4388   144340.080576
14268   451428008   4388   144212.237019
16421   451428008   4388   144087.745201
11881   451428008   4388   143961.007244
9885   451428008   4388   143833.452124
12002   451428008   4388   143704.970731
28081   451428008   4388   143576.512727
9351   451428008   4388   143448.408328
17743   451428008   4388   143322.169199
13939   451428008   4388   143194.478721
14692   451428008   4388   143066.950263
18750   451428008   4388   142939.753263
10652   451428008   4388   142814.600214
10198   451428008   4388   142687.860893
10725   451428008   4388   142561.367677
11175   451428008   4388   142435.133548
9803   451428008   4388   142310.496857
11637   451428008   4388   142184.857099
10456   451428008   4388   142059.367635
10664   451428008   4388   141934.125304
10758   451428008   4388   141810.353206
10014   451428008   4388   141685.608345
9678   451428008   4388   141560.981153
9701   451428008   4388   141436.775161
9191   451428008   4388   141314.689797
14553   451428008   4388   141190.867411
15948   451428008   4388   141067.276907
12014   451428008   4388   140943.870672
9974   451428008   4388   140821.507618
11458   451428008   4388   140698.774563
9240   451428008   4388   140576.091405
10120   451428008   4388   140453.722237
14510   451428008   4388   140333.168793
10506   451428008   4388   140211.358479
11995   451428008   4388   140089.709266
11629   451428008   4388   139968.320696
12156   451428008   4388   139847.913555
12229   451428008   4388   139726.923001
14725   451428008   4388   139606.116385
15862   451428008   4388   139485.671139
12615   451428008   4388   139366.230053
18265   451428008   4388   139246.829330
9493   451428008   4388   139126.952644
9819   451428008   4388   139007.312992
13231   451428008   4388   138888.698848
9664   451428008   4388   138769.656045
9693   451428008   4388   138650.678695
11971   451428008   4388   138531.930175
19499   451428008   4388   138413.828538
10764   451428008   4388   138296.765196
10080   451428008   4388   138178.735829
18260   451428008   4388   138060.790170
15347   451428008   4388   137943.064584
12019   451428008   4388   137826.054715
44494   451428008   4388   137708.911776
13042   451428008   4388   137591.957882
9228   451428008   4388   137473.789509
12854   451428008   4388   137358.443561
15432   451428008   4388   137242.241123
17534   451428008   4388   137126.170579
13844   451428008   4388   137010.341001
12076   451428008   4388   136895.684362
9972   451428008   4388   136780.244602
26310   451428008   4388   136665.250115
11072   451428008   4388   136550.290775
10711   451428008   4388   136437.113017
9779   451428008   4388   136326.987348
9605   451428008   4388   136212.691829
10658   451428008   4388   136098.888890
11399   451428008   4388   135986.560787
10038   451428008   4388   135873.072919
13942   451428008   4388   135759.471916
14925   451428008   4388   135646.142029
18770   451428008   4388   135534.100710
14926   451428008   4388   135421.546235
24249   451428008   4388   135308.830515
9475   451428008   4388   135196.257786
10181   451428008   4388   135085.022879
10353   451428008   4388   134973.042292
9769   451428008   4388   134861.099487
10785   451428008   4388   134749.489260
29520   451428008   4388   134639.357559
15136   451428008   4388   134528.202280
14975   451428008   4388   134417.215639
11717   451428008   4388   134306.296530
13486   451428008   4388   134196.860671
16230   451428008   4388   134086.326393
12244   451428008   4388   133975.978704
17156   451428008   4388   133867.086793
14825   451428008   4388   133757.953375
9712   451428008   4388   133648.590169
12486   451428008   4388   133539.192302
9549   451428008   4388   133429.862026
11158   451428008   4388   133321.287550
9812   451428008   4388   133212.442380
10407   451428008   4388   133103.768036
12125   451428008   4388   132995.195252
12106   451428008   4388   132887.587734
11073   451428008   4388   132779.987423
11051   451428008   4388   132672.107924
10286   451428008   4388   132564.370880
18235   451428008   4388   132457.332969
17193   451428008   4388   132350.487830
18777   451428008   4388   132243.420844
14801   451428008   4388   132136.384647
13448   451428008   4388   132030.162341
10732   451428008   4388   131924.710131
11513   451428008   4388   131818.403254
9694   451428008   4388   131712.210909
9927   451428008   4388   131606.286679
10639   451428008   4388   131501.528934
13213   451428008   4388   131396.072391
11669   451428008   4388   131290.700731
9139   451428008   4388   131185.562948
10528   451428008   4388   131081.746133
10939   451428008   4388   130976.904245
13193   451428008   4388   130872.233988
12714   451428008   4388   130767.775359
12862   451428008   4388   130664.399838
13589   451428008   4388   130560.285419
11761   451428008   4388   130456.420011
10916   451428008   4388   130352.666174
10022   451428008   4388   130250.488592
12222   451428008   4388   130147.191688
10374   451428008   4388   130044.192510
9649   451428008   4388   129941.174787
10151   451428008   4388   129838.689063
11921   451428008   4388   129736.026189
10299   451428008   4388   129633.452945
11524   451428008   4388   129531.224636
10050   451428008   4388   129430.053647
14770   451428008   4388   129328.125848
12769   451428008   4388   129226.358205
16912   451428008   4388   129124.679126
10863   451428008   4388   129024.186919
11748   451428008   4388   128922.923352
10888   451428008   4388   128822.022035
10780   451428008   4388   128721.137860
13062   451428008   4388   128621.463737
10359   451428008   4388   128521.345645
12146   451428008   4388   128420.941157
10473   451428008   4388   128320.671533
10251   451428008   4388   128221.258149
11698   451428008   4388   128121.432212
15546   451428008   4388   128021.766330
30961   451428008   4388   127922.123443
11848   451428008   4388   127823.470338
11142   451428008   4388   127725.111551
9711   451428008   4388   127626.160948
9548   451428008   4388   127527.496301
12788   451428008   4388   127429.420222
10105   451428008   4388   127331.466528
9131   451428008   4388   127233.163827
9720   451428008   4388   127135.180811
15170   451428008   4388   127037.484694
11193   451428008   4388   126940.697676
10372   451428008   4388   126843.101676
26761   451428008   4388   126745.549309
15380   451428008   4388   126648.457041
11870   451428008   4388   126552.234950
12510   451428008   4388   126455.201097
10807   451428008   4388   126358.283477
10084   451428008   4388   126261.775885
11697   451428008   4388   126166.493608
10052   451428008   4388   126070.164553
9493   451428008   4388   125974.036029
11027   451428008   4388   125878.040718
9793   451428008   4388   125783.103005
11046   451428008   4388   125687.423329
9794   451428008   4388   125591.836386
10413   451428008   4388   125496.433754
9715   451428008   4388   125402.253642
10603   451428008   4388   125307.270498
33188   451428008   4388   125212.357983
14872   451428008   4388   125117.589217
14051   451428008   4388   125023.959849
11236   451428008   4388   124929.614693
10362   451428008   4388   124835.317593
10024   451428008   4388   124741.301691
9801   451428008   4388   124649.112722
11300   451428008   4388   124555.523671
26987   451428008   4388   124461.847082
11384   451428008   4388   124368.327759
10462   451428008   4388   124276.094888
11080   451428008   4388   124182.955738
9853   451428008   4388   124090.066411
15539   451428008   4388   123997.175567
18780   451428008   4388   123905.361848
16021   451428008   4388   123814.401878
11356   451428008   4388   123722.092774
14154   451428008   4388   123630.209263
10806   451428008   4388   123539.783155
11981   451428008   4388   123447.879747
10538   451428008   4388   123455.643911
10544   451428008   4388   123606.468804
13524   451428008   4388   123564.398788
9778   451428008   4388   123473.271794
11691   451428008   4388   123381.881752
9819   451428008   4388   123290.509343
13581   451428008   4388   123199.964596
12440   451428008   4388   123109.001888
27169   451428008   4388   123018.089856
12103   451428008   4388   122927.396574
11275   451428008   4388   122837.241055
10917   451428008   4388   122747.800263
9914   451428008   4388   122657.510198
10196   451428008   4388   122567.323906
18469   451428008   4388   122477.780572
10160   451428008   4388   122388.086498
11093   451428008   4388   122298.493578
9336   451428008   4388   122209.079558
10087   451428008   4388   122119.877917
11341   451428008   4388   122031.334324
10479   451428008   4388   121942.202024
13552   451428008   4388   121853.129140
18133   451428008   4388   121764.598179
16203   451428008   4388   121676.954511
10287   451428008   4388   121588.424812
10211   451428008   4388   121499.992016
10045   451428008   4388   121411.849007
11891   451428008   4388   121324.863450
10356   451428008   4388   121236.962232
12332   451428008   4388   121149.137657
13112   451428008   4388   121061.449869
10080   451428008   4388   120974.914133
15151   451428008   4388   120887.517915
25567   451428008   4388   120800.227095
12535   451428008   4388   120713.079117
14723   451428008   4388   120627.024935
13059   451428008   4388   120540.218314
11981   451428008   4388   120453.458072
17940   451428008   4388   120366.827783
16687   451428008   4388   120281.526211
10489   451428008   4388   120195.262222
10507   451428008   4388   120109.156258
11820   451428008   4388   120023.124188
9578   451428008   4388   119938.870802
10155   451428008   4388   119853.177070
9624   451428008   4388   119767.619367
11336   451428008   4388   119682.142244
9718   451428008   4388   119597.937530
16307   451428008   4388   119512.740686
30255   451428008   4388   119427.634499
10707   451428008   4388   119342.570702
11388   451428008   4388   119258.944065
14008   451428008   4388   119174.282034
23294   451428008   4388   119089.984374
11031   451428008   4388   119005.552904
11316   451428008   4388   118922.151577
11592   451428008   4388   118838.078819
10840   451428008   4388   118754.216076
10729   451428008   4388   118670.340950
13733   451428008   4388   118587.435835
10340   451428008   4388   118504.194406
9117   451428008   4388   118420.772173
10961   451428008   4388   118337.468067
15243   451428008   4388   118254.909253
10154   451428008   4388   118172.267158
17858   451428008   4388   118089.689439
10743   451428008   4388   118007.071097
25325   451428008   4388   117925.176686
14681   451428008   4388   117843.397815
16194   451428008   4388   117760.901579
10506   451428008   4388   117678.528911
14369   451428008   4388   117596.793646
11737   451428008   4388   117515.195908
9392   451428008   4388   117433.230925
10717   451428008   4388   117351.287355
13735   451428008   4388   117269.936768
9894   451428008   4388   117189.651510
14655   451428008   4388   117108.256119
9330   451428008   4388   117026.892848
13143   451428008   4388   116945.671759
17123   451428008   4388   116865.074768
12361   451428008   4388   116784.111996
11723   451428008   4388   116703.235504
30629   451428008   4388   116622.521544
10250   451428008   4388   116542.911112
9859   451428008   4388   116462.558944
9726   451428008   4388   116382.195818
12717   451428008   4388   116301.951526
10422   451428008   4388   116223.086018
11059   451428008   4388   116143.164985
11269   451428008   4388   116063.295365
10786   451428008   4388   115983.561488
15024   451428008   4388   115905.336515
13392   451428008   4388   115825.930605
10164   451428008   4388   115746.521346
9626   451428008   4388   115667.278456
29497   451428008   4388   115589.849494
19251   451428008   4388   115510.857928
15391   451428008   4388   115432.003923
9734   451428008   4388   115353.236542
11302   451428008   4388   115275.665727
11718   451428008   4388   115197.110090
10468   451428008   4388   115118.775937
10142   451428008   4388   115040.461121
10224   451428008   4388   114963.159939
9933   451428008   4388   114885.165369
10327   451428008   4388   114807.201963
10012   451428008   4388   114729.490577
14316   451428008   4388   114652.494093
10531   451428008   4388   114575.596699
10224   451428008   4388   114498.165695
12507   451428008   4388   114420.775639
12408   451428008   4388   114344.201501
16127   451428008   4388   114267.048406
10543   451428008   4388   114190.301820
10008   451428008   4388   114113.441321
11887   451428008   4388   114037.163725
10721   451428008   4388   113961.443025
9721   451428008   4388   113884.853891
10992   451428008   4388   113808.384380
15551   451428008   4388   113732.492413
10326   451428008   4388   113656.810899
11564   451428008   4388   113580.753931
11346   451428008   4388   113504.795405
11146   451428008   4388   113429.284322
9536   451428008   4388   113354.597872
13646   451428008   4388   113279.081285
14713   451428008   4388   113203.490693
14911   451428008   4388   113128.394299
11345   451428008   4388   113053.493271
10056   451428008   4388   112978.396588
9802   451428008   4388   112903.518574
13277   451428008   4388   112828.638887
10584   451428008   4388   112755.333108
9834   451428008   4388   112680.621602
10033   451428008   4388   112605.956284
10444   451428008   4388   112531.452663
9975   451428008   4388   112457.962549
14370   451428008   4388   112383.843519
15510   451428008   4388   112309.647827
14913   451428008   4388   112235.526889
16526   451428008   4388   112162.506972
10515   451428008   4388   112088.655196
10426   451428008   4388   112014.809118
11066   451428008   4388   111941.148682
10823   451428008   4388   111868.333608
9698   451428008   4388   111794.951583
10330   451428008   4388   111721.579585
11581   451428008   4388   111648.324316
10672   451428008   4388   111576.062867
13911   451428008   4388   111503.120111
10076   451428008   4388   111430.217797
15861   451428008   4388   111357.411676
17125   451428008   4388   111285.593202
18032   451428008   4388   111213.024975
14050   451428008   4388   111140.480065
18025   451428008   4388   111068.035985
12319   451428008   4388   110996.735899
9618   451428008   4388   110924.933878
11667   451428008   4388   110852.926675
11398   451428008   4388   110780.996795
10578   451428008   4388   110710.032094
10258   451428008   4388   110638.330644
10274   451428008   4388   110566.691818
11662   451428008   4388   110495.161795
12931   451428008   4388   110424.351432
11581   451428008   4388   110353.561896
10096   451428008   4388   110282.431700
18428   451428008   4388   110211.261552
10436   451428008   4388   110140.759432
24972   451428008   4388   110069.919672
35503   451428008   4388   109999.085458
10889   451428008   4388   109928.394344
13748   451428008   4388   109858.267913
11439   451428008   4388   109788.422436
9980   451428008   4388   109718.339361
9700   451428008   4388   109648.084146
15852   451428008   4388   109578.138347
10896   451428008   4388   109508.724570
15962   451428008   4388   109438.716362
15757   451428008   4388   109368.807777
14546   451428008   4388   109299.182577
12640   451428008   4388   109230.620044
21406   451428008   4388   109160.840564
11264   451428008   4388   109091.194025
9607   451428008   4388   109021.802730
10725   451428008   4388   108953.102923
10582   451428008   4388   108883.990865
12099   451428008   4388   108814.894110
16041   451428008   4388   108746.034700
10793   451428008   4388   108678.519367
11662   451428008   4388   108609.854245
10585   451428008   4388   108541.096602
9794   451428008   4388   108472.510045
10524   451428008   4388   108404.932954
12716   451428008   4388   108336.492976
12421   451428008   4388   108269.370937
10627   451428008   4388   108201.170168
11722   451428008   4388   108134.489054
10898   451428008   4388   108066.494297
9967   451428008   4388   107998.688943
11041   451428008   4388   107930.866862
10187   451428008   4388   107864.066387
10227   451428008   4388   107796.520263
10285   451428008   4388   107728.971562
10614   451428008   4388   107661.524143
10980   451428008   4388   107595.020946
10291   451428008   4388   107527.809488
12461   451428008   4388   107460.627167
18103   451428008   4388   107393.558835
14385   451428008   4388   107327.210396
11794   451428008   4388   107260.355718
9445   451428008   4388   107193.583002
10677   451428008   4388   107126.906609
15470   451428008   4388   107061.341766
12131   451428008   4388   106994.997441
11530   451428008   4388   106928.625509
11560   451428008   4388   106862.454543
9866   451428008   4388   106797.116491
10911   451428008   4388   106731.110843
11630   451428008   4388   106665.283316
11739   451428008   4388   106599.334856
8782   451428008   4388   106533.957171
16668   451428008   4388   106468.924502
14963   451428008   4388   106403.223541
10411   451428008   4388   106337.625356
12491   451428008   4388   106272.931879
9822   451428008   4388   106207.680512
9122   451428008   4388   106142.391607
11908   451428008   4388   106077.153434
15508   451428008   4388   106012.691826
10456   451428008   4388   105948.457372
11848   451428008   4388   105883.511293
10307   451428008   4388   105818.670216
17138   451428008   4388   105754.101495
11002   451428008   4388   105689.920437
9894   451428008   4388   105625.569212
15138   451428008   4388   105561.068039
12720   451428008   4388   105496.811781
11580   451428008   4388   105433.520868
12186   451428008   4388   105369.290306
10204   451428008   4388   105305.104203
10282   451428008   4388   105241.083457
11482   451428008   4388   105177.845116
10595   451428008   4388   105113.967638
9342   451428008   4388   105050.190390
10676   451428008   4388   104986.544051
10500   451428008   4388   104924.353837
10154   451428008   4388   104860.831343
9866   451428008   4388   104797.338711
10762   451428008   4388   104733.926544
10674   451428008   4388   104671.733341
9585   451428008   4388   104608.620674
16443   451428008   4388   104545.557244
12253   451428008   4388   104482.494310
10532   451428008   4388   104420.628307
11303   451428008   4388   104357.825395
12557   451428008   4388   104295.140503
9603   451428008   4388   104232.377130
10849   451428008   4388   104170.739977
10184   451428008   4388   104108.280511
12088   451428008   4388   104045.871115
10482   451428008   4388   103983.537736
9844   451428008   4388   103922.387329
10120   451428008   4388   103859.869212
10250   451428008   4388   103797.748037
15970   451428008   4388   103735.721545
14558   451428008   4388   103674.631047
15493   451428008   4388   103612.793834
13469   451428008   4388   103551.004136
9829   451428008   4388   103489.321276
12131   451428008   4388   103428.457972
11304   451428008   4388   103367.371763
9901   451428008   4388   103306.034810
13537   451428008   4388   103244.650362
10046   451428008   4388   103184.293817
11016   451428008   4388   103123.206995
12657   451428008   4388   103062.128910
9891   451428008   4388   103001.104281
14261   451428008   4388   102940.726057
17932   451428008   4388   102880.203760
28097   451428008   4388   102819.481291
14473   451428008   4388   102758.800274
16538   451428008   4388   102698.775168
9482   451428008   4388   102638.507344
10461   451428008   4388   102578.112520
10466   451428008   4388   102517.816290
10048   451428008   4388   102458.160121
11573   451428008   4388   102398.832640
11416   451428008   4388   102338.805102
10527   451428008   4388   102278.745284
9014   451428008   4388   102219.000730
11425   451428008   4388   102159.427535
25872   451428008   4388   102099.747249
15129   451428008   4388   102039.988650
14994   451428008   4388   101980.579172
13616   451428008   4388   101922.045397
9760   451428008   4388   101862.832481
9969   451428008   4388   101803.406387
15549   451428008   4388   101744.294607
10784   451428008   4388   101844.847998
11986   451428008   4388   102020.976439
10740   451428008   4388   102000.961375
11646   451428008   4388   101941.765358
9935   451428008   4388   101883.877241
9750   451428008   4388   101824.840400
10799   451428008   4388   101765.751686
9683   451428008   4388   101706.889487
11884   451428008   4388   101648.663537
12698   451428008   4388   101589.970257
16098   451428008   4388   101531.308982
10100   451428008   4388   101472.729499
10544   451428008   4388   101415.750416
11554   451428008   4388   101357.375765
10336   451428008   4388   101298.956111
10841   451428008   4388   101240.660158
9592   451428008   4388   101183.373461
38880   451428008   4388   101125.268612
9751   451428008   4388   101067.172613
10288   451428008   4388   101009.199042
16762   451428008   4388   100952.382425
13866   451428008   4388   100894.504971
12101   451428008   4388   100836.714183
12881   451428008   4388   100779.005142
18332   451428008   4388   100722.257991
10432   451428008   4388   100664.759864
9903   451428008   4388   100607.251676
10079   451428008   4388   100549.888172
14419   451428008   4388   100493.464391
9775   451428008   4388   100436.503350
11295   451428008   4388   100379.378503
11614   451428008   4388   100322.196160
10933   451428008   4388   100265.710812
9707   451428008   4388   100208.698208
9712   451428008   4388   100151.812522
11063   451428008   4388   100094.968059
13314   451428008   4388   100038.846970
27163   451428008   4388   99982.442604
13155   451428008   4388   99925.890763
16720   451428008   4388   99869.366635
12410   451428008   4388   99813.291113
10475   451428008   4388   99757.000194
9750   451428008   4388   99700.738245
24916   451428008   4388   99644.479174
11143   451428008   4388   99588.730648
9957   451428008   4388   99533.162731
9854   451428008   4388   99477.212072
12314   451428008   4388   99421.348152
15256   451428008   4388   99365.643100
9493   451428008   4388   99310.409584
10376   451428008   4388   99254.706372
14982   451428008   4388   99199.028541
12507   451428008   4388   99143.604112
15408   451428008   4388   99088.787907
13289   451428008   4388   99033.342869
9934   451428008   4388   98977.924005
11121   451428008   4388   98922.658528
10795   451428008   4388   98868.152316
10005   451428008   4388   98812.999316
10856   451428008   4388   98757.865052
12946   451428008   4388   98702.848111
11445   451428008   4388   98648.512240
13666   451428008   4388   98593.692877
10279   451428008   4388   98538.885309
9978   451428008   4388   98484.115618
23722   451428008   4388   98430.258048
13313   451428008   4388   98375.658203
13999   451428008   4388   98321.064003
15107   451428008   4388   98266.521623
19534   451428008   4388   98213.091334
11158   451428008   4388   98158.768399
10632   451428008   4388   98104.512722
9819   451428008   4388   98050.307005
9900   451428008   4388   97997.074730
9922   451428008   4388   97943.064688
10467   451428008   4388   97889.105865
10617   451428008   4388   97835.176150
9874   451428008   4388   97781.919920
9409   451428008   4388   97728.152892
11279   451428008   4388   97674.469458
11100   451428008   4388   97620.768453
13725   451428008   4388   97567.879160
10127   451428008   4388   97514.355014
12526   451428008   4388   97460.888902
22404   451428008   4388   97407.446629
15940   451428008   4388   97354.772316
11148   451428008   4388   97301.641315
10965   451428008   4388   97248.519400
10885   451428008   4388   97195.388276
17742   451428008   4388   97143.102362
11421   451428008   4388   97090.201234
9651   451428008   4388   97037.277300
14959   451428008   4388   96984.376470
10518   451428008   4388   96931.965050
9316   451428008   4388   96880.074900
10451   451428008   4388   96827.441662
9453   451428008   4388   96774.884855
13371   451428008   4388   96722.742857
13718   451428008   4388   96671.328364
12793   451428008   4388   96619.079044
12524   451428008   4388   96566.746467
11933   451428008   4388   96514.728975
10836   451428008   4388   96463.415729
10356   451428008   4388   96411.317103
10536   451428008   4388   96359.198012
16460   451428008   4388   96307.270919
9500   451428008   4388   96256.086790
10254   451428008   4388   96204.264303
11998   451428008   4388   96152.718432
50055   451428008   4388   96101.016063
11709   451428008   4388   96050.161153
13829   451428008   4388   95998.585560
14306   451428008   4388   95946.993287
12489   451428008   4388   95895.444503
9223   451428008   4388   95844.774963
10325   451428008   4388   95793.423449
9550   451428008   4388   95742.167191
11560   451428008   4388   95690.928072
11077   451428008   4388   95640.678199
10875   451428008   4388   95589.637403
10065   451428008   4388   95538.553179
9869   451428008   4388   95487.533574
11551   451428008   4388   95437.234701
10428   451428008   4388   95386.428638
10660   451428008   4388   95335.593841
15997   451428008   4388   95284.934071
12073   451428008   4388   95235.120453
18060   451428008   4388   95184.374791
9908   451428008   4388   95133.812511
12510   451428008   4388   95083.289805
11165   451428008   4388   95033.486259
11075   451428008   4388   94983.179273
10859   451428008   4388   94932.855275
10319   451428008   4388   94882.569714
17119   451428008   4388   94833.195606
12406   451428008   4388   94783.234758
10094   451428008   4388   94733.207432
15784   451428008   4388   94683.200479
18481   451428008   4388   94633.936012
23797   451428008   4388   94584.007761
13693   451428008   4388   94534.201307
10498   451428008   4388   94484.467166
19558   451428008   4388   94435.217127
10189   451428008   4388   94386.166910
10897   451428008   4388   94336.590580
9464   451428008   4388   94287.129757
13324   451428008   4388   94237.955976
11748   451428008   4388   94188.788985
9931   451428008   4388   94139.505262
11132   451428008   4388   94090.240148
45069   451428008   4388   94041.392412
15613   451428008   4388   93993.083878
10535   451428008   4388   93944.022913
17354   451428008   4388   93894.946389
12061   451428008   4388   93845.906277
14957   451428008   4388   93797.265767
15941   451428008   4388   93748.408422
10569   451428008   4388   93699.568051
14594   451428008   4388   93650.939772
10409   451428008   4388   93603.155099
9592   451428008   4388   93554.524671
10830   451428008   4388   93505.932937
10618   451428008   4388   93457.422653
17341   451428008   4388   93409.602824
17347   451428008   4388   93361.168660
44204   451428008   4388   93312.826450
16094   451428008   4388   93264.472589
20441   451428008   4388   93217.193787
15053   451428008   4388   93169.060142
18022   451428008   4388   93121.049383
10085   451428008   4388   93072.905294
10164   451428008   4388   93025.681297
9965   451428008   4388   92977.712514
13313   451428008   4388   92929.737806
10819   451428008   4388   92881.915153
10643   451428008   4388   92834.806364
11210   451428008   4388   92787.144414
9804   451428008   4388   92739.489957
10779   451428008   4388   92691.750815
10630   451428008   4388   92644.669779
9953   451428008   4388   92597.242876
15832   451428008   4388   92549.785486
14115   451428008   4388   92502.310935
14539   451428008   4388   92455.859902
15229   451428008   4388   92408.511639
12139   451428008   4388   92361.292135
10390   451428008   4388   92314.114512
11360   451428008   4388   92267.755802
9502   451428008   4388   92220.686892
11578   451428008   4388   92173.667441
10970   451428008   4388   92126.644765
12392   451428008   4388   92080.432515
10793   451428008   4388   92033.757688
10266   451428008   4388   91987.042652
10366   451428008   4388   91940.235330
18242   451428008   4388   91894.065435
10563   451428008   4388   91847.489822
14761   451428008   4388   91800.940592
21316   451428008   4388   91754.354588
13208   451428008   4388   91708.205848
11668   451428008   4388   91662.512389
10906   451428008   4388   91617.057611
10549   451428008   4388   91570.774110
13559   451428008   4388   91524.627825
12061   451428008   4388   91478.955241
10614   451428008   4388   91432.811705
11135   451428008   4388   91386.682165
13430   451428008   4388   91340.758312
11497   451428008   4388   91295.400601
14143   451428008   4388   91249.501593
10134   451428008   4388   91203.593974
10170   451428008   4388   91157.872417
9787   451428008   4388   91112.566849
14250   451428008   4388   91066.811584
38532   451428008   4388   91021.077502
12122   451428008   4388   90975.475941
12297   451428008   4388   90930.465349
10409   451428008   4388   90884.899891
10274   451428008   4388   90839.499765
10665   451428008   4388   90794.162660
11738   451428008   4388   90749.460974
9650   451428008   4388   90704.302868
9091   451428008   4388   90659.053752
10079   451428008   4388   90613.886951
9837   451428008   4388   90569.492915
12283   451428008   4388   90524.456610
10264   451428008   4388   90479.361285
15560   451428008   4388   90434.422610
24667   451428008   4388   90390.130772
27119   451428008   4388   90345.199185
10554   451428008   4388   90300.509966
9193   451428008   4388   90255.760206
10557   451428008   4388   90212.033576
10383   451428008   4388   90167.373131
11680   451428008   4388   90122.753499
11615   451428008   4388   90078.212544
10799   451428008   4388   90034.514819
10659   451428008   4388   89990.073137
10328   451428008   4388   89945.660770
10429   451428008   4388   89901.288741
12887   451428008   4388   89857.419244
11929   451428008   4388   89813.350813
10234   451428008   4388   89769.170465
14797   451428008   4388   89725.014988
21007   451428008   4388   89681.530182
9773   451428008   4388   89637.496833
11176   451428008   4388   89593.478410
9140   451428008   4388   89549.523488
21232   451428008   4388   89506.059784
10318   451428008   4388   89462.750419
10846   451428008   4388   89419.018026
10540   451428008   4388   89375.257421
16935   451428008   4388   89332.028004
10564   451428008   4388   89288.704641
10807   451428008   4388   89245.049986
10881   451428008   4388   89201.493963
14998   451428008   4388   89158.201305
13317   451428008   4388   89115.488452
11487   451428008   4388   89072.053693
11451   451428008   4388   89028.655549
14157   451428008   4388   88985.560213
9499   451428008   4388   88942.526822
9588   451428008   4388   88899.395683
10441   451428008   4388   88856.264927
14761   451428008   4388   88813.392296
10404   451428008   4388   88771.142651
9080   451428008   4388   88728.196577
10104   451428008   4388   88685.249970
9994   451428008   4388   88642.354175
20726   451428008   4388   88600.290700
16269   451428008   4388   88557.489351
14948   451428008   4388   88514.682346
19052   451428008   4388   88471.973436
13676   451428008   4388   88430.098922
9535   451428008   4388   88387.439649
12502   451428008   4388   88344.805648
12627   451428008   4388   88302.245059
10649   451428008   4388   88260.471839
9732   451428008   4388   88218.046649
11209   451428008   4388   88175.636664
10073   451428008   4388   88133.309491
10849   451428008   4388   88092.085379
11781   451428008   4388   88049.847300
37171   451428008   4388   88007.736987
14619   451428008   4388   87965.593889
9615   451428008   4388   87923.923742
15284   451428008   4388   87881.967487
16172   451428008   4388   87839.991978
14535   451428008   4388   87797.998562
14236   451428008   4388   87756.995982
11374   451428008   4388   87715.269878
9871   451428008   4388   87673.619081
