11,26
11,26
11,2
11,26
11,02
11,23
11,5
11,53
11,02
10,99
11,29
11,29
11,29
10,81
11,29
11,29
11,29
11,29
11,29
11,29
11,32
11,32
11,56
11,05
11,29
11,29
11,32
11,53
11,29
11,56
11,56
11,29
11,56
11,29
11,53
11,29
11,29
11,32
11,05
11,53
11,53
11,29
11,53
11,56
11,29
11,53
11,56
11,29
11,56
11,59
11,59
11,83
11,83
11,32
11,56
11,56
11,32
11,53
11,53
11,05
11,29
11,56
11,32
11,56
11,59
11,59
11,59
11,56
11,32
11,32
11,56
11,8
11,29
11,53
11,56
11,32
11,56
11,56
11,29
11,32
11,56
11,29
11,32
11,56
11,29
11,29
11,56
11,29
11,56
11,32
11,53
11,29
11,56
11,32
11,56
11,32
11,32
11,53
11,56
11,56
11,56
11,32
11,32
11,56
11,56
11,53
11,29
11,56
11,29
11,56
11,32
11,53
11,32
11,53
11,32
11,53
11,29
11,32
11,53
11,32
11,53
11,56
11,56
11,53
11,53
11,32
11,32
11,32
11,32
11,56
11,29
11,56
11,56
11,53
11,08
11,8
11,56
11,8
11,56
11,29
11,29
11,29
11,05
11,32
11,32
11,56
11,56
11,29
11,56
11,56
11,56
11,32
11,56
11,32
11,56
11,32
11,53
11,32
11,53
11,32
11,56
11,29
11,32
11,53
11,56
11,05
11,56
11,53
11,05
11,53
11,53
11,32
11,32
11,53
11,56
11,29
11,53
11,56
11,29
11,32
11,53
11,56
11,32
11,05
11,32
11,53
11,56
11,29
11,53
11,53
11,29
11,53
11,05
11,56
11,29
11,29
11,53
11,56
11,29
11,32
11,53
11,53
11,32
11,56
11,53
11,56
11,29
11,56
11,56
11,32
11,56
11,32
11,56
11,56
11,53
11,56
11,32
11,56
