100
100
100
100
99,15
100
100
100
100
100
100
100
100
100
100
100
100
100
100
100
98,88
97,51
100
95,93
100
100
100
100
99,74
100
98,61
96,7
95,49
95,97
94,41
97,74
87,71
12,32
11,28
12,65
12,12
12,05
31,93
32,25
26,9
23,42
18,05
11,4
11,18
10,4
9,17
10,86
8,86
9,14
8,88
9,97
8,83
7,74
8,88
90,86
21,29
26,35
25,21
24,64
24,29
34,75
29,89
35,13
30,03
32,2
32,6
30,23
30,34
29,89
29,49
35,21
29,3
32,04
37,15
43,02
29,86
29,46
29,44
28,57
32,96
28,49
29,33
27,81
31,36
26,4
25,78
29,55
30,47
28,13
28,61
27,84
30,64
29,89
28,57
29,17
28,09
28,53
29,18
38,66
28,29
29,46
29,34
29,1
27,71
28,25
30
30,11
28,17
29,21
28,29
30,53
37,88
29,41
28,45
27,43
29,05
27,2
28,45
29,94
28,65
27,68
30,83
28,86
40,74
29,25
26
27,79
29,13
30,94
30,66
29,05
28,08
28,17
30,45
29,3
29,18
29,13
27,86
29,49
26,35
31,49
29,81
28,25
28,21
27,61
28,09
28,29
27,4
34,75
28,77
26,7
30,59
27,68
30,58
33,99
28,9
29,41
30,28
34,64
29,94
40,38
29,01
29,21
29,78
30,45
31,28
30,42
29,3
30,25
31,58
29,72
28,98
28,73
37,94
32,15
28,65
29,02
29,55
33,61
29,81
29,83
29,75
31,13
30,08
29,61
39,78
26,84
29,58
26,2
30,92
29,41
26,36
28,89
30,92
27,4
29,36
31,13
38,81
34,99
27,53
27,56
29,94
28,53
29,09
29,55
26,36
27,76
28,09
28,73
28,73
30,36
27,84
34,38
28,37
28,77
28,61
29,18
28,93
28,9
