Act   Max   Min   Avg
0   0   0   -nan
14124   4826071   8825   111243.439356
13181   4826071   8825   63352.975164
14914   4826071   8825   49959.437119
11928   539894004   8825   44150646.966592
12199   539894004   8825   58111300.780911
13406   539894004   8825   48512019.546985
23193   539894004   8825   41593693.456858
14599   539894004   8825   36381111.519042
15579   539894004   8825   32355899.864982
12910   539894004   8825   29126855.612437
13301   539894004   8825   26484091.294341
14676   539894004   8825   24281234.845534
12392   539894004   8825   22416819.849428
15514   539894004   8825   20814728.974307
11703   539894004   8825   19413824.015680
13286   539894004   8825   18219138.000125
14789   539894004   8825   17265506.085326
17797   539894004   8781   16383174.663509
12956   539894004   8781   15570872.236307
13742   539894004   8714   14875649.146706
13714   539894004   4849   14236245.934540
13733   539894004   4849   13604729.962723
13636   539894004   4849   13011598.990045
30388   539894004   4849   12471263.091646
8470   539894004   4849   11974214.493134
8728   539894004   4849   11514825.809314
12432   539894004   4849   11089369.317207
8872   539894004   4849   10694357.717646
7823   539894004   4849   10355302.696860
16161   539894004   4849   10010992.222031
13582   539894004   4849   9695562.412099
8597   539894004   4849   9422947.935187
8971   539894004   4849   9146947.444165
8917   539894004   4849   8887117.935429
26345   539894004   4849   8661234.789776
8239   539894004   4849   8432467.277184
8376   539894004   4849   8206098.806039
8632   539894004   4849   7991608.051767
9884   539894004   4849   7790501.578689
8644   539894004   4849   7596288.126414
10079   539894004   4849   7417789.948374
485936   539894004   4849   7251233.529087
15812   539894004   4849   7088169.357268
24519   539894004   4849   6927478.361198
11652   539894004   4849   6773921.087582
11784   539894004   4849   6627133.790668
12214   539894004   4849   6486576.283304
8601   539894004   4849   6351801.787766
12445   539894004   4849   6222507.302498
8661   539894004   4849   6098367.261064
13060   539894004   4849   5979104.502747
32672   539894004   4849   5873091.251274
9545   539894004   4849   5762581.564109
9635   539894004   4849   5656175.213579
9485   539894004   4849   5553631.518407
12358   539894004   4849   5454729.185265
12969   539894004   4849   5359302.340089
19210   539894004   4849   5267178.316990
13573   539894004   4849   5178208.197835
9456   539894004   4849   5092310.668935
8948   539894004   4849   5009045.085121
8765   539894004   4849   4928465.518720
8397   539894004   4849   4850450.285334
13102   539894004   4849   4774886.668475
8655   539894004   4849   4701661.350609
22525   539894004   4849   4630638.949114
11250   539894004   4849   4561753.809985
13086   539894004   4849   4494873.321632
10255   539894004   4849   4429949.276590
8587   539894004   4849   4366873.445285
8500   539894004   4849   4305546.633020
8750   539894004   4849   4245909.750226
8604   539894004   4849   4187904.080248
8684   539894004   4849   4131467.633401
9954   539894004   4849   4076541.513422
9291   539894004   4849   4023054.633300
17492   539894004   4849   3970969.973207
12623   539894004   4849   3918995.062598
10412   539894004   4849   3869614.038233
13479   539894004   4849   3821069.013553
11478   539894004   4849   3774128.349145
12506   539894004   4849   3727836.628535
13514   539894004   4849   3683142.637367
14650   539894004   4849   3639252.770433
24080   539894004   4849   3596087.707063
22537   539894004   4849   3553835.976306
13996   539894004   4849   3513243.303964
12103   539894004   4849   3473526.533800
13317   539894004   4849   3434728.991793
34878   539894004   4849   3396318.677163
11571   539894004   4849   3359198.057025
34656   539894004   4849   3322746.905409
11910   539894004   4849   3287175.760758
11390   539894004   4849   3252392.748231
12588   539894004   4849   3218331.687932
12126   539894004   4849   3184993.552709
22150   539894004   4849   3152051.628114
24914   539894004   4849   3120087.273831
14580   539894004   4849   3089056.355047
14298   539894004   4849   3058338.816842
12565   539894004   4849   3028237.964014
12550   539894004   4849   2998728.649191
24982   539894004   4849   2969791.625714
11802   539894004   4849   2941415.007314
8810   539894004   4849   2913577.046804
13347   539894004   4849   2886197.571734
12505   539894004   4849   2859387.527752
14229   539894004   4849   2833186.337991
12421   539894004   4849   2807350.020636
12383   539894004   4849   2781996.762560
14831   539894004   4849   2756976.124077
9358   539894004   4849   2732495.722186
8463   539894004   4849   2708434.624685
13346   539894004   4849   2684893.906522
8749   539894004   4849   2661847.808525
10179   539894004   4849   2639039.554630
8859   539894004   4849   2616624.426027
9322   539894004   4849   2594571.780924
8963   539894004   4849   2572895.015990
8925   539894004   4849   2551579.425328
9291   539894004   4849   2530615.190254
9040   539894004   4849   2509991.938047
8894   539894004   4849   2489693.536970
12170   539894004   4849   2469744.895597
8754   539894004   4849   2450302.461806
16800   539894004   4849   2430965.778768
9558   539894004   4849   2411935.005878
9934   539894004   4849   2393206.923562
10101   539894004   4849   2374911.206738
8919   539894004   4849   2356754.836499
8913   539894004   4849   2338873.874672
8766   539894004   4849   2321260.596183
8854   539894004   4849   2303910.890667
8742   539894004   4849   2286820.991491
9201   539894004   4849   2269990.908671
8845   539894004   4849   2253404.773966
8925   539894004   4849   2237059.161781
8731   539894004   4849   2220953.500442
12997   539894004   4849   2205091.159779
8752   539894004   4849   2189455.077811
14632   539894004   4849   2174031.775327
14400   539894004   4849   2158825.335695
10543   539894004   4849   2143829.320008
16131   539894004   4849   2129034.449965
8892   539894004   4849   2114439.472717
9309   539894004   4849   2100048.833895
11383   539894004   4849   2085853.914341
11005   539894004   4849   2071859.367535
13037   539894004   4849   2058039.969618
11338   539894004   4849   2044419.442959
11166   539894004   4849   2030974.025783
8756   539894004   4849   2017698.617518
43361   539894004   4849   2004601.061159
11299   539894004   4849   1991690.026958
13542   539894004   4849   1978948.928549
10133   539894004   4849   1966370.200710
16703   539894004   4849   1953949.587571
15975   539894004   4849   1941675.784442
13710   539894004   4849   1929568.404320
12949   539894004   4849   1917740.249391
11582   539894004   4849   1905929.373752
13022   539894004   4849   1894259.745071
12912   539894004   4849   1882740.812603
14497   539894004   4849   1871353.251568
12519   539894004   4849   1860109.585705
13182   539894004   4849   1849003.159323
13017   539894004   4849   1838029.943595
22733   539894004   4849   1827185.095636
13727   539894004   4849   1816465.447575
11505   539894004   4849   1805915.524587
15064   539894004   4849   1795447.055463
19622   539894004   4849   1785102.114192
13237   539894004   4849   1774870.607755
12731   539894004   4849   1764761.666227
16485   539894004   4849   1754761.980932
13258   539894004   4849   1744888.774364
13776   539894004   4849   1735123.634485
14587   539894004   4849   1725465.766854
11714   539894004   4849   1715915.795720
14064   539894004   4849   1706479.526566
14141   539894004   4849   1697135.865665
15924   539894004   4849   1687895.365239
8942   539894004   4849   1678761.875685
12996   539894004   4849   1669710.490130
8806   539894004   4849   1660772.342985
13200   539894004   4849   1651921.610708
17781   539894004   4849   1643158.398853
8874   539894004   4849   1634481.556812
8653   539894004   4849   1625894.943020
8969   539894004   4849   1617399.238078
8836   539894004   4849   1609010.615018
9242   539894004   4849   1600689.068426
8493   539894004   4849   1592452.351169
14793   539894004   4849   1584308.324566
12372   539894004   4849   1576248.064527
9101   539894004   4849   1568274.246352
9567   539894004   4849   1560372.794102
8891   539894004   4849   1552558.566471
15020   539894004   4849   1544893.993895
8698   539894004   4849   1537239.029766
8863   539894004   4849   1529653.129814
8755   539894004   4849   1522140.214593
8487   539894004   4849   1514698.955856
14648   539894004   4849   1507338.369563
12415   539894004   4849   1500049.305290
8683   539894004   4849   1492829.122468
14617   539894004   4849   1485677.395211
17064   539894004   4849   1478597.217812
22453   539894004   4849   1471654.071802
8708   539894004   4849   1464712.329883
11952   539894004   4849   1457835.304253
11734   539894004   4849   1451023.360109
11106   539894004   4849   1444273.677826
8588   539894004   4849   1437627.816224
8735   539894004   4849   1430998.964206
8726   539894004   4849   1424424.870943
9933   539894004   4849   1417912.492236
8799   539894004   4849   1411458.828659
10047   539894004   4849   1405071.324060
9179   539894004   4849   1398740.259712
11742   539894004   4849   1392467.752490
8754   539894004   4849   1386253.733168
10507   539894004   4849   1380095.152350
11796   539894004   4849   1373990.036204
8802   539894004   4849   1367942.785241
11636   539894004   4849   1361948.329246
15155   539894004   4849   1356001.694984
14332   539894004   4849   1350107.304672
8983   539894004   4849   1344265.741186
12549   539894004   4849   1338479.330819
13021   539894004   4849   1332742.397646
13156   539894004   4849   1327053.596639
22694   539894004   4849   1321415.190165
10850   539894004   4849   1315825.533597
8876   539894004   4849   1310276.648123
11532   539894004   4849   1304783.574384
8704   539894004   4849   1299329.558827
8865   539894004   4849   1293919.627753
18472   539894004   4849   1288611.195199
8781   539894004   4849   1283301.886494
8677   539894004   4849   1278024.349932
12456   539894004   4849   1272794.834403
12492   539894004   4849   1267614.116352
12993   539894004   4849   1262481.160904
13292   539894004   4849   1257380.482682
12543   539894004   4849   1252330.310991
10941   539894004   4849   1247309.513275
8573   539894004   4849   1242330.443780
14598   539894004   4849   1237402.449943
12000   539894004   4849   1232508.529329
8664   539894004   4849   1227644.120191
8599   539894004   4849   1222821.517827
8767   539894004   4849   1218037.277399
11747   539894004   4849   1213290.216504
8451   539894004   4849   1208576.586059
19170   539894004   4849   1203901.494417
9591   539894004   4849   1199266.417962
13166   539894004   4849   1194662.653224
8806   539894004   4849   1190099.117770
8675   539894004   4849   1185567.413775
8588   539894004   4849   1181073.732997
8732   539894004   4849   1176607.475528
9424   539894004   4849   1172182.546245
8666   539894004   4849   1167787.822285
8653   539894004   4849   1163430.540974
12056   539894004   4849   1159101.296153
19356   539894004   4849   1154815.361645
8728   539894004   4849   1150552.417444
8807   539894004   4849   1146324.738696
14120   539894004   4849   1142121.946561
12322   539894004   4849   1137957.305863
13433   539894004   4849   1133822.983345
8873   539894004   4849   1129716.423649
8746   539894004   4849   1125636.966918
8540   539894004   4849   1121595.980626
8469   539894004   4849   1117582.064349
8856   539894004   4849   1113591.880547
22000   539894004   4849   1109628.039212
8538   539894004   4849   1105700.675837
17897   539894004   4849   1101803.452338
8674   539894004   4849   1097926.476674
8826   539894004   4849   1094074.810983
19347   539894004   4849   1090261.098769
8781   539894004   4849   1086475.939185
8779   539894004   4849   1082707.533127
8816   539894004   4849   1078961.522136
38885   539894004   4849   1075252.722440
8671   539894004   4849   1071569.430294
9849   539894004   4849   1067903.919432
20179   539894004   4849   1064260.480728
31098   539894004   4849   1060652.863577
8811   539894004   4849   1057071.803171
8702   539894004   4849   1053506.658042
12336   539894004   4849   1049960.934862
8760   539894004   4849   1046448.638174
11659   539894004   4849   1042961.328546
9128   539894004   4849   1039492.865118
11491   539894004   4849   1036047.636809
10056   539894004   4849   1032628.679271
11492   539894004   4849   1029237.307013
8692   539894004   4849   1025860.819862
8598   539894004   4849   1022502.660907
8490   539894004   4849   1019171.712017
19376   539894004   4849   1015867.052918
8537   539894004   4849   1012577.667332
8714   539894004   4849   1009692.529752
11905   539894004   4849   1007219.453041
19784   539894004   4849   1004575.796220
8702   539894004   4849   1001367.661310
9167   539894004   4849   998177.819655
8523   539894004   4849   995009.406239
13708   539894004   4849   991869.002804
8972   539894004   4849   988738.451005
13576   539894004   4849   985629.416294
14529   539894004   4849   982622.237253
13273   539894004   4849   979614.641958
14107   539894004   4849   976565.842085
8791   539894004   4849   973535.579200
11846   539894004   4849   970524.393621
75757   539894004   4849   967506.446852
10831   539894004   4849   964533.030045
8659   539894004   4849   961577.140372
8868   539894004   4849   958640.970113
8631   539894004   4849   955725.407064
8801   539894004   4849   952824.440750
8879   539894004   4849   949940.427703
22111   539894004   4849   947077.487551
8636   539894004   4849   944229.576579
9894   539894004   4849   941396.558482
8641   539894004   4849   938579.333923
8637   539894004   4849   935782.094062
11899   539894004   4849   932996.006100
8539   539894004   4849   930233.333094
8558   539894004   4849   927482.999293
8679   539894004   4849   924746.836230
8404   539894004   4849   922026.621617
8665   539894004   4849   919325.456018
9801   539894004   4849   916637.863935
8491   539894004   4849   913965.035551
8540   539894004   4849   911307.824589
8593   539894004   4849   908670.459488
8640   539894004   4849   906046.589260
8933   539894004   4849   903435.206439
8528   539894004   4849   900839.859877
8587   539894004   4849   898261.439149
8814   539894004   4849   895699.332006
26668   539894004   4849   893148.426514
19743   539894004   4849   890611.994708
14800   539894004   4849   888093.704678
8649   539894004   4849   885589.797107
8861   539894004   4849   883094.344326
11887   539894004   4849   880612.772052
10587   539894004   4849   878151.049906
8622   539894004   4849   875700.336555
9089   539894004   4849   873259.903631
12864   539894004   4849   870833.396712
12318   539894004   4849   868423.687433
8470   539894004   4849   866029.427905
9121   539894004   4849   863643.182676
8407   539894004   4849   861270.236912
21311   539894004   4849   858912.973301
8489   539894004   4849   856568.299558
11641   539894004   4849   854234.282913
8592   539894004   4849   851913.319325
8979   539894004   4849   849604.894581
8589   539894004   4849   847312.450338
8781   539894004   4849   845028.846340
8501   539894004   4849   842757.694456
8524   539894004   4849   840498.674537
8518   539894004   4849   838254.076980
8735   539894004   4849   836019.441519
8515   539894004   4849   833796.865117
8509   539894004   4849   831585.987262
9157   539894004   4849   829391.461977
8354   539894004   4849   827204.494127
8459   539894004   4849   825028.731737
8355   539894004   4849   822864.380089
8249   539894004   4849   820713.294219
8465   539894004   4849   818571.531527
8426   539894004   4849   816441.121278
8419   539894004   4849   814321.770977
8224   539894004   4849   812217.083438
8407   539894004   4849   810119.955029
8383   539894004   4849   808033.768316
8345   539894004   4849   805958.494659
8403   539894004   4849   803895.862258
8375   539894004   4849   801841.964719
8568   539894004   4849   799798.536756
8506   539894004   4849   797765.613853
13227   539894004   4849   795745.147284
8925   539894004   4849   793734.825421
8428   539894004   4849   791732.978766
8361   539894004   4849   789741.344079
13888   539894004   4849   787760.543012
8754   539894004   4849   785790.566524
8442   539894004   4849   783829.107177
8639   539894004   4849   781877.004182
9901   539894004   4849   779935.852758
8649   539894004   4849   778008.258208
8721   539894004   4849   776085.920478
8482   539894004   4849   774172.983213
8503   539894004   4849   772269.550113
8447   539894004   4849   770377.893371
8543   539894004   4849   768493.363869
8428   539894004   4849   766618.064184
8335   539894004   4849   764752.057016
8494   539894004   4849   762899.648415
8710   539894004   4849   761052.040555
8497   539894004   4849   759213.488511
10745   539894004   4849   757383.666783
8820   539894004   4849   755564.805704
8547   539894004   4849   753752.843401
8389   539894004   4849   751949.629888
8445   539894004   4849   750155.096428
9960   539894004   4849   748359.673002
8670   539894004   4849   746582.579213
8620   539894004   4849   744814.017737
8512   539894004   4849   743053.703626
8541   539894004   4849   741303.751404
8625   539894004   4849   739560.338559
8506   539894004   4849   737825.151859
9147   539894004   4849   736098.106144
8581   539894004   4849   734380.742273
8440   539894004   4849   732671.967440
8705   539894004   4849   730969.269238
8602   539894004   4849   729274.783225
12365   539894004   4849   727589.525551
8684   539894004   4849   725911.125329
8507   539894004   4849   724240.257049
8410   539894004   4849   722576.977852
8737   539894004   4849   720922.446257
8622   539894004   4849   719277.672507
8555   539894004   4849   717637.453559
12543   539894004   4849   716007.626810
8677   539894004   4849   714386.429269
8660   539894004   4849   712776.293664
13238   539894004   4849   711172.814527
8733   539894004   4849   709577.810880
13727   539894004   4849   707990.226512
8883   539894004   4849   706411.398968
11641   539894004   4849   704838.671135
8638   539894004   4849   703266.142968
8685   539894004   4849   701700.707961
8524   539894004   4849   700144.222934
8553   539894004   4849   698592.645439
8720   539894004   4849   697048.465247
8553   539894004   4849   695511.218123
8500   539894004   4849   693984.637702
8443   539894004   4849   692462.335550
9127   539894004   4849   690946.227611
8384   539894004   4849   689436.571953
8575   539894004   4849   687935.403122
8415   539894004   4849   686439.054127
10272   539894004   4849   684949.655036
8781   539894004   4849   683467.034574
8806   539894004   4849   681993.059288
8530   539894004   4849   680525.130157
8555   539894004   4849   679061.207519
8721   539894004   4849   677603.584674
8571   539894004   4849   676152.363385
8765   539894004   4849   674709.255580
28239   539894004   4849   673270.641985
10630   539894004   4849   671838.264725
9503   539894004   4849   670412.443936
20354   539894004   4849   668995.303899
11461   539894004   4849   667581.321076
11821   539894004   4849   666174.038447
18138   539894004   4849   664772.865665
8925   539894004   4849   663380.154477
8507   539894004   4849   661992.468675
8656   539894004   4849   660608.693611
8769   539894004   4849   659230.624476
12656   539894004   4849   657862.155650
8726   539894004   4849   656496.749110
8860   539894004   4849   655136.893816
8871   539894004   4849   653782.920608
9149   539894004   4849   652436.110059
13567   539894004   4849   651093.015962
8860   539894004   4849   649755.441163
9025   539894004   4849   648423.528822
10618   539894004   4849   647099.828852
11819   539894004   4849   645779.435906
14231   539894004   4849   644464.150541
12804   539894004   4849   643154.200855
10798   539894004   4849   641849.871211
12753   539894004   4849   640552.462484
15065   539894004   4849   639258.701909
8893   539894004   4849   637970.079113
8521   539894004   4849   636688.048887
8934   539894004   4849   635411.674795
8626   539894004   4849   634138.885885
8684   539894004   4849   632871.263946
12059   539894004   4849   631609.020744
8851   539894004   4849   630352.691803
9112   539894004   4849   629100.397079
8955   539894004   4849   627853.164692
9294   539894004   4849   626611.417030
8775   539894004   4849   625376.923791
8888   539894004   4849   624144.591017
12278   539894004   4849   622916.942698
9947   539894004   4849   621696.310957
9596   539894004   4849   620480.497778
8880   539894004   4849   619267.737179
9117   539894004   4849   618059.701593
17367   539894004   4849   616856.330118
9258   539894004   4849   615660.404844
8964   539894004   4849   614466.733972
8756   539894004   4849   613277.474781
8772   539894004   4849   612092.845763
8839   539894004   4849   610914.685693
13057   539894004   4849   609739.528949
11196   539894004   4849   608568.835510
8785   539894004   4849   607402.717775
8563   539894004   4849   606243.898620
8642   539894004   4849   605087.009228
8779   539894004   4849   603934.363387
11458   539894004   4849   602788.478153
14557   539894004   4849   601650.189199
8986   539894004   4849   600511.662794
8919   539894004   4849   599376.770132
8666   539894004   4849   598246.070812
14163   539894004   4849   597120.862140
10000   539894004   4849   596000.915501
10408   539894004   4849   594883.374859
8864   539894004   4849   593769.916948
8541   539894004   4849   592660.968033
8505   539894004   4849   591557.672639
8721   539894004   4849   590456.979206
8874   539894004   4849   589360.312854
8706   539894004   4849   588268.109943
8650   539894004   4849   587182.584723
8685   539894004   4849   586098.395518
8956   539894004   4849   585018.257590
8537   539894004   4849   583942.114700
16468   539894004   4849   582871.669538
12623   539894004   4849   581803.704690
8591   539894004   4849   580739.488327
9060   539894004   4849   579679.385519
8678   539894004   4849   578625.857185
8898   539894004   4849   577573.611110
8648   539894004   4849   576525.200209
8701   539894004   4849   575480.620568
8920   539894004   4849   574441.427391
12637   539894004   4849   573404.560883
11274   539894004   4849   572371.570923
8648   539894004   4849   571342.396601
8783   539894004   4849   570318.695209
24320   539894004   4849   569297.617523
27851   539894004   4849   568279.416281
30557   539894004   4849   567264.981455
14013   539894004   4849   566255.846691
13453   539894004   4849   565248.865078
12431   539894004   4849   564245.501122
12791   539894004   4849   563245.765112
9978   539894004   4849   562250.594526
13005   539894004   4849   561259.552632
9163   539894004   4849   560270.506828
8610   539894004   4849   559285.204498
12127   539894004   4849   558303.667936
10448   539894004   4849   557326.031883
8585   539894004   4849   556350.893077
8752   539894004   4849   555379.376811
12425   539894004   4849   554411.562200
10194   539894004   4849   553449.142525
8701   539894004   4849   552487.938201
8659   539894004   4849   551530.114796
8666   539894004   4849   550575.679249
8577   539894004   4849   549626.299747
8832   539894004   4849   548678.617868
12376   539894004   4849   547734.078269
12169   539894004   4849   546792.849102
12508   539894004   4849   545857.491182
8770   539894004   4849   544923.015274
8755   539894004   4849   543991.578358
8782   539894004   4849   543063.512904
8766   539894004   4849   542140.052427
8828   539894004   4849   541218.590743
8936   539894004   4849   540300.094814
8829   539894004   4849   539384.817030
11679   539894004   4849   538474.343810
8772   539894004   4849   537566.723921
8755   539894004   4849   536660.917605
11726   539894004   4849   535758.034975
11532   539894004   4849   534859.772448
8761   539894004   4849   533963.243007
9171   539894004   4849   533069.648991
8728   539894004   4849   532179.082956
8952   539894004   4849   531292.687687
9021   539894004   4849   530409.768858
9073   539894004   4849   529528.202025
8692   539894004   4849   528649.658983
8875   539894004   4849   527774.261324
32211   539894004   4849   526903.178862
11903   539894004   4849   526033.566126
10841   539894004   4849   525166.846080
12785   539894004   4849   524303.335336
8713   539894004   4849   523444.596191
8522   539894004   4849   522586.672673
8320   539894004   4849   521731.450682
9892   539894004   4849   520879.016210
8791   539894004   4849   520031.020994
8609   539894004   4849   519186.458502
8530   539894004   4849   518342.499811
12024   539894004   4849   517501.340549
12205   539894004   4849   516665.459013
16081   539894004   4849   516022.589198
10055   539894004   4849   515673.886668
12549   539894004   4849   515229.943302
10048   539894004   4849   514402.418834
8642   539894004   4849   513576.107153
8685   539894004   4849   512752.332331
9028   539894004   4849   511931.266678
8575   539894004   4849   511115.268481
8607   539894004   4849   510299.631355
27226   539894004   4849   509486.567717
8742   539894004   4849   508676.051371
8631   539894004   4849   507869.379973
8846   539894004   4849   507064.187738
11648   539894004   4849   506261.611601
12648   539894004   4849   505461.600477
8610   539894004   4849   504665.309708
8946   539894004   4849   503871.860244
8666   539894004   4849   503079.648021
8744   539894004   4849   502289.850581
9133   539894004   4849   501502.725378
9005   539894004   4849   500719.385406
8582   539894004   4849   499937.154431
8677   539894004   4849   499157.377770
23163   539894004   4849   498380.316036
11284   539894004   4849   497607.766026
12690   539894004   4849   496835.502034
9620   539894004   4849   496065.742031
8648   539894004   4849   495298.178598
8584   539894004   4849   494534.467026
8705   539894004   4849   493771.810902
30852   539894004   4849   493011.515224
9520   539894004   4849   492253.553048
9089   539894004   4849   491500.321006
8848   539894004   4849   490747.211680
8501   539894004   4849   489996.342444
12917   539894004   4849   489247.837566
14219   539894004   4849   488503.018972
12693   539894004   4849   487759.235018
8884   539894004   4849   487017.764665
8789   539894004   4849   486278.499946
11874   539894004   4849   485543.703419
8531   539894004   4849   484809.428764
8636   539894004   4849   484077.054262
8845   539894004   4849   483346.849320
17780   539894004   4849   482620.114580
8987   539894004   4849   481894.581105
9171   539894004   4849   481171.039659
11762   539894004   4849   480449.761196
12482   539894004   4849   479731.673057
8852   539894004   4849   479016.061113
8868   539894004   4849   478301.602943
8733   539894004   4849   477589.128932
8870   539894004   4849   476879.070693
8826   539894004   4849   476172.340390
8753   539894004   4849   475466.371609
8559   539894004   4849   474762.490996
9147   539894004   4849   474060.928089
9033   539894004   4849   473363.224614
8533   539894004   4849   472665.769825
10303   539894004   4849   471970.205274
10975   539894004   4849   471277.148956
8715   539894004   4849   470587.201202
8857   539894004   4849   469898.034829
8727   539894004   4849   469211.013957
8663   539894004   4849   468525.981113
8754   539894004   4849   467845.196276
8835   539894004   4849   467164.469417
8728   539894004   4849   466485.613081
8664   539894004   4849   465808.696509
9007   539894004   4849   465135.394807
8954   539894004   4849   464462.508533
12814   539894004   4849   463791.534996
12291   539894004   4849   463122.503505
14643   539894004   4849   462457.741548
29668   539894004   4849   461792.771036
9506   539894004   4849   461129.636460
8958   539894004   4849   460468.488689
8463   539894004   4849   459810.516065
8563   539894004   4849   459153.279361
8778   539894004   4849   458497.883155
8431   539894004   4849   457844.271497
8805   539894004   4849   457193.647839
8714   539894004   4849   456545.378598
11184   539894004   4849   455897.579031
10409   539894004   4849   455251.514499
13374   539894004   4849   454607.841625
9281   539894004   4849   453966.171994
8595   539894004   4849   453325.804427
8761   539894004   4849   452687.514593
8511   539894004   4849   452051.083366
8553   539894004   4849   451417.968174
8815   539894004   4849   450785.008710
8905   539894004   4849   450153.770651
8799   539894004   4849   449524.300829
8917   539894004   4849   448898.003971
8567   539894004   4849   448272.127430
10413   539894004   4849   447647.957259
8706   539894004   4849   447025.713845
8729   539894004   4849   446408.420394
8779   539894004   4849   445789.731906
8593   539894004   4849   445172.787677
9264   539894004   4849   444557.521458
9110   539894004   4849   443945.373505
8869   539894004   4849   443333.594994
8708   539894004   4849   442723.517160
9204   539894004   4849   442115.159427
8929   539894004   4849   441510.221057
12744   539894004   4849   440905.768525
15815   539894004   4849   440302.504137
8805   539894004   4849   439700.935947
8636   539894004   4849   439102.220202
8984   539894004   4849   438504.125165
8698   539894004   4849   437907.593942
8583   539894004   4849   437312.797364
12888   539894004   4849   436720.505161
8508   539894004   4849   436130.120439
32695   539894004   4849   435540.224027
31756   539894004   4849   434952.014573
12091   539894004   4849   434365.452119
12737   539894004   4849   433781.424557
12623   539894004   4849   433198.095005
8676   539894004   4849   432616.174563
8685   539894004   4849   432036.093160
8847   539894004   4849   431459.257046
8728   539894004   4849   430882.423411
8849   539894004   4849   430307.022557
8919   539894004   4849   429733.077609
8760   539894004   4849   429162.012401
8718   539894004   4849   428591.307404
8797   539894004   4849   428022.027081
8635   539894004   4849   427454.445704
12242   539894004   4849   426890.730831
10280   539894004   4849   426326.236004
8642   539894004   4849   425763.359857
8446   539894004   4849   425201.878260
8552   539894004   4849   424643.089387
8636   539894004   4849   424084.687193
8793   539894004   4849   423527.716990
8881   539894004   4849   422972.279460
12247   539894004   4849   422419.791631
8489   539894004   4849   421868.226524
9186   539894004   4849   421317.230380
8639   539894004   4849   420767.646808
8983   539894004   4849   420220.637993
12476   539894004   4849   419674.126933
8556   539894004   4849   419128.852125
8697   539894004   4849   418585.184747
8831   539894004   4849   418043.620420
8669   539894004   4849   417504.792409
8477   539894004   4849   416965.469525
8746   539894004   4849   416427.497183
9142   539894004   4849   415891.056109
8799   539894004   4849   415356.858029
8894   539894004   4849   414823.146097
12224   539894004   4849   414290.734883
26144   539894004   4849   413759.845234
13285   539894004   4849   413232.521136
8534   539894004   4849   412704.445470
8590   539894004   4849   412177.669417
8833   539894004   4849   411652.252860
36229   539894004   4849   411129.328808
10277   539894004   4849   410606.625636
9772   539894004   4849   410085.360254
8978   539894004   4849   409565.373581
8562   539894004   4849   409048.462686
10314   539894004   4849   408531.247187
8583   539894004   4849   408015.259143
9944   539894004   4849   407500.652512
12068   539894004   4849   406988.492988
9389   539894004   4849   406476.677449
8879   539894004   4849   405966.062172
8629   539894004   4849   405456.710686
8749   539894004   4849   404949.846462
8793   539894004   4849   404444.468580
8690   539894004   4849   403939.109934
8596   539894004   4849   403435.098357
12292   539894004   4849   402932.661192
9168   539894004   4849   402431.433193
9090   539894004   4849   401931.148865
11890   539894004   4849   401432.126486
12442   539894004   4849   400935.435414
8528   539894004   4849   400440.196518
8440   539894004   4849   399945.071418
8434   539894004   4849   399451.117008
8689   539894004   4849   398958.632204
8738   539894004   4849   398468.175325
8569   539894004   4849   397977.970898
8698   539894004   4849   397488.929644
8741   539894004   4849   397001.267832
8638   539894004   4849   396516.458790
9550   539894004   4849   396031.040635
10774   539894004   4849   395546.582593
9032   539894004   4849   395063.469706
12665   539894004   4849   394582.315472
8396   539894004   4849   394102.059867
8431   539894004   4849   393622.696780
8501   539894004   4849   393144.489633
8591   539894004   4849   392669.084875
9123   539894004   4849   392193.360812
8787   539894004   4849   391718.729000
8642   539894004   4849   391246.639013
8567   539894004   4849   390775.449810
13597   539894004   4849   390304.445149
9691   539894004   4849   389834.455742
12098   539894004   4849   389365.672946
12641   539894004   4849   388899.432833
8737   539894004   4849   388433.402838
8906   539894004   4849   387968.096048
8625   539894004   4849   387503.988560
8740   539894004   4849   387040.805612
27831   539894004   4849   386579.349049
8883   539894004   4849   386118.705092
8698   539894004   4849   385659.107862
9004   539894004   4849   385201.124580
8684   539894004   4849   384745.106624
10366   539894004   4849   384288.835643
10857   539894004   4849   383833.693806
11750   539894004   4849   383379.730091
8775   539894004   4849   382927.811989
8511   539894004   4849   382476.026689
8644   539894004   4849   382025.298131
11311   539894004   4849   381575.690496
8568   539894004   4849   381128.596977
9098   539894004   4849   380681.154208
9052   539894004   4849   380234.801388
8845   539894004   4849   379789.504827
9396   539894004   4849   379346.265445
11958   539894004   4849   378903.111997
20826   539894004   4849   378460.979909
8614   539894004   4849   378019.955407
8749   539894004   4849   377581.146327
8597   539894004   4849   377142.684471
8509   539894004   4849   376704.778492
8610   539894004   4849   376267.985228
8533   539894004   4849   375833.168253
8578   539894004   4849   375398.412831
8668   539894004   4849   374964.656661
12921   539894004   4849   374531.938823
11476   539894004   4849   374101.305339
10947   539894004   4849   373671.459982
13471   539894004   4849   373241.952481
9117   539894004   4849   372813.385064
13164   539894004   4849   372386.387783
8826   539894004   4849   371960.174533
8593   539894004   4849   371534.559584
8666   539894004   4849   371110.016175
8547   539894004   4849   370686.741300
8803   539894004   4849   370265.645142
8757   539894004   4849   369844.076409
8542   539894004   4849   369423.461221
12490   539894004   4849   369003.824962
14535   539894004   4849   368586.260162
8533   539894004   4849   368168.591919
8690   539894004   4849   367751.812872
8707   539894004   4849   367336.129023
9033   539894004   4849   366923.478935
9166   539894004   4849   366509.667832
8923   539894004   4849   366096.704517
8582   539894004   4849   365684.755573
8486   539894004   4849   365274.809080
8604   539894004   4849   364864.859559
8453   539894004   4849   364455.782419
13909   539894004   4849   364047.600191
11822   539894004   4849   363642.091704
10273   539894004   4849   363236.524482
8606   539894004   4849   362831.186409
8539   539894004   4849   362426.700212
8822   539894004   4849   362024.116348
8975   539894004   4849   361621.595815
8617   539894004   4849   361219.972031
8762   539894004   4849   360819.177090
8734   539894004   4849   360420.403873
8502   539894004   4849   360022.668992
9134   539894004   4849   359624.679194
8757   539894004   4849   359227.489808
12657   539894004   4849   358831.624466
12606   539894004   4849   358436.820353
8843   539894004   4849   358042.401885
8842   539894004   4849   357648.865630
12471   539894004   4849   357256.601750
8706   539894004   4849   356865.987984
8612   539894004   4849   356475.165212
8931   539894004   4849   356085.165080
11444   539894004   4849   355696.042652
8755   539894004   4849   355308.764917
8657   539894004   4849   354921.428953
8880   539894004   4849   354534.952898
9628   539894004   4849   354149.316671
12517   539894004   4849   353766.670635
12111   539894004   4849   353383.015452
13952   539894004   4849   353000.113759
8763   539894004   4849   352617.981095
8477   539894004   4849   352237.910049
8651   539894004   4849   351857.640599
8929   539894004   4849   351478.057083
8666   539894004   4849   351099.317138
8850   539894004   4849   350723.037053
8637   539894004   4849   350346.098444
19177   539894004   4849   349969.866731
8970   539894004   4849   349594.420732
8660   539894004   4849   349285.384956
8616   539894004   4849   349041.503194
9532   539894004   4849   348863.445232
8800   539894004   4849   348490.961992
12579   539894004   4849   348120.042017
11527   539894004   4849   347750.145859
10732   539894004   4849   347380.091640
8746   539894004   4849   347010.807495
12506   539894004   4849   346642.800142
8505   539894004   4849   346275.675135
8946   539894004   4849   345908.836216
9148   539894004   4849   345542.738095
12686   539894004   4849   345177.159099
9040   539894004   4849   344814.338038
8888   539894004   4849   344450.694434
8969   539894004   4849   344087.752534
11931   539894004   4849   343725.566670
11333   539894004   4849   343365.174699
11987   539894004   4849   343004.562500
8662   539894004   4849   342644.732812
9174   539894004   4849   342285.684793
8726   539894004   4849   341929.096653
17191   539894004   4849   341571.609852
9035   539894004   4849   341214.873503
9959   539894004   4849   340858.912484
8908   539894004   4849   340504.626700
8688   539894004   4849   340150.215450
8648   539894004   4849   339796.472908
8699   539894004   4849   339443.496543
25201   539894004   4849   339092.881651
11637   539894004   4849   338741.514054
8916   539894004   4849   338390.829025
8627   539894004   4849   338040.881194
8584   539894004   4849   337692.727958
8576   539894004   4849   337344.323603
8743   539894004   4849   336996.581596
8591   539894004   4849   336649.587854
10897   539894004   4849   336303.992547
8677   539894004   4849   335959.502031
8845   539894004   4849   335614.740127
9105   539894004   4849   335270.636710
12452   539894004   4849   334927.765049
13800   539894004   4849   334585.617694
8668   539894004   4849   334243.736324
8673   539894004   4849   333902.510874
14057   539894004   4849   333562.454894
8793   539894004   4849   333224.362487
8850   539894004   4849   332885.473573
9283   539894004   4849   332547.225411
10951   539894004   4849   332209.706486
8666   539894004   4849   331873.769188
9129   539894004   4849   331537.705689
12119   539894004   4849   331202.238381
12565   539894004   4849   330867.521156
14604   539894004   4849   330535.181498
8930   539894004   4849   330201.916030
8896   539894004   4849   329869.386273
8860   539894004   4849   329537.489129
8884   539894004   4849   329207.084831
9148   539894004   4849   328876.556740
8867   539894004   4849   328546.734483
12557   539894004   4849   328217.561642
12144   539894004   4849   327890.453556
12268   539894004   4849   327562.721240
12540   539894004   4849   327235.484553
12089   539894004   4849   326908.879199
35710   539894004   4849   326583.872313
17711   539894004   4849   326258.689758
8864   539894004   4849   325934.135113
8658   539894004   4849   325610.292982
12144   539894004   4849   325287.906996
8464   539894004   4849   324965.950044
8529   539894004   4849   324644.014979
8583   539894004   4849   324322.889201
12798   539894004   4849   324002.872950
8693   539894004   4849   323683.259962
8779   539894004   4849   323363.971485
12068   539894004   4849   323045.287736
10127   539894004   4849   322727.922318
8794   539894004   4849   322411.390976
8936   539894004   4849   322094.706329
9320   539894004   4849   321778.611511
8927   539894004   4849   321463.342726
8949   539894004   4849   321149.357925
8410   539894004   4849   320835.147126
8816   539894004   4849   320521.467732
12693   539894004   4849   320208.487325
8541   539894004   4849   319897.394628
8629   539894004   4849   319585.664818
8399   539894004   4849   319274.487108
12028   539894004   4849   318963.961448
8574   539894004   4849   318654.989701
8698   539894004   4849   318345.846281
8728   539894004   4849   318037.231841
8773   539894004   4849   317729.215480
8544   539894004   4849   317423.109878
8604   539894004   4849   317116.378107
8929   539894004   4849   316810.262289
9040   539894004   4849   316504.713807
12129   539894004   4849   316200.329595
8601   539894004   4849   315896.290120
8495   539894004   4849   315592.606177
10046   539894004   4849   315289.504731
12111   539894004   4849   314988.802433
8947   539894004   4849   314687.815820
8537   539894004   4849   314386.704010
8674   539894004   4849   314086.127789
12028   539894004   4849   313786.429176
8535   539894004   4849   313487.288267
8978   539894004   4849   313188.461576
17753   539894004   4849   312890.218874
34149   539894004   4849   312591.601165
10980   539894004   4849   312295.687613
11024   539894004   4849   311999.204106
12490   539894004   4849   311703.189037
11941   539894004   4849   311407.723619
8465   539894004   4849   311113.569859
8738   539894004   4849   310819.362734
8808   539894004   4849   310525.674505
8752   539894004   4849   310232.555374
8763   539894004   4849   309941.723095
8621   539894004   4849   309649.869312
8723   539894004   4849   309358.429497
8643   539894004   4849   309067.581226
8913   539894004   4849   308778.214173
10363   539894004   4849   308488.525669
11003   539894004   4849   308199.343091
8681   539894004   4849   307910.734870
12909   539894004   4849   307624.287546
8540   539894004   4849   307337.200406
8820   539894004   4849   307050.308687
8565   539894004   4849   306763.998688
8331   539894004   4849   306479.107567
8792   539894004   4849   306193.941554
8822   539894004   4849   305909.270170
8560   539894004   4849   305625.129775
8704   539894004   4849   305342.042409
11788   539894004   4849   305059.925004
8707   539894004   4849   304777.434580
8956   539894004   4849   304495.446136
12467   539894004   4849   304214.354414
8555   539894004   4849   303934.071598
8491   539894004   4849   303653.672161
9016   539894004   4849   303373.915476
12749   539894004   4849   303094.885797
8576   539894004   4849   302817.296083
8734   539894004   4849   302539.094897
8633   539894004   4849   302261.533143
12654   539894004   4849   301984.492400
12309   539894004   4849   301708.714416
8540   539894004   4849   301432.570544
8831   539894004   4849   301157.019200
8523   539894004   4849   300882.010161
8557   539894004   4849   300608.966065
8872   539894004   4849   300335.060902
27538   539894004   4849   300061.597527
9114   539894004   4849   299788.634820
9059   539894004   4849   299516.939206
8907   539894004   4849   299245.034516
8623   539894004   4849   298973.569199
16959   539894004   4849   298702.647809
24073   539894004   4849   298433.675852
8801   539894004   4849   298163.820041
9227   539894004   4849   297894.416997
8402   539894004   4849   297625.531802
8809   539894004   4849   297357.789826
8598   539894004   4849   297089.908183
8897   539894004   4849   296822.499401
8811   539894004   4849   296555.607401
18507   539894004   4849   296289.827940
8572   539894004   4849   296025.026112
9072   539894004   4849   295759.616240
13897   539894004   4849   295494.687771
10908   539894004   4849   295230.466167
8636   539894004   4849   294966.999139
8595   539894004   4849   294703.572449
8785   539894004   4849   294440.630260
14489   539894004   4849   294177.848166
10209   539894004   4849   293917.190184
9070   539894004   4849   293655.800232
8949   539894004   4849   293394.997284
8808   539894004   4849   293134.621235
13894   539894004   4849   292875.391453
8999   539894004   4849   292615.959397
8996   539894004   4849   292356.990364
9218   539894004   4849   292098.474583
12161   539894004   4849   291842.148537
11927   539894004   4849   291584.672352
12697   539894004   4849   291327.544582
12871   539894004   4849   291070.930013
12433   539894004   4849   290815.417416
13276   539894004   4849   290559.757928
14549   539894004   4849   290304.511428
9194   539894004   4849   290049.727662
12798   539894004   4849   289796.515435
8915   539894004   4849   289542.794569
9542   539894004   4849   289289.404283
8868   539894004   4849   289036.484733
8903   539894004   4849   288784.751554
8738   539894004   4849   288532.722914
8895   539894004   4849   288281.084039
9342   539894004   4849   288029.893391
12395   539894004   4849   287779.473154
9063   539894004   4849   287530.191937
8888   539894004   4849   287281.241216
14236   539894004   4849   287031.887134
10380   539894004   4849   286783.022969
10938   539894004   4849   286535.229102
8790   539894004   4849   286287.238108
8637   539894004   4849   286039.686111
8599   539894004   4849   285792.663115
8735   539894004   4849   285547.442866
8867   539894004   4849   285301.168522
8727   539894004   4849   285055.310151
8949   539894004   4849   284809.893037
8921   539894004   4849   284565.673580
8858   539894004   4849   284321.251362
28964   539894004   4849   284077.235375
9012   539894004   4849   283833.616279
10067   539894004   4849   283591.744180
11760   539894004   4849   283348.919516
8699   539894004   4849   283106.535341
8808   539894004   4849   282864.597014
8962   539894004   4849   282623.795124
8649   539894004   4849   282382.703159
8622   539894004   4849   282142.019334
8712   539894004   4849   281901.799821
11707   539894004   4849   281663.144585
9049   539894004   4849   281424.064070
8626   539894004   4849   281185.142169
12148   539894004   4849   280946.682016
12703   539894004   4849   280709.253447
8795   539894004   4849   280471.575372
8649   539894004   4849   280234.306083
8967   539894004   4849   279997.484707
8905   539894004   4849   279761.602369
8615   539894004   4849   279526.274597
8689   539894004   4849   279290.687294
8914   539894004   4849   279055.450359
11910   539894004   4849   278820.849186
8800   539894004   4849   278587.144427
10582   539894004   4849   278353.164916
10206   539894004   4849   278119.627199
12891   539894004   4849   277886.466690
8785   539894004   4849   277654.716102
9005   539894004   4849   277422.358679
8942   539894004   4849   277190.339843
8667   539894004   4849   276958.746523
9310   539894004   4849   276728.352762
8420   539894004   4849   276497.561710
8816   539894004   4849   276267.141377
8872   539894004   4849   276037.140394
8939   539894004   4849   275808.774297
8835   539894004   4849   275579.682619
8569   539894004   4849   275350.809563
10307   539894004   4849   275122.412972
8565   539894004   4849   274895.091070
8861   539894004   4849   274667.499343
8791   539894004   4849   274440.279636
8997   539894004   4849   274213.454149
32031   539894004   4849   273987.835529
9890   539894004   4849   273762.470547
8858   539894004   4849   273536.788787
8884   539894004   4849   273311.491093
8761   539894004   4849   273087.310139
8488   539894004   4849   272862.826798
12303   539894004   4849   272638.625875
14034   539894004   4849   272414.806337
11609   539894004   4849   272192.011482
8568   539894004   4849   271969.746491
8719   539894004   4849   271747.170959
8734   539894004   4849   271524.900657
8428   539894004   4849   271303.258717
8700   539894004   4849   271082.210539
8981   539894004   4849   270861.064335
8746   539894004   4849   270640.286965
12910   539894004   4849   270420.086274
9473   539894004   4849   270201.308794
8672   539894004   4849   269981.722610
10218   539894004   4849   269762.425973
12135   539894004   4849   269543.472838
8886   539894004   4849   269325.651349
8478   539894004   4849   269107.507322
8969   539894004   4849   268889.680092
8849   539894004   4849   268672.205274
8929   539894004   4849   268456.320338
9115   539894004   4849   268239.658034
8914   539894004   4849   268023.284941
9215   539894004   4849   267807.345760
8735   539894004   4849   267592.473932
8824   539894004   4849   267377.300346
8806   539894004   4849   267162.325404
16680   539894004   4849   266947.705616
8727   539894004   4849   266734.774578
8905   539894004   4849   266520.962513
9754   539894004   4849   266307.490850
9791   539894004   4849   266094.916972
8748   539894004   4849   265882.821196
8713   539894004   4849   265670.412418
8877   539894004   4849   265458.329771
8822   539894004   4849   265344.270226
8727   539894004   4849   265426.162584
9045   539894004   4849   265265.973556
9187   539894004   4849   265054.991361
12280   539894004   4849   264844.217316
12021   539894004   4849   264633.962074
8652   539894004   4849   264425.120983
8439   539894004   4849   264215.493438
8896   539894004   4849   264006.177245
8609   539894004   4849   263797.310784
8847   539894004   4849   263589.764671
8713   539894004   4849   263381.461305
8676   539894004   4849   263173.521944
8928   539894004   4849   262965.954336
8797   539894004   4849   262759.430522
11405   539894004   4849   262552.517128
12387   539894004   4849   262345.872904
12177   539894004   4849   262139.595341
8928   539894004   4849   261934.917332
8822   539894004   4849   261729.385368
8885   539894004   4849   261524.125515
8719   539894004   4849   261319.251603
9009   539894004   4849   261115.333329
9491   539894004   4849   260911.155301
8840   539894004   4849   260707.258146
8658   539894004   4849   260503.685580
12962   539894004   4849   260301.295419
8631   539894004   4849   260099.134441
8673   539894004   4849   259896.548693
11454   539894004   4849   259694.268751
8629   539894004   4849   259493.060998
8825   539894004   4849   259291.526336
8798   539894004   4849   259090.270280
8844   539894004   4849   258889.355032
8564   539894004   4849   258689.285560
8626   539894004   4849   258489.674417
9445   539894004   4849   258289.703681
8785   539894004   4849   258090.015551
11524   539894004   4849   257890.887340
9336   539894004   4849   257692.455056
12368   539894004   4849   257493.773534
17911   539894004   4849   257295.333960
12529   539894004   4849   257097.396090
8756   539894004   4849   256901.134598
8637   539894004   4849   256703.783874
8689   539894004   4849   256506.652710
18023   539894004   4849   256309.897078
9631   539894004   4849   256114.113551
8757   539894004   4849   255918.004640
8697   539894004   4849   255722.118399
8653   539894004   4849   255526.623707
8637   539894004   4849   255332.578322
8589   539894004   4849   255137.759083
11822   539894004   4849   254943.136982
8572   539894004   4849   254748.785350
8852   539894004   4849   254555.527916
8549   539894004   4849   254361.856641
8472   539894004   4849   254168.423775
8696   539894004   4849   253975.362977
12046   539894004   4849   253783.631686
8575   539894004   4849   253591.833945
8547   539894004   4849   253399.681836
8524   539894004   4849   253207.798972
8617   539894004   4849   253016.955983
8648   539894004   4849   252825.748160
10143   539894004   4849   252634.825072
8703   539894004   4849   252444.166825
12514   539894004   4849   252254.415480
8605   539894004   4849   252065.035104
8550   539894004   4849   251875.303742
8606   539894004   4849   251685.837304
12051   539894004   4849   251496.920650
8879   539894004   4849   251308.596843
8659   539894004   4849   251120.063274
8630   539894004   4849   250931.829389
11399   539894004   4849   250744.128637
13274   539894004   4849   250557.384135
11798   539894004   4849   250370.054442
8985   539894004   4849   250183.017734
8620   539894004   4849   249996.267228
8449   539894004   4849   249810.479940
8772   539894004   4849   249624.331946
8776   539894004   4849   249438.424014
8665   539894004   4849   249252.806445
8660   539894004   4849   249068.597522
9215   539894004   4849   248883.590609
13935   539894004   4849   248698.810569
12727   539894004   4849   248514.351744
13548   539894004   4849   248330.861516
17123   539894004   4849   248146.992579
17579   539894004   4849   247963.357684
8924   539894004   4849   247780.017607
8520   539894004   4849   247598.087889
8775   539894004   4849   247415.370161
8498   539894004   4849   247232.891846
8870   539894004   4849   247050.715054
16235   539894004   4849   246869.554339
8785   539894004   4849   246687.946642
8992   539894004   4849   246506.521393
10020   539894004   4849   246325.420037
12181   539894004   4849   246145.151807
8804   539894004   4849   245965.075304
8745   539894004   4849   245784.848445
8657   539894004   4849   245604.848874
13379   539894004   4849   245425.419855
9805   539894004   4849   245246.373983
8609   539894004   4849   245067.213740
8629   539894004   4849   244888.348206
12037   539894004   4849   244710.830246
8545   539894004   4849   244533.434481
8846   539894004   4849   244355.420272
12137   539894004   4849   244177.576751
10607   539894004   4849   244000.038702
8672   539894004   4849   243823.422196
8661   539894004   4849   243646.483702
9231   539894004   4849   243469.755732
8677   539894004   4849   243293.300763
8598   539894004   4849   243118.255410
8609   539894004   4849   242942.377236
8783   539894004   4849   242766.710859
8712   539894004   4849   242591.401593
9957   539894004   4849   242416.884149
12181   539894004   4849   242242.063097
9987   539894004   4849   242067.384773
12052   539894004   4849   241893.022976
8809   539894004   4849   241719.795160
8686   539894004   4849   241546.604991
8501   539894004   4849   241373.078708
8519   539894004   4849   241199.746163
8608   539894004   4849   241027.338782
8566   539894004   4849   240854.564646
8596   539894004   4849   240682.012057
20123   539894004   4849   240509.689409
10590   539894004   4849   240338.053482
11809   539894004   4849   240166.916664
12108   539894004   4849   239995.361089
30902   539894004   4849   239824.089028
11740   539894004   4849   239653.285405
8734   539894004   4849   239483.048490
8574   539894004   4849   239312.580510
8668   539894004   4849   239142.334730
9067   539894004   4849   238972.445139
8510   539894004   4849   238803.689263
8798   539894004   4849   238634.314486
8465   539894004   4849   238465.105092
8737   539894004   4849   238296.159748
11642   539894004   4849   238128.123611
8720   539894004   4849   237959.638568
8550   539894004   4849   237791.448838
8759   539894004   4849   237623.497117
8877   539894004   4849   237456.870769
9577   539894004   4849   237289.394313
8516   539894004   4849   237122.172553
8568   539894004   4849   236955.136842
8962   539894004   4849   236788.966554
9219   539894004   4849   236622.466849
8799   539894004   4849   236456.243655
10257   539894004   4849   236290.215200
13355   539894004   4849   236125.502094
8600   539894004   4849   235959.982748
8664   539894004   4849   235794.668432
8939   539894004   4849   235629.641408
8718   539894004   4849   235465.452950
8589   539894004   4849   235300.903471
8840   539894004   4849   235136.570351
8774   539894004   4849   234972.452617
13050   539894004   4849   234809.121865
8933   539894004   4849   234646.550610
9094   539894004   4849   234483.204411
10095   539894004   4849   234320.096438
12772   539894004   4849   234157.329405
8617   539894004   4849   233995.191636
9032   539894004   4849   233832.750737
9263   539894004   4849   233670.569900
8675   539894004   4849   233508.656017
8745   539894004   4849   233347.900009
31517   539894004   4849   233186.451778
9871   539894004   4849   233025.207218
8862   539894004   4849   232864.183109
8501   539894004   4849   232704.025077
8641   539894004   4849   232543.535929
9595   539894004   4849   232383.242623
14027   539894004   4849   232223.126693
8640   539894004   4849   232064.323307
8663   539894004   4849   231904.748444
8850   539894004   4849   231745.351118
9157   539894004   4849   231586.214130
8790   539894004   4849   231427.858447
8733   539894004   4849   231269.158431
8747   539894004   4849   231110.684544
8950   539894004   4849   230952.402830
10232   539894004   4849   230795.207260
14332   539894004   4849   230637.503740
8650   539894004   4849   230479.953453
8835   539894004   4849   230322.578518
12067   539894004   4849   230165.955902
8972   539894004   4849   230009.112949
8898   539894004   4849   229852.423651
9053   539894004   4849   229695.961738
12633   539894004   4849   229539.296459
9149   539894004   4849   229384.023197
9012   539894004   4849   229228.222418
8686   539894004   4849   229072.521299
8733   539894004   4849   228916.978409
12051   539894004   4849   228762.274356
9893   539894004   4849   228607.207011
8828   539894004   4849   228452.353154
8603   539894004   4849   228297.918033
8434   539894004   4849   228144.458390
8813   539894004   4849   227990.381745
21411   539894004   4849   227837.320631
9371   539894004   4849   227683.715292
9626   539894004   4849   227530.954857
8670   539894004   4849   227377.735303
8512   539894004   4849   227224.691121
8632   539894004   4849   227071.885447
15533   539894004   4849   226920.436113
9973   539894004   4849   226768.076341
8556   539894004   4849   226615.945383
8564   539894004   4849   226463.982353
8864   539894004   4849   226312.846729
8648   539894004   4849   226161.381202
8584   539894004   4849   226010.087591
8797   539894004   4849   225858.962183
12487   539894004   4849   225708.772044
8482   539894004   4849   225558.357498
8558   539894004   4849   225407.942325
8668   539894004   4849   225257.692169
11835   539894004   4849   225108.178656
9776   539894004   4849   224958.492612
8562   539894004   4849   224808.905233
8569   539894004   4849   224659.505365
20202   539894004   4849   224510.689943
8516   539894004   4849   224362.672165
9362   539894004   4849   224213.951207
8513   539894004   4849   224065.347674
8689   539894004   4849   223917.007011
8716   539894004   4849   223769.416932
8734   539894004   4849   223621.498408
8546   539894004   4849   223473.727850
14919   539894004   4849   223326.267105
10099   539894004   4849   223179.825422
12301   539894004   4849   223032.720860
8915   539894004   4849   222885.805688
8727   539894004   4849   222739.122806
8493   539894004   4849   222593.155290
8587   539894004   4849   222446.898770
8772   539894004   4849   222300.745359
8824   539894004   4849   222154.825640
13056   539894004   4849   222009.800529
8500   539894004   4849   221864.520814
14284   539894004   4849   221719.221991
18080   539894004   4849   221574.072784
14768   539894004   4849   221429.637546
8891   539894004   4849   221284.986375
8690   539894004   4849   221140.494868
8755   539894004   4849   220996.175057
8768   539894004   4849   220852.656516
8578   539894004   4849   220709.360878
8525   539894004   4849   220565.651437
8522   539894004   4849   220422.127671
11500   539894004   4849   220279.056012
8749   539894004   4849   220136.260852
14536   539894004   4849   219993.352952
12311   539894004   4849   219850.607577
11959   539894004   4849   219708.258510
8523   539894004   4849   219566.628121
8636   539894004   4849   219424.425186
9176   539894004   4849   219282.446293
8444   539894004   4849   219140.666691
8831   539894004   4849   218999.699132
8459   539894004   4849   218858.304578
8789   539894004   4849   218717.091918
9001   539894004   4849   218576.080318
8641   539894004   4849   218436.233121
10930   539894004   4849   218295.582742
12639   539894004   4849   218155.121751
12305   539894004   4849   218014.810350
8819   539894004   4849   217875.371756
9118   539894004   4849   217735.494842
8582   539894004   4849   217595.813792
8973   539894004   4849   217456.292788
8711   539894004   4849   217318.085486
8551   539894004   4849   217178.942830
8898   539894004   4849   217039.982728
8507   539894004   4849   216901.187071
8508   539894004   4849   216763.228074
18577   539894004   4849   216624.803235
27378   539894004   4849   216486.618976
11979   539894004   4849   216348.534898
8680   539894004   4849   216211.114586
8529   539894004   4849   216074.029774
8650   539894004   4849   215936.666916
8591   539894004   4849   215799.392182
11486   539894004   4849   215662.628124
8543   539894004   4849   215525.956670
8597   539894004   4849   215389.204828
8723   539894004   4849   215252.653341
12466   539894004   4849   215116.440729
9271   539894004   4849   214981.109062
8759   539894004   4849   214922.474291
9128   539894004   4849   215023.610792
10520   539894004   4849   215044.529531
8793   539894004   4849   214909.448832
8826   539894004   4849   214773.911527
9353   539894004   4849   214638.506308
9021   539894004   4849   214503.366713
8728   539894004   4849   214369.383898
9052   539894004   4849   214234.561331
9964   539894004   4849   214099.889354
10310   539894004   4849   213965.370523
8970   539894004   4849   213831.658670
8804   539894004   4849   213698.276010
8777   539894004   4849   213564.327362
10680   539894004   4849   213430.501905
12868   539894004   4849   213297.818871
8738   539894004   4849   213164.394139
8777   539894004   4849   213031.109657
8533   539894004   4849   212898.031309
8986   539894004   4849   212765.650955
8618   539894004   4849   212632.881405
8875   539894004   4849   212500.292711
8703   539894004   4849   212367.877595
8547   539894004   4849   212236.111748
8827   539894004   4849   212104.456406
8650   539894004   4849   211972.609368
8731   539894004   4849   211840.877850
9952   539894004   4849   211709.607727
22971   539894004   4849   211578.518833
8465   539894004   4849   211447.292642
29421   539894004   4849   211316.261216
12257   539894004   4849   211185.661998
8671   539894004   4849   211055.691833
9943   539894004   4849   210925.187294
8776   539894004   4849   210794.806273
13287   539894004   4849   210664.588946
8748   539894004   4849   210535.006753
8806   539894004   4849   210405.147118
9154   539894004   4849   210275.399151
10183   539894004   4849   210145.833807
12756   539894004   4849   210017.437922
9037   539894004   4849   209888.271537
8655   539894004   4849   209759.283079
8809   539894004   4849   209630.394901
9147   539894004   4849   209502.297731
8684   539894004   4849   209373.805484
9232   539894004   4849   209245.443324
9349   539894004   4849   209117.225560
9089   539894004   4849   208990.124636
8616   539894004   4849   208862.285537
25596   539894004   4849   208734.576381
9988   539894004   4849   208606.982788
8800   539894004   4849   208480.130666
9180   539894004   4849   208352.981830
8535   539894004   4849   208225.929407
8571   539894004   4849   208099.036593
12771   539894004   4849   207972.864793
8850   539894004   4849   207846.720468
8648   539894004   4849   207720.301730
8889   539894004   4849   207594.044389
13809   539894004   4849   207468.260897
9531   539894004   4849   207342.710613
10251   539894004   4849   207216.915067
9628   539894004   4849   207091.290600
12314   539894004   4849   206966.045822
8859   539894004   4849   206841.515145
8645   539894004   4849   206716.380198
8607   539894004   4849   206591.384875
16498   539894004   4849   206466.630524
8961   539894004   4849   206342.569579
9326   539894004   4849   206218.086306
8547   539894004   4849   206093.732330
12936   539894004   4849   205969.497789
12223   539894004   4849   205846.600139
25179   539894004   4849   205722.731558
8960   539894004   4849   205599.008368
8649   539894004   4849   205475.447514
8770   539894004   4849   205352.685946
8591   539894004   4849   205229.474750
8631   539894004   4849   205106.398857
8756   539894004   4849   204983.463996
8731   539894004   4849   204861.421838
8695   539894004   4849   204739.403589
8770   539894004   4849   204616.905345
8647   539894004   4849   204494.560633
13403   539894004   4849   204372.949308
12259   539894004   4849   204250.931182
8743   539894004   4849   204129.039870
9017   539894004   4849   204007.315592
12465   539894004   4849   203886.352440
8903   539894004   4849   203765.433448
8801   539894004   4849   203644.149450
8672   539894004   4849   203523.044003
11683   539894004   4849   203402.420195
8598   539894004   4849   203281.849356
8649   539894004   4849   203161.203180
8780   539894004   4849   203040.608234
10417   539894004   4849   202920.451693
9912   539894004   4849   202801.079718
8543   539894004   4849   202680.953848
9134   539894004   4849   202560.967803
8718   539894004   4849   202441.204222
8685   539894004   4849   202322.014153
8907   539894004   4849   202202.482420
8706   539894004   4849   202083.184092
8752   539894004   4849   201963.971764
8569   539894004   4849   201845.757673
8742   539894004   4849   201726.826019
13165   539894004   4849   201608.037894
8593   539894004   4849   201489.372875
9236   539894004   4849   201371.518316
11443   539894004   4849   201253.146400
8737   539894004   4849   201134.931804
9021   539894004   4849   201017.622074
13776   539894004   4849   200900.296460
8527   539894004   4849   200783.006414
18131   539894004   4849   200665.389141
21536   539894004   4849   200547.954958
8902   539894004   4849   200431.108624
8674   539894004   4849   200314.145561
9031   539894004   4849   200197.203219
8493   539894004   4849   200080.301544
12334   539894004   4849   199964.108702
13593   539894004   4849   199847.948565
20576   539894004   4849   199731.482033
8477   539894004   4849   199615.132583
13459   539894004   4849   199499.389859
8678   539894004   4849   199383.501187
8551   539894004   4849   199267.622322
8617   539894004   4849   199151.892483
8914   539894004   4849   199036.647306
8709   539894004   4849   198922.112069
9968   539894004   4849   198806.847298
8736   539894004   4849   198691.696700
11217   539894004   4849   198576.725365
9775   539894004   4849   198462.325972
12009   539894004   4849   198347.560439
8663   539894004   4849   198232.956763
8783   539894004   4849   198118.541354
8455   539894004   4849   198005.106546
8531   539894004   4849   197890.948450
9111   539894004   4849   197776.866687
8724   539894004   4849   197662.958099
9137   539894004   4849   197549.779419
8722   539894004   4849   197436.212092
8877   539894004   4849   197322.769266
11106   539894004   4849   197209.402621
12443   539894004   4849   197096.935355
10233   539894004   4849   196984.135007
9431   539894004   4849   196871.190168
8442   539894004   4849   196758.385597
8759   539894004   4849   196646.205389
8948   539894004   4849   196533.671878
8953   539894004   4849   196421.258980
9189   539894004   4849   196309.016582
12455   539894004   4849   196197.397700
8867   539894004   4849   196086.018080
8721   539894004   4849   195974.167693
8665   539894004   4849   195862.415978
10084   539894004   4849   195751.122027
32694   539894004   4849   195639.881734
17713   539894004   4849   195528.590949
8799   539894004   4849   195417.409747
13467   539894004   4849   195306.609331
8560   539894004   4849   195196.348432
8468   539894004   4849   195085.608872
8574   539894004   4849   194974.982756
13146   539894004   4849   194864.587882
11616   539894004   4849   194754.738641
11309   539894004   4849   194644.512544
8622   539894004   4849   194534.435474
12126   539894004   4849   194424.378355
12368   539894004   4849   194315.473609
9048   539894004   4849   194205.839879
8559   539894004   4849   194096.258422
8697   539894004   4849   193986.782620
8916   539894004   4849   193877.922642
8912   539894004   4849   193768.734296
9056   539894004   4849   193659.638244
8834   539894004   4849   193550.679369
13235   539894004   4849   193442.569351
9065   539894004   4849   193334.293439
8815   539894004   4849   193225.745461
9485   539894004   4849   193117.280103
12417   539894004   4849   193009.459827
8732   539894004   4849   192901.273974
8869   539894004   4849   192793.249228
8657   539894004   4849   192685.285678
8629   539894004   4849   192577.994605
8679   539894004   4849   192470.743271
8713   539894004   4849   192363.266838
8639   539894004   4849   192255.857522
15595   539894004   4849   192149.006966
19712   539894004   4849   192042.078437
9076   539894004   4849   191935.194758
12502   539894004   4849   191828.363872
25393   539894004   4849   191721.585831
47047   539894004   4849   191615.733433
11734   539894004   4849   191509.372376
12579   539894004   4849   191403.043598
12785   539894004   4849   191296.891036
11569   539894004   4849   191191.296719
42423   539894004   4849   191085.343845
8644   539894004   4849   190979.465691
8780   539894004   4849   190873.798108
8640   539894004   4849   190769.098881
8776   539894004   4849   190663.643208
8846   539894004   4849   190558.282965
8800   539894004   4849   190453.025598
8735   539894004   4849   190348.464919
8883   539894004   4849   190243.471506
8888   539894004   4849   190138.649668
8729   539894004   4849   190033.841571
8835   539894004   4849   189930.147716
8527   539894004   4849   189825.620850
17264   539894004   4849   189721.924067
12109   539894004   4849   189617.670924
13941   539894004   4849   189514.021101
11191   539894004   4849   189409.961002
9230   539894004   4849   189306.004641
8534   539894004   4849   189202.156637
8660   539894004   4849   189099.154832
8847   539894004   4849   188995.770669
8853   539894004   4849   188892.333138
8775   539894004   4849   188788.968029
9641   539894004   4849   188686.193258
8885   539894004   4849   188583.134961
8609   539894004   4849   188480.118452
8790   539894004   4849   188377.263726
9078   539894004   4849   188274.882912
12159   539894004   4849   188172.753917
8648   539894004   4849   188070.210296
8654   539894004   4849   187967.802161
8826   539894004   4849   187865.564202
9335   539894004   4849   187763.923674
8744   539894004   4849   187661.860894
9139   539894004   4849   187560.006759
8784   539894004   4849   187458.285244
8665   539894004   4849   187357.581262
18249   539894004   4849   187256.047076
11386   539894004   4849   187154.650519
8791   539894004   4849   187053.321491
11775   539894004   4849   186952.621307
8665   539894004   4849   186851.515608
8835   539894004   4849   186750.536465
8807   539894004   4849   186649.677951
8693   539894004   4849   186549.845258
11338   539894004   4849   186449.249934
9011   539894004   4849   186348.747271
8612   539894004   4849   186248.350148
8864   539894004   4849   186148.588679
8816   539894004   4849   186048.440224
12674   539894004   4849   185948.360546
8685   539894004   4849   185848.399406
13226   539894004   4849   185749.131229
17772   539894004   4849   185649.924144
9030   539894004   4849   185550.311331
9381   539894004   4849   185450.797231
15011   539894004   4849   185351.664369
8758   539894004   4849   185252.564410
8682   539894004   4849   185153.419595
8967   539894004   4849   185054.402370
13744   539894004   4849   184955.813938
9194   539894004   4849   184857.580963
8757   539894004   4849   184758.934559
8859   539894004   4849   184660.334215
12836   539894004   4849   184561.907461
8561   539894004   4849   184463.976930
9121   539894004   4849   184365.746531
13761   539894004   4849   184267.585248
12073   539894004   4849   184169.553382
9122   539894004   4849   184072.789940
8939   539894004   4849   183974.997373
8565   539894004   4849   183877.287514
8623   539894004   4849   183779.706702
8629   539894004   4849   183682.672810
8876   539894004   4849   183585.316156
10057   539894004   4849   183488.026015
10919   539894004   4849   183390.852551
13575   539894004   4849   183294.632407
8709   539894004   4849   183197.889577
9133   539894004   4849   183101.044897
9104   539894004   4849   183004.331342
8791   539894004   4849   182908.152467
8364   539894004   4849   182811.623164
8710   539894004   4849   182715.241416
8599   539894004   4849   182618.923714
12079   539894004   4849   182523.251227
9003   539894004   4849   182427.492457
8572   539894004   4849   182331.515085
12000   539894004   4849   182235.683077
13061   539894004   4849   182140.152635
8583   539894004   4849   182044.784922
