10,51
10,48
10,78
10,75
10,75
10,75
10,99
10,75
10,22
10,75
10,27
10,72
10,24
10,24
10,72
10,72
10,48
10,51
10,75
10,75
10,78
10,51
10,27
10,72
10,48
10,51
10,75
10,48
10,24
10,48
10,24
10,24
10,46
10,24
10,22
10,48
10,24
10,46
10,46
10,24
10,48
10,48
10,48
10,22
10,46
10,72
10,24
10,72
10,48
10,48
10,51
10,48
10,72
10,48
10,48
10,48
10,48
10,48
10,24
10,24
10,48
10,24
10,48
10,24
10,24
10,48
10,24
10,48
10,22
10,24
10,48
10,22
10,48
10,24
10,24
10,46
10,24
10,24
10,48
10,48
10,48
10,48
10,72
10,48
10,48
10,72
10,48
10,72
10,48
10,72
10,48
10,48
10,48
10,24
10,48
10,24
10,48
10,24
10,24
10,48
10,24
10,48
10,24
10,24
10,24
10,24
10,48
10,24
10,48
10,24
10,24
10,48
10,22
10,48
10,24
10,48
10,48
10,48
10,72
10,48
10,72
10,48
10,24
10,48
10,22
10,46
10,24
10,46
10,22
10,24
10,48
10,24
10,48
10,22
10,24
10,46
10,22
10,48
10,22
10,24
10,48
10,22
10,48
10,24
10,48
10,24
10,72
10,48
10,48
10,72
10,48
10,72
10,46
10,72
10,48
10,48
10,46
10,48
10,7
10,48
10,72
10,48
10,48
10,24
10,24
10,46
10,22
10,48
10,24
10,48
10,22
10,22
10,48
10,22
10,46
10,24
10,24
10,48
10,24
10,22
10,46
10,24
10,72
10,46
10,72
10,48
10,48
10,72
10,48
10,48
10,48
10,46
10,46
10,24
10,72
10,24
10,24
10,24
10,22
10,48
10,24
10,48
10,24
10,24
10,48
10,24
10,24
10,24
10,24
10,24
10,22
10,48
10,24
10,24
10,24
10,24
10,48
10,24
10,46
10,48
