Act   Max   Min   Avg
0   0   0   -nan
12587   198443   10950   12101.060766
12892   198443   10654   12111.835798
11711   198443   10652   12054.318774
12771   198443   10652   12020.892508
12731   198443   10652   12027.626314
11850   228471   10652   12037.823951
11869   228471   10652   12044.765598
12271   228471   10652   12051.432457
11775   228471   10652   12053.970464
12058   228471   10577   12049.052256
12233   228471   10577   12052.301894
11821   228471   10577   12050.488618
11812   228471   10577   12049.441632
15225   228471   10577   12051.335519
13327   228471   10577   12054.796222
12390   228471   10577   12056.752743
12352   228471   10577   12061.803543
14918   228471   10577   12068.650667
11956   228471   10577   12083.251879
18080   228471   10577   12133.375073
15452   239686   10577   12329.997433
14329   452642   10577   12461.911090
14578   452642   10577   12553.372004
13145   452642   10577   12624.923842
13709   452642   10577   12681.842346
13762   452642   10577   12724.553402
12602   452642   10577   12758.343871
18358   452642   10577   12783.212594
13246   452642   10577   12800.165541
13006   452642   10577   12811.450821
12776   452642   10577   12817.668653
13277   452642   10577   12821.078899
12564   452642   10577   12820.983349
12481   452642   10577   12817.397057
12292   452642   10577   12809.733751
12422   452642   10577   12799.770166
12129   452642   10577   12790.831554
12239   452642   10577   12781.047837
11961   452642   10577   12769.552849
11926   452642   10577   12760.866274
12218   452642   10577   12752.646908
11964   452642   10577   12738.472628
13797   452642   10577   12727.487988
12034   452642   10577   12718.563177
12130   452642   10577   12709.810033
12230   452642   10577   12701.552822
11837   452642   10577   12690.527661
12128   452642   10577   12679.744601
13120   452642   10577   12670.299630
12317   452642   10577   12660.261269
17503   452642   10577   12651.401490
12917   452642   10577   12638.198276
13870   452642   10577   12617.537517
11909   452642   10577   12599.320461
15968   452642   10577   12582.983949
13041   452642   10577   12571.237641
15115   452642   10577   12560.783538
11362   452642   10577   12552.196196
11564   452642   10577   12543.627511
11463   685338   10577   12540.736702
11408   685338   10577   12528.091112
11541   685338   10577   12515.046638
11891   685338   10577   12503.455456
11723   685338   10577   12496.059968
14283   685338   10577   12488.098634
11897   685338   10577   12480.306877
11607   685338   10577   12472.558320
11909   685338   10577   12464.133616
11774   685338   10577   12457.467491
11878   685338   10577   12453.246108
12372   685338   10577   12445.912781
12080   685338   10577   12438.886305
11945   685338   10577   12432.005714
11816   685338   10577   12425.304019
11707   685338   10577   12419.591588
12949   685338   10577   12413.131033
11779   685338   10577   12408.320527
11560   685338   10577   12403.424170
11682   685338   10577   12398.019945
12374   685338   10577   12393.864766
12113   685338   10577   12388.800633
12296   685338   10577   12383.883659
11819   685338   10577   12379.336067
11905   685338   10577   12375.487989
12381   685338   10577   12374.107502
12422   685338   10577   12372.305185
12024   685338   10577   12370.296146
12057   685338   10577   12368.326288
12048   685338   10577   12366.030254
12101   685338   10577   12363.644400
13134   685338   10577   12360.178306
12474   685338   10577   12356.819330
12107   685338   10577   12354.248700
12293   685338   10577   12352.133758
12607   685338   10577   12349.459291
13306   685338   10577   12347.224076
11948   685338   10577   12343.879848
12218   685338   10577   12340.434154
11672   685338   10577   12337.253818
11962   685338   10577   12334.136413
12952   685338   10577   12331.447355
12017   685338   10577   12329.326102
11775   685338   10577   12325.608138
12374   685338   10577   12321.646033
11842   685338   10577   12317.693558
13011   685338   10577   12313.993668
12375   685338   10577   12310.045172
11847   685338   10577   12307.117010
11882   685338   10577   12303.708940
11846   685338   10577   12299.953710
12051   685338   10577   12295.964844
11843   685338   10577   12292.061049
11797   685338   10577   12288.037953
12012   685338   10577   12284.085314
11772   685338   10577   12280.206870
12975   685338   10577   12276.757987
11832   685338   10577   12273.225839
12201   685338   10577   12269.562932
11740   685338   10577   12266.051153
13362   685338   10577   12262.464809
11444   685338   10577   12259.027256
12077   685338   10577   12255.515234
11588   685338   10577   12252.048271
11621   685338   10577   12248.736201
11875   685338   10577   12246.028159
12045   685338   10577   12244.032095
12212   685338   10577   12241.591684
12463   685338   10577   12239.315437
11707   685338   10577   12236.688701
11698   685338   10577   12233.399092
12779   685338   10577   12231.010547
12407   685338   10577   12229.392136
11887   685338   10577   12227.087200
12287   685338   10577   12225.399800
13240   685338   10577   12224.381565
14733   685338   10577   12222.501031
11958   685338   10577   12220.774919
11598   685338   10577   12217.795345
12987   685338   10577   12215.415565
12800   685338   10577   12214.549873
12210   685338   10577   12213.755306
11650   685338   10577   12213.106269
11962   685338   10577   12212.457702
12077   685338   10577   12211.811789
11747   685338   10577   12211.384904
12110   685338   10577   12210.611782
11808   685338   10577   12209.930929
11846   685338   10577   12209.574741
12417   685338   10577   12209.210804
13221   685338   10577   12208.951778
13774   685338   10577   12208.846954
12859   685338   10577   12208.724263
14104   685338   10577   12208.327684
12178   685338   10577   12207.826996
18385   685338   10577   12207.397847
12015   685338   10577   12207.227705
11802   685338   10577   12207.259347
13290   685338   10577   12207.004160
12664   685338   10577   12206.647852
11836   685338   10577   12206.440641
11752   685338   10577   12206.169117
12515   685338   10577   12205.872811
12189   685338   10577   12205.760469
11926   685338   10577   12205.456103
11997   685338   10577   12205.203620
11579   685338   10577   12204.969471
18016   685338   10577   12204.644170
20468   685338   10577   12204.417751
18378   685338   10577   12204.074388
12052   685338   10577   12203.921962
12022   685338   10577   12203.677224
12027   685338   10577   12203.481431
12369   685338   10577   12203.192945
12273   685338   10577   12203.012030
12001   685338   10577   12202.853192
11817   685338   10577   12202.707386
12608   685338   10577   12202.605966
12268   685338   10577   12202.588663
11726   685338   10577   12202.418995
14044   685338   10577   12202.120014
12342   685338   10577   12201.850981
11960   685338   10577   12201.819872
19585   685338   10577   12201.548959
12020   685338   10577   12201.442440
11828   685338   10577   12201.330442
11696   685338   10577   12201.281572
12108   685338   10577   12200.136632
11686   685338   10577   12199.101042
11900   685338   10577   12198.145150
11740   685338   10577   12197.290729
13400   685338   10577   12196.917186
11389   685338   10577   12195.852593
11804   685338   10577   12194.314007
11725   685338   10577   12192.842671
11994   685338   10577   12191.004147
12682   685338   10577   12189.839392
11844   685338   10577   12188.717310
12526   685338   10577   12187.431432
12605   685338   10577   12186.190740
11881   685338   10577   12185.128517
11779   685338   10577   12183.772179
11824   685338   10577   12181.824784
11783   685338   10577   12179.882965
12014   685338   10577   12177.956951
12147   685338   10577   12176.532716
11957   685338   10577   12175.671841
12096   685338   10577   12174.598661
11761   685338   10577   12173.414623
11724   685338   10577   12172.167729
11828   685338   10577   12170.893709
12225   685338   10577   12169.369874
11626   685338   10577   12168.442701
13276   685338   10577   12167.773263
12381   685338   10577   12167.164284
11954   685338   10577   12166.152781
11931   685338   10577   12164.900570
12152   685338   10577   12163.798266
11957   685338   10577   12162.845293
11489   685338   10577   12162.342831
11678   685338   10577   12161.689073
11881   685338   10577   12160.795149
12814   685338   10577   12159.736287
12460   685338   10577   12159.347646
13004   685338   10577   12158.514359
11670   685338   10577   12158.106565
13522   685338   10577   12157.323746
12803   685338   10577   12156.937523
12722   685338   10577   12156.120978
11718   685338   10577   12155.094237
12066   685338   10577   12153.838537
11592   685338   10577   12152.787102
11744   685338   10577   12151.517297
11811   685338   10577   12149.971932
11678   685338   10577   12148.333829
11755   685338   10577   12146.762943
11606   685338   10577   12145.166849
11576   685338   10577   12143.581002
13292   685338   10577   12142.178680
11860   685338   10577   12141.290621
11630   685338   10577   12140.000870
11634   685338   10577   12138.410588
11670   685338   10577   12136.771140
11886   685338   10577   12135.465194
11766   685338   10577   12133.994169
16914   685338   10577   12132.434044
11790   685338   10577   12130.848748
11670   685338   10577   12129.728926
12364   685338   10577   12128.180874
11900   685338   10577   12126.637849
11584   685338   10577   12125.248635
11687   685338   10577   12124.020822
11738   685338   10577   12122.622455
11539   685338   10577   12121.246064
12164   685338   10577   12119.765232
11937   685338   10577   12118.671161
11707   685338   10577   12117.346039
11729   685338   10577   12115.926722
15090   685338   10577   12114.485914
11656   685338   10577   12113.294593
11580   685338   10577   12111.938460
11170   685338   10577   12110.568958
11796   685338   10577   12109.407648
13028   685338   10577   12108.300821
15477   685338   10577   12107.089059
12029   685338   10577   12105.730757
11758   685338   10577   12104.389445
12156   685338   10577   12103.258184
11626   685338   10577   12102.022827
11679   685338   10577   12100.741196
11787   685338   10577   12099.430046
12003   685338   10577   12098.350028
11242   685338   10577   12097.251659
11958   685338   10577   12095.955982
11654   685338   10577   12094.668084
11611   685338   10577   12093.556645
12075   685338   10577   12092.771807
11530   685338   10577   12091.179627
11378   685338   10577   12089.105753
11344   685338   10577   12087.169848
11802   685338   10577   12085.517935
11431   685338   10577   12083.633337
11364   685338   10577   12081.746676
12511   685338   10577   12079.930904
11673   685338   10577   12078.269523
11519   685338   10577   12076.424313
11436   685338   10577   12074.624648
12958   685338   10577   12072.926170
12411   685338   10577   12071.560822
11457   685338   10577   12069.869788
11468   685338   10577   12068.200753
11515   685338   10577   12066.533655
11759   685338   10577   12065.188213
11928   685338   10577   12063.663122
11826   685338   10577   12062.108061
11898   685338   10577   12060.575296
11711   685338   10577   12059.406744
11632   685338   10577   12057.907922
11098   685338   10577   12056.417521
10807   685338   10577   12054.919008
11638   685338   10577   12053.913530
11507   685338   10577   12052.488397
11719   685338   10577   12051.161716
11407   685338   10577   12049.778832
11482   685338   10577   12048.831513
11408   685338   10577   12047.508046
11703   685338   10577   12046.247239
11409   685338   10577   12045.041089
11643   685338   10577   12043.970428
11673   685338   10577   12042.679996
11205   685338   10577   12041.423101
11882   685338   10577   12040.173963
11738   685338   10577   12039.374639
11632   685338   10577   12038.152578
11705   685338   10577   12036.937997
11990   685338   10577   12035.720480
11618   685338   10577   12034.744189
11433   685338   10577   12033.624115
11729   685338   10577   12032.504870
11663   685338   10577   12031.342875
11653   685338   10577   12030.321825
12717   685338   10577   12029.460555
11757   685338   10577   12028.345442
11724   685338   10577   12027.229094
18040   685338   10577   12026.396847
11646   685338   10577   12025.325802
11426   685338   10577   12024.489765
11585   685338   10577   12023.411395
11574   685338   10577   12022.448771
11862   685338   10577   12021.652159
12137   685338   10577   12020.585970
11339   685338   10577   12019.607148
11781   685338   10577   12018.688297
11831   685338   10577   12017.776401
11562   685338   10577   12016.735356
11540   685338   10577   12015.745067
11776   685338   10577   12014.859915
11628   685338   10577   12014.161977
11543   685338   10577   12013.172373
11488   685338   10577   12012.189116
11568   685338   10577   12011.344842
11530   685338   10577   12010.550536
11831   685338   10577   12009.594231
12235   685338   10577   12008.715969
11843   685338   10577   12007.921365
11935   685338   10577   12007.264155
11715   685338   10577   12006.349534
11617   685338   10577   12005.452117
11615   685338   10577   12004.561303
11517   685338   10577   12003.965101
11592   685338   10577   12003.091248
11818   685338   10577   12002.210182
11569   685338   10577   12001.336577
11617   685338   10577   12000.783652
11170   685338   10577   11999.984307
11877   685338   10577   11999.165378
11628   685338   10577   11998.322927
11911   685338   10577   11997.659766
11607   685338   10577   11996.805518
11732   685338   10577   11995.951846
12854   685338   10577   11995.100817
11652   685338   10577   11994.578289
11635   685338   10577   11993.815111
11699   685338   10577   11993.022018
11605   685338   10577   11992.204825
10921   685338   10577   11991.587026
11599   685338   10577   11990.798540
11398   685338   10577   11990.004152
11875   685338   10577   11989.295432
11712   685338   10577   11988.858386
12224   685338   10577   11988.078306
15650   685338   10577   11987.305894
11838   685338   10577   11986.541506
11720   685338   10577   11985.979157
11789   685338   10577   11985.340246
11657   685338   10577   11984.618992
11921   685338   10577   11983.896645
11503   685338   10577   11983.320809
11654   685338   10577   11982.734165
11566   685338   10577   11982.004780
11670   685338   10577   11981.400043
11654   685338   10577   11980.863470
14474   685338   10577   11980.239418
11432   685338   10577   11979.671552
11549   685338   10577   11978.983871
12161   685338   10577   11978.510137
11644   685338   10577   11977.983750
11792   685338   10577   11977.329910
11633   685338   10577   11976.664867
11822   685338   10577   11976.137897
11795   685338   10577   11975.506846
11806   685338   10577   11974.863292
11704   685338   10577   11974.179293
12737   685338   10577   11973.695899
11620   685338   10577   11973.162669
11354   685338   10577   11972.515750
11752   685338   10577   11971.847979
13669   685338   10577   11971.247438
12525   685338   10577   11970.696314
12008   685338   10577   11970.104990
11652   685338   10577   11969.523947
12124   685338   10577   11968.999887
11746   685338   10577   11968.538358
11706   685338   10577   11967.913709
11762   685338   10577   11967.274729
11893   685338   10577   11966.888272
12524   685338   10577   11968.533354
12665   685338   10577   11970.115083
12823   685338   10577   11971.558119
32532   685338   10577   11972.946947
11825   685338   10577   11974.373674
12171   685338   10577   11975.609116
12326   685338   10577   11976.619789
12395   685338   10577   11977.512906
12319   685338   10577   11978.481295
12364   685338   10577   11979.204607
12186   685338   10577   11979.858994
12291   685338   10577   11980.439699
12355   685338   10577   11981.279505
12167   685338   10577   11981.771964
12123   685338   10577   11982.168665
12702   685338   10577   11982.530004
12250   685338   10577   11983.019559
11884   685338   10577   11983.272076
12166   685338   10577   11983.545697
11877   685338   10577   11983.727765
12073   685338   10577   11984.198117
11852   685338   10577   11984.331011
11852   685338   10577   11984.426765
11961   685338   10577   11984.448803
19817   685338   10577   11984.647608
11953   685338   10577   11984.627374
12024   685338   10577   11984.605128
12252   685338   10577   11984.555202
11800   685338   10577   11984.859466
11935   685338   10577   11984.760141
11991   685338   10577   11984.686040
11728   685338   10577   11984.531972
12225   685338   10577   11984.565701
11655   685338   10577   11984.418224
12363   685338   10577   11984.263949
12429   685338   10577   11984.077440
12237   685338   10577   11984.171346
11994   685338   10577   11983.966802
12028   685338   10577   11983.729938
11755   685338   10577   11983.473532
11638   685338   10577   11983.379104
12025   685338   10577   11983.110015
11807   685338   10577   11982.830973
11597   685338   10577   11982.587150
11865   685338   10577   11982.461266
11633   685338   10577   11982.278345
12251   685338   10577   11982.004120
12197   685338   10577   11981.705106
11865   685338   10577   11981.511950
11835   685338   10577   11981.266232
11688   685338   10577   11981.040953
11801   685338   10577   11980.710271
11892   685338   10577   11980.507233
11683   685338   10577   11980.312894
11698   685338   10577   11979.975351
11764   685338   10577   11979.680423
12689   685338   10577   11979.401376
11780   685338   10577   11979.161987
11788   685338   10577   11978.835925
11620   685338   10577   11978.503015
11755   685338   10577   11978.234140
11642   685338   10577   11978.105081
11753   685338   10577   11977.783571
11737   685338   10577   11977.443026
11891   685338   10577   11977.146532
11910   685338   10577   11976.939392
11749   685338   10577   11976.614676
11745   685338   10577   11976.313658
12908   685338   10577   11975.987374
11825   685338   10577   11975.877083
11778   685338   10577   11975.510637
11726   685338   10577   11975.168811
11760   685338   10577   11974.818423
11881   685338   10577   11974.587149
11730   685338   10577   11974.305351
11686   685338   10577   11973.960411
11785   685338   10577   11973.612973
11792   685338   10577   11973.510612
11555   685338   10577   11973.203227
12014   685338   10577   11972.886828
11849   685338   10577   11972.577236
12320   685338   10577   11972.401666
12040   685338   10577   11972.080058
12184   685338   10577   11971.759627
11899   685338   10577   11971.403178
11642   685338   10577   11971.217172
12038   685338   10577   11970.970199
12117   685338   10577   11970.691160
11661   685338   10577   11970.358145
11656   685338   10577   11970.154930
11666   685338   10577   11969.807415
12000   685338   10577   11969.539537
11713   685338   10577   11969.224134
11750   685338   10577   11969.119651
11752   685338   10577   11968.771092
11775   685338   10577   11968.436401
11843   685338   10577   11968.150309
11198   685338   10577   11967.968698
11812   685338   10577   11967.715037
11750   685338   10577   11967.390943
11726   685338   10577   11967.052842
13486   685338   10577   11966.929126
12155   685338   10577   11966.669829
11902   685338   10577   11966.358469
11819   685338   10577   11966.034652
12156   685338   10577   11965.898674
12168   685338   10577   11965.591558
12100   685338   10577   11965.269006
11619   685338   10577   11964.956688
13039   685338   10577   11964.771360
11742   685338   10577   11964.566592
11817   685338   10577   11964.282669
11772   685338   10577   11963.961203
12515   685338   10577   11963.724685
11241   685338   10577   11963.462141
11906   685338   10577   11963.151990
11894   685338   10577   11962.829625
12395   685338   10577   11962.632167
12208   685338   10577   11962.446683
11910   685338   10577   11962.126594
11783   685338   10577   11961.810788
11881   685338   10577   11961.524125
11667   685338   10577   11961.319619
11853   685338   10577   11961.045721
18839   685338   10577   11960.790719
11835   685338   10577   11960.611774
11811   685338   10577   11960.471922
11770   685338   10577   11960.165083
11866   685338   10577   11959.870523
12734   685338   10577   11959.606359
12042   685338   10577   11959.434275
11756   685338   10577   11959.142489
11704   685338   10577   11958.843033
13051   685338   10577   11958.552602
13431   685338   10577   11958.465795
11885   685338   10577   11958.309560
11644   685338   10577   11958.052727
12188   685338   10577   11957.769991
12167   685338   10577   11957.639447
11609   685338   10577   11957.405711
11686   685338   10577   11957.143268
11619   685338   10577   11956.845941
11823   685338   10577   11956.792972
11761   685338   10577   11956.512141
11449   685338   10577   11956.247917
12165   685338   10577   11955.991590
11855   685338   10577   11955.834979
11787   685338   10577   11955.617666
11697   685338   10577   11955.371360
11781   685338   10577   11955.095362
11683   685338   10577   11955.019284
11643   685338   10577   11954.737729
11653   685338   10577   11954.460235
11594   685338   10577   11954.185174
11769   685338   10577   11954.048443
11857   685338   10577   11953.784545
11793   685338   10577   11953.534934
11828   685338   10577   11953.252687
12479   685338   10577   11953.135646
11820   685338   10577   11952.905671
11815   685338   10577   11952.683530
12136   685338   10577   11952.449819
11947   685338   10577   11952.302899
14026   685338   10577   11952.046256
11977   685338   10577   11951.832545
11838   685338   10577   11951.564333
11635   685338   10577   11951.474152
12020   685338   10577   11951.298437
12224   685338   10577   11951.049813
11228   685338   10577   11950.772772
12348   685338   10577   11950.523426
11787   685338   10577   11950.361051
11529   685338   10577   11950.091176
11718   685338   10577   11949.868472
12235   685338   10577   11949.724974
12023   685338   10577   11949.554399
11892   685338   10577   11949.292820
11835   685338   10577   11949.027800
12013   685338   10577   11948.837145
11667   685338   10577   11948.696124
11801   685338   10577   11948.451315
11972   685338   10577   11948.220186
11874   685338   10577   11948.047444
11664   685338   10577   11947.888017
11749   685338   10577   11947.626490
11712   685338   10577   11947.408767
11777   685338   10577   11947.200873
12079   685338   10577   11947.054514
12233   685338   10577   11946.837243
12802   685338   10577   11946.583133
12074   685338   10577   11946.384404
11621   685338   10577   11946.278017
11775   685338   10577   11946.058476
11652   685338   10577   11945.796661
11930   685338   10577   11945.563506
11600   685338   10577   11945.415179
11590   685338   10577   11945.160092
11950   685338   10577   11944.940988
11626   685338   10577   11944.728556
12042   685338   10577   11944.687665
11899   685338   10577   11944.454528
11892   685338   10577   11944.207584
12028   685338   10577   11943.959454
11587   685338   10577   11943.830920
11614   685338   10577   11943.618172
12763   685338   10577   11943.403910
11816   685338   10577   11943.182892
11814   685338   10577   11943.215225
11667   685338   10577   11942.991197
11603   685338   10577   11942.760871
11815   685338   10577   11942.582986
11810   685338   10577   11942.463055
11648   685338   10577   11942.236958
11860   685338   10577   11942.005804
11709   685338   10577   11941.759416
11752   685338   10577   11941.716137
11960   685338   10577   11941.531114
11903   685338   10577   11941.317704
11870   685338   10577   11941.103194
11884   685338   10577   11940.981968
11862   685338   10577   11940.770806
11720   685338   10577   11940.548932
11817   685338   10577   11940.337376
12103   685338   10577   11940.332542
11876   685338   10577   11940.115305
11535   685338   10530   11939.765345
11919   685338   9988   11939.120085
10562   685338   9988   11938.351670
10792   685338   9988   11936.363530
10646   685338   9988   11934.577694
11260   685338   9988   11932.661219
10732   685338   9988   11931.044152
10783   685338   9988   11929.536819
11199   685338   9988   11928.133798
11194   685338   9988   11926.883465
12794   685338   9988   11925.872147
11405   685338   9988   11924.874364
11976   685338   9988   11923.959367
11565   685338   9988   11923.152212
11553   685338   9988   11922.522628
11415   685338   9988   11921.877174
11562   685338   9988   11921.226305
11547   685338   9988   11920.596147
11829   685338   9988   11920.103156
11944   685338   9988   11919.656143
11609   685338   9988   11919.123806
11477   685338   9988   11918.645082
12131   685338   9988   11918.281232
11084   685338   9988   11917.928296
11932   685338   9988   11917.517817
11929   685338   9988   11917.104114
11749   685338   9988   11916.735262
11433   685338   9988   11916.431741
11929   685338   9988   11916.078337
11613   685338   9988   11915.709893
11665   685338   9988   11915.401498
15814   685338   9988   11915.155808
11619   685338   9988   11914.812123
11624   685338   9988   11914.454279
11594   685338   9988   11914.133726
11556   685338   9988   11913.908774
11714   685338   9988   11913.587590
11948   685338   9988   11913.265817
13844   685338   9988   11912.943753
11406   685338   9988   11912.822786
11636   685338   9988   11912.534978
11660   685338   9988   11912.250756
11634   685338   9988   11911.980383
11670   685338   9988   11911.774112
11765   685338   9988   11911.485150
11560   685338   9988   11911.177747
11698   685338   9988   11910.875388
11765   685338   9988   11910.756553
11490   685338   9988   11910.484254
11745   685338   9988   11910.201123
12115   685338   9988   11909.935790
11705   685338   9988   11909.751025
11922   685338   9988   11909.480763
11599   685338   9988   11909.219707
11405   685338   9988   11908.938296
11651   685338   9988   11908.814657
11594   685338   9988   11908.541577
11729   685338   9988   11908.277456
11545   685338   9988   11908.006605
11872   685338   9988   11907.856989
11785   685338   9988   11907.579378
11615   685338   9988   11907.305439
11496   685338   9988   11907.016787
11181   685338   9988   11906.890937
11669   685338   9988   11906.611169
10974   685338   9988   11906.258676
11046   685338   9988   11904.972515
11082   685338   9988   11903.919857
11127   685338   9988   11902.850046
11454   685338   9988   11901.910090
11320   685338   9988   11901.050672
11417   685338   9988   11900.366279
11203   685338   9988   11899.711452
11357   685338   9988   11899.050286
11786   685338   9988   11898.429189
12564   685338   9988   11897.991666
12835   685338   9988   11897.456849
11532   685338   9988   11896.953358
11700   685338   9988   11896.511454
12666   685338   9988   11896.147205
12737   685338   9988   11895.802065
11706   685338   9988   11895.407753
11432   685338   9988   11895.033511
11475   685338   9988   11894.733057
11927   685338   9988   11894.451398
11478   685338   9988   11894.117710
11679   685338   9988   11893.792062
12024   685338   9988   11893.563143
11590   685338   9988   11893.342684
11571   685338   9988   11893.048668
11373   685338   9988   11892.781667
11374   685338   9988   11892.526479
11634   685338   9988   11892.352410
11706   685338   9988   11892.081563
11622   685338   9988   11891.817222
11769   685338   9988   11891.587239
11588   685338   9988   11891.422198
12759   685338   9988   11891.356444
12598   685338   9988   11892.344023
12538   685338   9988   11893.208821
16499   685338   9988   11894.006863
12237   685338   9988   11894.680954
12144   685338   9988   11895.230238
15416   685338   9988   11895.718572
11455   685338   9988   11896.241052
12333   685338   9988   11896.549887
12000   685338   9988   11896.836904
12040   685338   9988   11897.039022
11877   685338   9988   11897.283811
12055   685338   9988   11897.449999
11883   685338   9988   11897.566549
11803   685338   9988   11897.623426
11899   685338   9988   11897.802036
12090   685338   9988   11897.822407
12174   685338   9988   11897.830393
11386   685338   9988   11897.849024
12079   685338   9988   11897.925096
11817   685338   9988   11897.925019
11900   685338   9988   11897.881919
11715   685338   9988   11897.827005
11944   685338   9988   11897.892959
11756   685338   9988   11897.873903
12201   685338   9988   11897.795398
12234   685338   9988   11897.709082
11750   685338   9988   11897.710391
11586   685338   9988   11897.609110
11840   685338   9988   11897.503142
11974   685338   9988   11897.393300
11551   685338   9988   11897.432246
15865   685338   9988   11897.457062
11906   685338   9988   11897.626194
11927   685338   9988   11897.763292
11980   685338   9988   11897.970903
11891   685338   9988   11898.076106
11760   685338   9988   11898.228223
12115   685338   9988   11898.298846
11931   685338   9988   11898.480540
11974   685338   9988   11898.557749
11851   685338   9988   11898.607578
12048   685338   9988   11898.641150
11668   685338   9988   11898.781076
11957   685338   9988   11898.822969
11823   685338   9988   11898.854078
11843   685338   9988   11898.865464
11747   685338   9988   11898.930872
11389   685338   9988   11898.995058
12132   685338   9988   11899.007394
11898   685338   9988   11898.978336
11907   685338   9988   11899.002966
11893   685338   9988   11899.002954
11782   685338   9988   11898.955984
11808   685338   9988   11898.893177
11876   685338   9988   11898.915965
11984   685338   9988   11898.936552
11725   685338   9988   11898.869615
11741   685338   9988   11898.792019
11470   685338   9988   11898.730441
11115   685338   9988   11898.758135
11920   685338   9988   11898.695701
11733   685338   9988   11898.647539
12169   685338   9988   11898.607776
11608   685338   9988   11898.625381
11861   685338   9988   11898.573206
11564   685338   9988   11898.524363
11995   685338   9988   11898.457991
11816   685338   9988   11898.470948
12053   685338   9988   11898.382061
11784   685338   9988   11898.277414
13185   685338   9988   11898.180848
11662   685338   9988   11898.204744
12082   685338   9988   11898.125885
11740   685338   9988   11898.055889
11790   685338   9988   11897.956386
11463   685338   9988   11897.941523
11669   685338   9988   11897.853281
11591   685338   9988   11897.760013
11886   685338   9988   11897.672808
14998   685338   9988   11897.760350
12059   685338   9988   11897.654023
12165   685338   9988   11897.543351
11946   685338   9988   11897.428435
11800   685338   9988   11897.395743
11737   685338   9988   11897.283603
11787   685338   9988   11897.182273
11682   685338   9988   11897.077857
11849   685338   9988   11897.113571
15723   685338   9988   11897.009338
11736   685338   9988   11896.900861
11607   685338   9988   11896.790449
11603   685338   9988   11896.772301
11736   685338   9988   11896.700203
11990   685338   9988   11896.583145
11817   685338   9988   11896.467670
11660   685338   9988   11896.526079
11669   685338   9988   11896.383028
11784   685338   9988   11896.225694
11913   685338   9988   11896.121320
11839   685338   9988   11896.059609
11573   685338   9988   11895.924227
11656   685338   9988   11895.774171
11781   685338   9988   11895.625927
11858   685338   9988   11895.606132
11393   685338   9988   11895.531054
11767   685338   9988   11895.381261
11600   685338   9988   11895.247190
11745   685338   9988   11895.167097
11796   685338   9988   11895.059112
11910   685338   9988   11894.919435
11847   685338   9988   11894.801529
12015   685338   9988   11894.741603
11478   685338   9988   11894.694781
11705   685338   9988   11894.563376
13574   685338   9988   11894.424784
11741   685338   9988   11894.343765
11745   685338   9988   11894.248176
11736   685338   9988   11894.148241
11599   685338   9988   11894.024576
11631   685338   9988   11893.944944
12350   685338   9988   11893.899048
11943   685338   9988   11893.780062
11886   685338   9988   11893.659579
11872   685338   9988   11893.574561
11678   685338   9988   11893.544936
11618   685338   9988   11893.424326
11994   685338   9988   11893.341798
11613   685338   9988   11893.243378
11783   685338   9988   11893.212684
11735   685338   9988   11893.110390
10787   685338   9988   11892.986263
12050   685338   9988   11892.885643
10918   685338   9988   11892.859351
12160   685338   9988   11892.747594
11768   685338   9988   11892.619473
11775   685338   9988   11892.521739
11785   685338   9988   11892.536897
18541   685338   9988   11892.428888
11659   685338   9988   11892.312256
11612   685338   9988   11892.185592
13409   685338   9988   11892.139165
11561   685338   9988   11892.042074
11455   685338   9988   11892.007065
11553   685338   9988   11891.911854
11904   685338   9988   11891.913201
11862   685338   9988   11891.793276
17833   685338   9988   11891.667635
11644   685338   9988   11891.541398
11711   685338   9988   11891.568884
11823   685338   9988   11891.456644
11762   685338   9988   11891.353253
11808   685338   9988   11891.270305
11613   685338   9988   11891.285350
12214   685338   9988   11891.173449
11861   685338   9988   11891.077273
11874   685338   9988   11890.978140
11741   685338   9988   11890.940061
11676   685338   9988   11890.843227
11821   685338   9988   11890.752447
11684   685338   9988   11890.652508
11655   685338   9988   11890.683413
11799   685338   9988   11890.579741
11845   685338   9988   11890.465598
11701   685338   9988   11890.372567
11731   685338   9988   11890.300158
11703   685338   9988   11890.253536
11886   685338   9988   11890.168868
11809   685338   9988   11890.074626
11667   685338   9988   11890.060433
11599   685338   9988   11889.988854
11970   685338   9988   11889.875389
12215   685338   9988   11889.770874
16057   685338   9988   11889.758427
11887   685338   9988   11889.666658
11567   685338   9988   11889.567885
11748   685338   9988   11889.500452
11811   685338   9988   11889.457729
11781   685338   9988   11889.407138
11976   685338   9988   11889.311461
11823   685338   9988   11889.234662
11919   685338   9988   11889.157911
12315   685338   9988   11889.121353
11733   685338   9988   11889.041742
11992   685338   9988   11888.946512
12799   685338   9988   11888.905671
11537   685338   9988   11888.895884
11908   685338   9988   11888.816407
11641   685338   9988   11888.744070
11824   685338   9988   11888.686926
12013   685338   9988   11888.642007
11629   685338   9988   11888.552220
11667   685338   9988   11888.481390
11929   685338   9988   11888.429910
11885   685338   9988   11888.415373
11674   685338   9988   11888.312526
11620   685338   9988   11888.205206
12109   685338   9988   11888.102179
11892   685338   9988   11888.084627
11836   685338   9988   11887.990550
12121   685338   9988   11887.899359
12151   685338   9988   11887.805775
11988   685338   9988   11887.823778
11825   685338   9988   11887.724005
11919   685338   9988   11887.628540
14614   685338   9988   11887.537756
11682   685338   9988   11887.510378
11689   685338   9988   11887.404228
11871   685338   9988   11887.297435
11835   685338   9988   11887.196999
11792   685338   9988   11887.214677
11912   685338   9988   11887.160406
11830   685338   9988   11887.099979
11731   685338   9988   11887.032128
11547   685338   9988   11887.002703
11891   685338   9988   11886.913737
11749   685338   9988   11886.818077
11863   685338   9988   11886.745819
11786   685338   9988   11886.793155
12771   685338   9988   11886.719037
11907   685338   9988   11886.639490
11819   685338   9988   11886.558098
12262   685338   9988   11886.538951
12258   685338   9988   11886.466489
12090   685338   9988   11886.379550
11898   685338   9988   11886.279572
11832   685338   9988   11886.290381
13115   685338   9988   11886.194850
11726   685338   9988   11886.095358
11659   685338   9988   11886.016980
11762   685338   9988   11885.996551
11588   685338   9988   11885.951504
11769   685338   9988   11885.895766
11678   685338   9988   11885.825107
12048   685338   9988   11885.805190
11654   685338   9988   11885.778554
11722   685338   9988   11885.690065
11900   685338   9988   11885.623059
12216   685338   9988   11885.595196
11825   685338   9988   11885.512775
12881   685338   9988   11885.424229
11735   685338   9988   11885.331809
11664   685338   9988   11885.313707
11783   685338   9988   11885.272145
11811   685338   9988   11885.175233
11916   685338   9988   11885.117472
11763   685338   9988   11885.071004
11786   685338   9988   11885.014921
12034   685338   9988   11884.940840
11833   685338   9988   11884.850216
11669   685338   9988   11884.812009
12292   685338   9988   11884.796087
11723   685338   9988   11884.717045
11962   685338   9988   11884.643326
11562   685338   9988   11884.662501
11962   685338   9988   11884.640265
11732   685338   9988   11884.581105
11913   685338   9988   11884.531773
11773   685338   9988   11884.476666
11778   685338   9988   11884.481546
11542   685338   9988   11884.422364
12042   685338   9988   11884.337364
12016   685338   9988   11884.241609
11889   685338   9988   11884.219633
11852   685338   9988   11884.140162
11916   685338   9988   11884.064411
11910   685338   9988   11883.997754
11618   685338   9988   11884.015103
11916   685338   9988   11883.942446
11720   685338   9988   11883.860817
11631   685338   9988   11883.764075
12332   685338   9988   11883.751691
11690   685338   9988   11883.675409
12070   685338   9988   11883.642963
12240   685338   9988   11883.552806
11732   685338   9988   11883.581498
11708   685338   9988   11883.506971
11640   685338   9988   11883.419299
11778   685338   9988   11883.356491
12171   685338   9988   11883.366791
12060   685338   9988   11883.291941
11614   685338   9988   11883.224381
12487   685338   9988   11883.140642
11751   685338   9988   11883.169806
11966   685338   9988   11883.095267
11634   685338   9988   11883.038872
11874   685338   9988   11882.952171
12086   685338   9988   11882.977879
11778   685338   9988   11882.900492
10901   685338   9988   11882.680583
11181   685338   9988   11881.966106
11278   685338   9988   11881.410074
11218   685338   9988   11880.772204
11518   685338   9988   11880.171017
12439   685338   9988   11879.586481
11783   685338   9988   11879.088378
11638   685338   9988   11878.557835
11728   685338   9988   11878.073043
11173   685338   9988   11877.595876
11692   685338   9988   11877.248125
11490   685338   9988   11876.831639
11360   685338   9988   11876.411285
11547   685338   9988   11876.009525
11986   685338   9988   11875.683028
11521   685338   9988   11875.349166
11706   685338   9988   11875.044937
11340   685338   9988   11874.716526
11480   685338   9988   11874.467684
11569   685338   9988   11874.217614
11429   685338   9988   11873.928846
11395   685338   9988   11873.676308
11429   685338   9988   11873.404433
11474   685338   9988   11873.190061
11276   685338   9988   11872.940052
11590   685338   9988   11872.675722
13043   685338   9988   11872.461085
11302   685338   9988   11872.301935
11748   685338   9988   11872.072675
11512   685338   9988   11871.834799
11485   685338   9988   11871.628794
11349   685338   9988   11871.456485
11619   685338   9988   11871.280108
11476   685338   9988   11871.086453
11596   685338   9988   11870.916217
11578   685338   9988   11870.803179
11758   685338   9988   11870.611572
11722   685338   9988   11870.430193
11636   685338   9988   11870.256712
12410   685338   9988   11870.182523
11719   685338   9988   11870.007517
11664   685338   9988   11869.829914
11594   685338   9988   11869.657426
11654   685338   9988   11869.590560
10882   685338   9988   11869.421117
11580   685338   9988   11869.250544
11587   685338   9988   11869.107947
11834   685338   9988   11869.021000
11664   685338   9988   11868.862514
12132   685338   9988   11868.698435
11760   685338   9988   11868.557563
11681   685338   9988   11868.502651
11598   685338   9988   11868.368854
11673   685338   9988   11868.211379
11947   685338   9988   11868.057693
16973   685338   9988   11867.976289
11551   685338   9988   11867.824835
11989   685338   9988   11867.673099
11673   685338   9988   11867.538970
11628   685338   9988   11867.495227
11613   685338   9988   11867.363082
11668   685338   9988   11867.215832
11792   685338   9988   11867.070402
11841   685338   9988   11866.984361
11422   685338   9988   11866.857721
11740   685338   9988   11866.713366
18231   685338   9988   11866.591237
11771   685338   9988   11866.558185
11721   685338   9988   11866.453493
11386   685338   9988   11866.306855
11824   685338   9988   11866.174446
11972   685338   9988   11866.100393
11437   685338   9988   11865.989409
11766   685338   9988   11865.857112
12044   685338   9988   11865.720212
11763   685338   9988   11865.665294
11539   685338   9988   11865.617355
11724   685338   9988   11865.511561
11678   685338   9988   11865.408474
14022   685338   9988   11865.341288
11820   685338   9988   11865.246156
11621   685338   9988   11865.113238
11565   685338   9988   11864.982063
11737   685338   9988   11864.919744
11909   685338   9988   11864.861218
14911   685338   9988   11864.743570
11633   685338   9988   11864.643888
12290   685338   9988   11864.537619
11946   685338   9988   11864.458846
12247   685338   9988   11864.350228
12119   685338   9988   11864.230237
11625   685338   9988   11864.161094
12209   685338   9988   11864.149406
11973   685338   9988   11864.045893
12075   685338   9988   11863.939728
11716   685338   9988   11863.846891
15769   685338   9988   11863.772658
11638   685338   9988   11863.588760
11476   685338   9988   11863.246211
11983   685338   9988   11862.926183
11378   685338   9988   11862.719574
11648   685338   9988   11862.439671
11453   685338   9988   11862.156118
11594   685338   9988   11861.876147
11383   685338   9988   11861.667492
11325   685338   9988   11861.403014
11325   685338   9988   11861.159789
12098   685338   9988   11860.906785
11486   685338   9988   11860.778195
11413   685338   9988   11860.547390
11506   685338   9988   11860.316085
11587   685338   9988   11860.131127
12123   685338   9988   11859.986967
11952   685338   9988   11859.782363
11381   685338   9988   11859.624929
11633   685338   9988   11859.449332
18592   685338   9988   11859.374533
11609   685338   9988   11859.205273
11449   685338   9988   11859.028315
11697   685338   9988   11858.857571
12116   685338   9988   11858.746168
11838   685338   9988   11858.590824
11517   685338   9988   11858.410535
11733   685338   9988   11858.243798
11682   685338   9988   11858.181268
11643   685338   9988   11858.019811
11404   685338   9988   11857.873297
11624   685338   9988   11857.718190
12865   685338   9988   11857.625445
11679   685338   9988   11857.496396
15370   685338   9988   11857.337811
11604   685338   9988   11857.177997
12059   685338   9988   11857.117324
12007   685338   9988   11856.984622
11571   685338   9988   11856.839083
11751   685338   9988   11856.697404
11544   685338   9988   11856.649680
11667   685338   9988   11856.519860
11588   685338   9988   11856.390944
12012   685338   9988   11856.271075
11835   685338   9988   11856.187827
13548   685338   9988   11856.093201
12179   685338   9988   11855.953180
12025   685338   9988   11855.825764
12599   685338   9988   11855.747830
11746   685338   9988   11855.646979
11655   685338   9988   11855.524208
11844   685338   9988   11855.390380
13751   685338   9988   11855.304354
11986   685338   9988   11855.229615
11630   685338   9988   11855.104204
11712   685338   9988   11854.993432
11634   685338   9988   11854.875873
11800   685338   9988   11854.787193
11592   685338   9988   11854.662978
11602   685338   9988   11854.534030
13504   685338   9988   11854.434214
11720   685338   9988   11854.385172
11562   685338   9988   11854.263647
11771   685338   9988   11854.138170
11711   685338   9988   11854.022631
12821   685338   9988   11854.092972
12652   685338   9988   11854.447472
12658   685338   9988   11854.785877
16132   685338   9988   11855.105293
15008   685338   9988   11855.473852
12225   685338   9988   11855.740795
12260   685338   9988   11856.000727
12065   685338   9988   11856.248937
12050   685338   9988   11856.520563
12178   685338   9988   11856.748950
12032   685338   9988   11856.955356
11882   685338   9988   11857.134787
11908   685338   9988   11857.359624
12015   685338   9988   11857.516406
13154   685338   9988   11857.641993
12219   685338   9988   11857.760777
12673   685338   9988   11857.910773
11970   685338   9988   11857.998230
11654   685338   9988   11858.090596
11774   685338   9988   11858.170033
11857   685338   9988   11858.323754
11935   685338   9988   11858.388075
11840   685338   9988   11858.432201
11790   685338   9988   11858.482645
11985   685338   9988   11858.570942
11901   685338   9988   11858.676319
11844   685338   9988   11858.700892
11916   685338   9988   11858.733926
13279   685338   9988   11858.826655
11629   685338   9988   11858.834636
11914   685338   9988   11858.831664
11858   685338   9988   11858.817304
11707   685338   9988   11858.869562
12147   685338   9988   11858.872277
11774   685338   9988   11858.866455
11796   685338   9988   11858.866258
12249   685338   9988   11858.914847
11803   685338   9988   11858.917538
11683   685338   9988   11858.883531
12756   685338   9988   11858.847045
11822   685338   9988   11858.885795
11450   685338   9988   11858.857658
11672   685338   9988   11858.826968
11707   685338   9988   11858.797035
11790   685338   9988   11858.824779
11486   685338   9988   11858.815180
11695   685338   9988   11858.790250
11820   685338   9988   11858.746743
11856   685338   9988   11858.725393
11771   685338   9988   11858.731323
12954   685338   9988   11858.679979
11937   685338   9988   11858.621601
13227   685338   9988   11858.622842
12267   685338   9988   11858.616910
12288   685338   9988   11858.608009
12254   685338   9988   11858.558149
11744   685338   9988   11858.513582
11585   685338   9988   11858.509453
11742   685338   9988   11858.474768
15509   685338   9988   11858.419102
11802   685338   9988   11858.382839
11642   685338   9988   11858.389146
11561   685338   9988   11858.335549
11771   685338   9988   11858.280695
12448   685338   9988   11858.221402
12360   685338   9988   11858.105639
11723   685338   9988   11857.953204
11646   685338   9988   11857.797233
11634   685338   9988   11857.641286
11685   685338   9988   11857.573306
11577   685338   9988   11857.423518
15452   685338   9988   11857.315473
11655   685338   9988   11857.188408
11966   685338   9988   11857.114940
11743   685338   9988   11857.014184
11492   685338   9988   11856.883825
11784   685338   9988   11856.742602
11698   685338   9988   11856.711457
11740   685338   9988   11856.582895
11585   685338   9988   11856.457099
11425   685338   9988   11856.353001
11606   685338   9988   11856.277051
11747   685338   9988   11856.151856
11647   685338   9988   11856.037199
11614   685338   9988   11855.910326
11711   685338   9988   11855.883132
11559   685338   9988   11855.765595
11767   685338   9988   11855.643219
12465   685338   9988   11855.519011
11896   685338   9988   11855.467589
11604   685338   9988   11855.358987
12211   685338   9988   11855.259385
12055   685338   9988   11855.144753
11841   685338   9988   11855.095148
11862   685338   9988   11855.020082
11900   685338   9988   11854.936111
12166   685338   9988   11854.831902
11649   685338   9988   11854.784009
11574   685338   9988   11854.683243
11829   685338   9988   11854.583063
11624   685338   9988   11854.473357
11972   685338   9988   11854.431005
11716   685338   9988   11854.361600
11519   685338   9988   11854.287098
11557   685338   9988   11854.181902
11494   685338   9988   11854.149687
13959   685338   9988   11854.051712
11673   685338   9988   11853.954734
11417   685338   9988   11853.872075
11730   685338   9988   11853.821968
11664   685338   9988   11853.768383
11497   685338   9988   11853.673832
11442   685338   9988   11853.574119
11635   685338   9988   11853.513707
12059   685338   9988   11853.453592
12136   685338   9988   11853.372470
12290   685338   9988   11853.277807
11814   685338   9988   11853.219473
11975   685338   9988   11853.187505
12122   685338   9988   11853.098338
11613   685338   9988   11853.019206
11660   685338   9988   11852.945227
11711   685338   9988   11852.908125
12587   685338   9988   11852.823974
11641   685338   9988   11852.734289
11502   685338   9988   11852.669615
11617   685338   9988   11852.666345
11696   685338   9988   11852.588840
11745   685338   9988   11852.504623
12735   685338   9988   11852.419183
11697   685338   9988   11852.380748
11687   685338   9988   11852.298237
11896   685338   9988   11852.209930
11845   685338   9988   11852.150810
11639   685338   9988   11852.153852
11905   685338   9988   11852.070023
11730   685338   9988   11852.070806
11676   685338   9988   11851.992175
12047   685338   9988   11851.967894
11593   685338   9988   11851.905604
12303   685338   9988   11851.823987
12119   685338   9988   11851.742375
11868   685338   9988   11851.743640
11889   685338   9988   11851.664318
11936   685338   9988   11851.584565
11923   685338   9988   11851.521444
11790   685338   9988   11851.500340
11575   685338   9988   11851.431337
11814   685338   9988   11851.370490
11766   685338   9988   11851.307811
11502   685338   9988   11851.318263
11833   685338   9988   11851.274087
11807   685338   9988   11851.202888
11681   685338   9988   11851.131485
11581   685338   9988   11851.118019
11901   685338   9988   11851.067992
11606   685338   9988   11850.997789
11696   685338   9988   11850.938285
11782   685338   9988   11850.942799
11657   685338   9988   11850.874390
11561   685338   9988   11850.799761
11726   685338   9988   11850.726759
11689   685338   9988   11850.704988
11844   685338   9988   11850.642098
11872   685338   9988   11850.594852
11854   685338   9988   11850.531431
12889   685338   9988   11850.523847
11862   685338   9988   11850.494044
11741   685338   9988   11850.456030
11680   685338   9988   11850.392605
11909   685338   9988   11850.385618
11595   685338   9988   11850.336602
11632   685338   9988   11850.265181
11693   685338   9988   11850.191482
11638   685338   9988   11850.163054
12559   685338   9988   11850.154769
12114   685338   9988   11850.099971
12153   685338   9988   11850.036581
11705   685338   9988   11850.001936
11663   685338   9988   11849.997710
11809   685338   9988   11849.936647
11694   685338   9988   11849.882670
12163   685338   9988   11849.882641
11619   685338   9988   11849.858055
11853   685338   9988   11849.794103
11626   685338   9988   11849.723509
11751   685338   9988   11849.667330
11891   685338   9988   11849.639313
11839   685338   9988   11849.573285
18160   685338   9988   11849.520371
11942   685338   9988   11849.475504
11510   685338   9988   11849.472391
11477   685338   9988   11849.423147
11739   685338   9988   11849.352209
11914   685338   9988   11849.282480
11874   685338   9988   11849.282064
12512   685338   9988   11849.211095
12129   685338   9988   11849.139093
11642   685338   9988   11849.067756
11970   685338   9988   11849.084197
12111   685338   9988   11849.031785
12049   685338   9988   11848.983156
11659   685338   9988   11848.919738
11635   685338   9988   11848.905735
11792   685338   9988   11848.856441
11696   685338   9988   11848.791958
11658   685338   9988   11848.739928
11734   685338   9988   11848.769990
11697   685338   9988   11848.701844
11664   685338   9988   11848.632640
11912   685338   9988   11848.566751
11660   685338   9988   11848.544122
11821   685338   9988   11848.478687
11734   685338   9988   11848.426430
11666   685338   9988   11848.363233
11821   685338   9988   11848.412026
11744   685338   9988   11848.357354
11763   685338   9988   11848.292108
11819   685338   9988   11848.232262
11951   685338   9988   11848.218605
11753   685338   9988   11848.189544
11770   685338   9988   11848.126451
11655   685338   9988   11848.074694
12236   685338   9988   11848.103963
12844   685338   9988   11848.048513
11666   685338   9988   11847.982624
11754   685338   9988   11847.930168
12055   685338   9988   11847.918901
12144   685338   9988   11847.863680
12278   685338   9988   11847.813156
12149   685338   9988   11847.772028
11943   685338   9988   11847.779238
11907   685338   9988   11847.758193
16234   685338   9988   11847.696532
11813   685338   9988   11847.635542
17937   685338   9988   11847.608884
11666   685338   9988   11847.551653
11693   685338   9988   11847.486403
11627   685338   9988   11847.437777
12147   685338   9988   11847.414908
11738   685338   9988   11847.399570
11977   685338   9988   11847.344059
11673   685338   9988   11847.280899
11589   685338   9988   11847.233566
11685   685338   9988   11847.224712
11766   685338   9988   11847.170362
11897   685338   9988   11847.113710
11633   685338   9988   11847.127886
11749   685338   9988   11847.119633
11713   685338   9988   11847.058370
11882   685338   9988   11846.991571
11569   685338   9988   11846.957498
12078   685338   9988   11846.949311
11558   685338   9988   11846.894151
11735   685338   9988   11846.852297
11669   685338   9988   11846.806352
11980   685338   9988   11846.813492
11623   685338   9988   11846.766131
11663   685338   9988   11846.702639
11820   685338   9988   11846.641413
12213   685338   9988   11846.624875
17891   685338   9988   11846.567897
12387   685338   9988   11846.500995
11707   685338   9988   11846.445777
11745   685338   9988   11846.468657
11647   685338   9988   11846.416688
11879   685338   9988   11846.353929
11466   685338   9988   11846.300989
11859   685338   9988   11846.286866
11735   685338   9988   11846.242575
11981   685338   9988   11846.186135
11936   685338   9988   11846.128041
11607   685338   9988   11846.148402
11896   685338   9988   11846.094646
11708   685338   9988   11846.032794
11473   685338   9988   11845.999526
11658   685338   9988   11845.996855
11889   685338   9988   11845.946210
12825   685338   9988   11845.915860
12339   685338   9988   11845.865573
11741   685338   9988   11845.883690
11495   685338   9988   11845.820783
11673   685338   9988   11845.772674
11768   685338   9988   11845.731755
11745   685338   9988   11845.716006
11806   685338   9988   11845.655694
11877   685338   9988   11845.605528
11610   685338   9988   11845.552466
11640   685338   9988   11845.562277
11618   685338   9988   11845.520142
12634   685338   9988   11845.459770
11998   685338   9988   11845.399249
11861   685338   9988   11845.398670
12147   685338   9988   11845.348122
11981   685338   9988   11845.305171
12212   685338   9988   11845.247328
12109   685338   9988   11845.221481
11586   685338   9988   11845.192922
11795   685338   9988   11845.132912
11740   685338   9988   11845.096485
11832   685338   9988   11845.081291
11640   685338   9988   11845.038613
12261   685338   9988   11844.992118
11330   685338   9988   11844.937532
11955   685338   9988   11844.911571
11783   685338   9988   11844.899355
11689   685338   9988   11844.859899
11841   685338   9988   11844.804964
11946   685338   9988   11844.756575
11856   685338   9988   11844.729001
11675   685338   9988   11844.666663
11689   685338   9988   11844.605446
11969   685338   9988   11844.564861
11870   685338   9988   11844.577758
11940   685338   9988   11844.529316
11833   685338   9988   11844.475448
11439   685338   9988   11844.430987
12029   685338   9988   11844.411523
17613   685338   9988   11844.352286
12095   685338   9988   11844.309240
11835   685338   9988   11844.264012
12005   685338   9988   11844.280065
12100   685338   9988   11844.227089
11829   685338   9988   11844.159258
11986   685338   9988   11844.099188
11672   685338   9988   11844.098598
11611   685338   9988   11844.032706
11498   685338   9988   11843.969129
11569   685338   9988   11843.903508
11667   685338   9988   11843.906522
16607   685338   9988   11843.856991
11624   685338   9988   11843.799493
11688   685338   9988   11843.731759
12017   685338   9988   11843.718722
11804   685338   9988   11843.658853
11625   685338   9988   11843.608289
11329   685338   9988   11843.544094
12016   685338   9988   11843.575368
11716   685338   9988   11843.526699
11640   685338   9988   11843.465093
11680   685338   9988   11843.401742
11663   685338   9988   11843.379711
11643   685338   9988   11843.317593
11691   685338   9988   11843.262141
11611   685338   9988   11843.221272
11748   685338   9988   11843.243509
11926   685338   9988   11843.188848
11260   685338   9988   11843.140535
11841   685338   9988   11843.085362
11567   685338   9988   11843.072779
11821   685338   9988   11843.045721
11746   685338   9988   11842.993360
11758   685338   9988   11842.933502
11718   685338   9988   11842.924808
11688   685338   9988   11842.892587
11808   685338   9988   11842.836821
12218   685338   9988   11842.791213
11986   685338   9988   11842.824532
12146   685338   9988   11842.771235
12006   685338   9988   11842.723310
12015   685338   9988   11842.665944
11799   685338   9988   11842.662183
12105   685338   9988   11842.647772
12206   685338   9988   11842.596746
11863   685338   9988   11842.539368
11780   685338   9988   11842.505295
12159   685338   9988   11842.465521
12183   685338   9988   11842.405580
12059   685338   9988   11842.357030
11709   685338   9988   11842.329927
11910   685338   9988   11842.315981
11607   685338   9988   11842.256708
11561   685338   9988   11842.193815
11633   685338   9988   11842.140717
11667   685338   9988   11842.121750
11790   685338   9988   11842.080932
11741   685338   9988   11842.029560
11790   685338   9988   11841.991564
11761   685338   9988   11841.982938
11747   685338   9988   11841.926421
11565   685338   9988   11841.869003
12591   685338   9988   11841.829995
12241   685338   9988   11841.834805
11834   685338   9988   11841.782231
11744   685338   9988   11841.724935
11522   685338   9988   11841.666818
11806   685338   9988   11841.702957
11991   685338   9988   11841.721569
11867   685338   9988   11841.728194
11708   685338   9988   11841.725769
11752   685338   9988   11841.762419
11971   685338   9988   11841.760752
11776   685338   9988   11841.766031
12252   685338   9988   11841.779509
11738   685338   9988   11841.842801
11700   685338   9988   11841.847128
11800   685338   9988   11841.835228
11595   685338   9988   11841.822301
11798   685338   9988   11841.853224
11687   685338   9988   11841.861336
11794   685338   9988   11841.850987
11641   685338   9988   11841.833876
11826   685338   9988   11841.889289
11687   685338   9988   11841.881412
12756   685338   9988   11841.867901
11865   685338   9988   11841.851575
11909   685338   9988   11841.900678
11820   685338   9988   11841.883981
11605   685338   9988   11841.862217
11914   685338   9988   11841.839651
11739   685338   9988   11841.883293
11785   685338   9988   11841.858667
11548   685338   9988   11841.861644
11828   685338   9988   11841.836140
11803   685338   9988   11841.859412
11616   685338   9988   11841.835097
11934   685338   9988   11841.808081
11856   685338   9988   11841.778577
11644   685338   9988   11841.799662
11780   685338   9988   11841.798932
15412   685338   9988   11841.770423
11761   685338   9988   11841.737840
11713   685338   9988   11841.740952
11667   685338   9988   11841.712626
11550   685338   9988   11841.694608
11594   685338   9988   11841.667416
14965   685338   9988   11841.676359
11909   685338   9988   11841.678249
11600   685338   9988   11841.650601
11712   685338   9988   11841.623144
12696   685338   9988   11841.632030
13345   685338   9988   11841.626008
12220   685338   9988   11841.590957
12200   685338   9988   11841.554325
11655   685338   9988   11841.547393
12205   685338   9988   11841.561630
12206   685338   9988   11841.522958
11700   685338   9988   11841.495636
11817   685338   9988   11841.472216
11704   685338   9988   11841.474747
11816   685338   9988   11841.445483
11576   685338   9988   11841.436547
12557   685338   9988   11841.417776
11830   685338   9988   11841.457954
11754   685338   9988   11841.425396
11995   685338   9988   11841.385781
11587   685338   9988   11841.344474
11863   685338   9988   11841.346413
11922   685338   9988   11841.304077
11818   685338   9988   11841.272868
11800   685338   9988   11841.245955
11833   685338   9988   11841.280713
11537   685338   9988   11841.241519
12176   685338   9988   11841.199809
11768   685338   9988   11841.153809
11608   685338   9988   11841.187200
11694   685338   9988   11841.146336
11754   685338   9988   11841.099694
11823   685338   9988   11841.053144
15571   685338   9988   11841.078176
11662   685338   9988   11841.056662
11621   685338   9988   11841.035084
11781   685338   9988   11840.997548
11826   685338   9988   11841.011387
12136   685338   9988   11840.974293
12062   685338   9988   11840.940323
11995   685338   9988   11840.926948
11723   685338   9988   11840.962421
12025   685338   9988   11840.986768
11782   685338   9988   11840.951796
11474   685338   9988   11840.914454
11683   685338   9988   11840.921037
11867   685338   9988   11840.886166
11808   685338   9988   11840.853273
11724   685338   9988   11840.829078
12193   685338   9988   11840.841458
11817   685338   9988   11840.816543
11812   685338   9988   11840.771873
11928   685338   9988   11840.735848
11733   685338   9988   11840.741178
18764   685338   9988   11840.710754
12086   685338   9988   11840.673846
11748   685338   9988   11840.634189
12753   685338   9988   11840.660742
12250   685338   9988   11840.645411
11830   685338   9988   11840.601843
11625   685338   9988   11840.573265
12300   685338   9988   11840.558144
12464   685338   9988   11840.532124
11706   685338   9988   11840.487482
11823   685338   9988   11840.445438
11577   685338   9988   11840.432903
11899   685338   9988   11840.433187
12184   685338   9988   11840.400703
12354   685338   9988   11840.361658
11838   685338   9988   11840.329166
11841   685338   9988   11840.317616
11705   685338   9988   11840.281083
12023   685338   9988   11840.247357
11294   685338   9988   11840.239314
11727   685338   9988   11840.246333
11668   685338   9988   11840.201878
11810   685338   9988   11840.155251
11805   685338   9988   11840.117462
12719   685338   9988   11840.106928
11706   685338   9988   11840.079543
11783   685338   9988   11840.052868
11796   685338   9988   11840.020241
12053   685338   9988   11840.051522
11695   685338   9988   11840.013082
11834   685338   9988   11839.974454
11982   685338   9988   11839.944489
11773   685338   9988   11839.949242
11678   685338   9988   11839.911519
11822   685338   9988   11839.867934
11740   685338   9988   11839.842668
11975   685338   9988   11839.864947
13790   685338   9988   11839.833641
11669   685338   9988   11839.804788
11884   685338   9988   11839.782422
12137   685338   9988   11839.793729
12570   685338   9988   11839.761695
12212   685338   9988   11839.729822
11772   685338   9988   11839.702089
11717   685338   9988   11839.728511
11711   685338   9988   11839.696112
11643   685338   9988   11839.659825
13205   685338   9988   11839.627549
11855   685338   9988   11839.625253
11257   685338   9988   11839.584616
11910   685338   9988   11839.565611
12084   685338   9988   11839.538592
11524   685338   9988   11839.561348
11630   685338   9988   11839.522759
11846   685338   9988   11839.480126
11653   685338   9988   11839.438708
11623   685338   9988   11839.446625
11775   685338   9988   11839.413719
17170   685338   9988   11839.378296
11783   685338   9988   11839.336360
13398   685338   9988   11839.355651
11676   685338   9988   11839.324236
11886   685338   9988   11839.298983
11732   685338   9988   11839.260207
11868   685338   9988   11839.259931
11711   685338   9988   11839.230537
11676   685338   9988   11839.191052
11636   685338   9988   11839.150345
11776   685338   9988   11839.152422
11622   685338   9988   11839.143422
18751   685338   9988   11839.108615
11737   685338   9988   11839.071358
12044   685338   9988   11839.060303
11600   685338   9988   11839.032205
11510   685338   9988   11838.992143
11730   685338   9988   11838.960065
11664   685338   9988   11838.946209
11640   685338   9988   11838.940278
11710   685338   9988   11838.908202
11890   685338   9988   11838.877577
18545   685338   9988   11838.860705
11830   685338   9988   11838.860611
11941   685338   9988   11838.840234
11972   685338   9988   11838.810350
11867   685338   9988   11838.794051
11712   685338   9988   11838.800652
12003   685338   9988   11838.769024
11590   685338   9988   11838.742879
11664   685338   9988   11838.704984
17989   685338   9988   11838.695347
12529   685338   9988   11838.657950
11528   685338   9988   11838.613555
11574   685338   9988   11838.583467
11784   685338   9988   11838.606694
11837   685338   9988   11838.577361
11699   685338   9988   11838.559008
12057   685338   9988   11838.523056
11792   685338   9988   11838.527718
11610   685338   9988   11838.490773
11713   685338   9988   11838.502757
15944   685338   9988   11838.469615
11730   685338   9988   11838.503121
11429   685338   9988   11838.469429
11481   685338   9988   11838.437707
11660   685338   9988   11838.408241
11739   685338   9988   11838.405685
11395   685338   9988   11838.377696
11795   685338   9988   11838.341013
11692   685338   9988   11838.299963
11712   685338   9988   11838.322772
11867   685338   9988   11838.283389
18029   685338   9988   11838.239607
11586   685338   9988   11838.209775
11677   685338   9988   11838.214010
11729   685338   9988   11838.175071
11864   685338   9988   11838.141491
11494   685338   9988   11838.120116
12805   685338   9988   11838.144884
11921   685338   9988   11838.121822
11677   685338   9988   11838.087089
11700   685338   9988   11838.044820
12100   685338   9988   11838.041627
17247   685338   9988   11838.000643
11985   685338   9988   11837.958746
11722   685338   9988   11837.930744
13696   685338   9988   11837.947788
11842   685338   9988   11837.925937
11859   685338   9988   11837.895621
11179   685338   9988   11837.857608
12074   685338   9988   11837.857311
11766   685338   9988   11837.830026
11784   685338   9988   11837.790875
11983   685338   9988   11837.750438
11850   685338   9988   11837.739467
11612   685338   9988   11837.733205
11714   685338   9988   11837.698993
11772   685338   9988   11837.658617
13108   685338   9988   11837.654426
11905   685338   9988   11837.632142
11873   685338   9988   11837.593723
