12,33
12,57
12,57
12,33
12,57
12,57
12,57
12,57
12,84
12,57
12,57
12,33
12,57
12,57
12,57
12,57
12,57
12,57
12,57
12,57
12,57
12,57
12,6
12,57
12,6
12,57
12,33
12,36
12,6
12,36
12,33
12,33
12,57
12,6
12,57
12,3
12,57
12,57
12,33
12,57
12,3
12,3
12,3
12,2
11,89
11,68
12,26
12,81
12,57
12,33
12,57
12,57
12,33
12,6
12,6
12,6
12,33
12,57
12,6
12,57
12,33
11,99
12,57
12,3
12,33
12,57
12,6
12,57
12,57
12,6
12,6
12,6
12,81
12,6
12,6
12,53
12,6
12,88
12,6
12,57
12,6
12,6
12,84
12,33
12,6
12,6
12,6
12,81
12,6
12,6
12,6
12,6
12,6
12,81
12,6
12,6
12,6
12,57
12,6
12,6
12,6
12,57
12,6
12,6
12,36
12,57
12,57
12,84
12,33
12,6
12,6
12,6
12,6
12,6
12,6
12,57
12,57
12,6
12,81
12,6
12,6
12,6
12,57
12,57
12,84
12,6
12,77
12,6
12,6
12,84
12,6
12,57
13,08
12,6
12,36
12,6
12,84
12,57
12,57
12,6
12,57
12,57
12,6
12,6
12,6
12,57
12,6
12,84
12,57
12,84
12,6
12,6
12,6
12,6
12,3
12,6
12,57
12,84
12,6
12,6
12,6
12,6
12,84
12,6
12,6
12,57
12,6
12,57
12,6
12,6
12,57
12,33
12,6
12,6
12,6
12,6
12,6
12,81
12,57
12,6
12,33
12,57
12,6
12,6
12,33
12,33
12,6
12,57
12,84
12,57
12,6
12,6
12,81
12,6
12,57
12,57
12,57
12,84
12,6
12,57
12,57
12,84
12,6
12,53
12,6
12,6
12,6
12,33
12,84
12,6
12,33
12,57
12,57
12,6
12,57
12,84
12,84
12,36
12,33
