Act   Max   Min   Avg
0   0   0   -nan
15757   41220   11409   13358.533547
11764   84066   10777   13478.413509
20157   102447   10777   13508.014232
12006   214265   10777   13638.628753
15253   214265   10777   13659.691905
13218   214265   10777   13727.167619
12896   214265   10777   13758.738094
13053   214265   10777   13793.359231
13293   214265   10777   13768.044763
12835   214265   10777   13798.849228
13546   214265   10777   13814.681809
13638   214265   10777   13835.387375
14346   214265   10777   13827.894747
13213   214265   10777   13844.103085
12843   214265   10777   13857.907896
13161   214265   10777   13870.668126
14320   214265   10777   13848.871771
15838   214265   10777   13859.994008
14261   214265   10777   13870.370447
12805   214265   10777   13879.537381
12467   214265   10777   13871.496942
12984   214265   10777   13881.615269
13685   214265   10777   13888.641746
13348   214265   10777   13895.528845
12803   214265   10777   13881.415284
16487   214265   10777   13887.942268
14973   225860   10777   13894.811496
13636   225860   10777   13901.039359
22148   225860   10777   13895.694770
18494   225860   10777   13900.842922
16449   225860   10777   13905.262945
12199   225860   10777   13910.027585
12127   225860   10777   13908.346201
13066   225860   10777   13902.762854
11636   225860   10777   13907.584019
13074   225860   10777   13911.582548
13571   225860   10777   13908.185265
11819   225860   10777   13910.129803
12937   225860   10777   13913.464920
12368   225860   10777   13917.165331
15572   225860   10777   13916.140115
14685   225860   10777   13913.741733
13632   225860   10777   13917.956636
16190   225860   10777   13921.773416
11748   225860   10777   13922.031804
14204   225860   10777   13921.941814
15009   225860   10777   13925.467995
14956   225860   10777   13928.838279
12297   225860   10777   13928.251056
13540   225860   10777   13925.017316
15055   225860   10777   13928.056980
14563   225860   10777   13931.631926
12893   225860   10777   13934.544152
13441   225860   10777   13932.521683
14912   225860   10777   13935.170967
15748   225860   10777   13937.158965
15157   225860   10777   13938.832704
13069   225860   10777   13933.266788
14270   225860   10777   13935.788642
13856   225860   10777   13938.813250
13489   225860   10777   13941.678855
13372   225860   10777   13938.385874
15276   225860   10777   13941.126316
12893   225860   10777   13943.768470
14600   225860   10777   13946.338108
20642   225860   10777   13941.050046
15656   225860   10777   13943.222039
15503   225860   10777   13945.559994
13437   225860   10777   13948.174406
12730   225860   10777   13946.297990
23892   225860   10777   13948.538951
12941   225860   10777   13951.112058
16424   225860   10777   13953.313943
13331   225860   10777   13948.216862
12096   225860   10777   13950.388815
15257   225860   10777   13952.088301
36137   225860   10777   13953.952354
15238   225860   10777   13951.910214
14547   225860   10777   13953.744761
13391   225860   10777   13955.406197
19457   225860   10777   13956.865602
12491   225860   10777   13953.215531
13307   225860   10777   13953.858870
15212   225860   10777   13955.908243
11889   225860   10777   13957.488998
11880   225860   10777   13955.743839
41198   225860   10777   13957.007387
15111   225860   10777   13958.331690
13450   225860   10777   13959.974282
13866   225860   10777   13958.411378
15628   225860   10777   13956.929752
14358   225860   10777   13958.356051
26383   225860   10777   13959.564709
21988   225860   10777   13960.004231
23213   225860   10777   13959.347646
14602   225860   10777   13960.470461
13214   225860   10777   13962.244601
12086   225860   10777   13961.783333
11748   225860   10777   13959.044238
23716   225860   10777   13960.836544
11887   225860   10777   13962.265192
13377   225860   10777   13963.230179
13106   225860   10777   13962.003337
13622   225860   10777   13963.313970
17466   225860   10777   13964.527788
11713   225860   10777   13964.944974
14273   225860   10777   13961.933303
13806   225860   10777   13962.965332
14948   225860   10777   13964.484809
13684   225860   10777   13962.799433
13286   225860   10777   13960.860802
13598   225860   10777   13961.823905
15521   225860   10777   13962.968332
14244   225860   10777   13964.181544
12118   225860   10777   13960.823454
11995   225860   10777   13961.705780
12225   225860   10777   13963.016590
13343   225860   10777   13964.060650
13627   225860   10777   13962.482465
12623   225860   10777   13963.485187
15860   225860   10777   13964.872086
13527   225860   10777   13965.827618
13698   225860   10777   13962.579909
13385   225860   10777   13963.363456
14402   225860   10777   13964.682293
15224   225860   10777   13965.530547
23279   225860   10777   13963.936205
13733   225860   10777   13964.846696
12581   225860   10777   13965.963539
16039   225860   10777   13966.787266
12934   225860   10777   13964.171144
16309   225860   10777   13964.770764
15006   225860   10777   13965.825732
13849   225860   10777   13967.019797
16436   225860   10777   13967.637951
13352   225860   10777   13966.493814
16737   225860   10777   13967.424073
12435   225860   10777   13968.317211
20061   225860   10777   13967.385635
12214   225860   10777   13966.636716
16155   225860   10777   13967.585572
14871   225860   10777   13968.311423
12033   225860   10777   13968.773785
15582   225860   10777   13968.224629
13856   225860   10777   13969.084899
13796   225860   10777   13970.141362
13394   225860   10777   13970.144241
13577   225860   10777   13968.261780
14679   225860   10777   13968.985416
13630   225860   10777   13969.824258
13317   225860   10777   13970.171367
15645   225860   10777   13969.260796
12644   225860   10777   13970.036595
11908   225860   10777   13970.886704
12370   225860   10777   13971.619069
11954   225860   10777   13968.899578
12818   225860   10777   13969.492461
13058   225860   10777   13970.371151
14321   225860   10777   13971.208483
12669   225860   10777   13969.974938
14114   225860   10777   13970.695771
13640   225860   10777   13971.437945
15291   225860   10777   13972.312671
13561   225860   10777   13969.954436
13932   225860   10777   13970.780857
13898   225860   10777   13971.390364
13663   225860   10777   13972.115949
26280   225860   10777   13971.009564
22333   225860   10777   13971.690409
17514   225860   10777   13972.426327
13299   225860   10777   13973.175110
14832   225860   10721   13970.754480
13446   225860   10721   13971.377808
16816   225860   10721   13971.999051
14938   225860   10721   13972.747692
13881   225860   10721   13971.578528
13190   225860   10721   13971.953643
14113   225860   10721   13972.487580
12180   225860   10721   13973.059485
14222   225860   10721   13971.846555
13835   225860   10721   13971.175137
22562   225860   10721   13971.714934
21208   225860   10721   13972.408866
11855   225860   10721   13971.714696
13542   225860   10721   13971.869348
14493   225860   10721   13972.525402
13043   225860   10721   13973.057942
14350   225860   10721   13972.324076
13916   225860   10721   13971.613413
13167   225860   10721   13972.229846
13918   225860   10721   13972.695909
11769   225860   10721   13972.877430
12302   225860   10721   13972.279148
12929   225860   10721   13972.804694
17707   225860   10721   13973.481313
16556   225860   10721   13973.421344
12984   225860   10721   13972.027877
17140   225860   10721   13972.564948
13750   225860   10721   13973.160660
11969   225860   10721   13973.591801
14677   225860   10721   13972.811822
15334   225860   10721   13973.356387
12779   225860   10721   13973.986386
13837   225860   10721   13974.680780
13782   225860   10721   13972.760408
25642   225860   10721   13973.295106
14324   225860   10721   13973.901028
12467   225860   10721   13974.555352
17715   225860   10721   13973.599985
14701   225860   10721   13974.100751
12543   225860   10721   13974.665118
14864   225860   10721   13975.376059
13243   225860   10721   13973.190795
11893   225860   10721   13973.883014
13173   225860   10721   13974.638168
12997   225860   10721   13975.089359
13384   225860   10721   13974.082299
14321   225860   10721   13973.096333
13847   225860   10721   13973.521497
13557   225860   10721   13974.138130
11868   225860   10721   13972.456537
12865   225860   10721   13972.935737
18825   225860   10721   13973.517419
13634   225860   10721   13974.151168
14210   225860   10721   13973.329821
15380   225860   10721   13973.921272
13152   225860   10721   13974.599356
12513   225860   10721   13975.193111
12162   225860   10721   13974.091564
12172   225860   10721   13974.175548
13121   225860   10721   13974.803723
16494   225860   10721   13975.430206
12125   225860   10721   13975.054141
13005   225860   10721   13975.233732
14613   225860   10721   13975.818917
16291   225860   10721   13976.362440
14007   225860   10721   13975.773854
13378   225860   10721   13975.059314
15878   225860   10721   13975.664194
15065   225860   10721   13976.112531
12248   225860   10721   13976.292298
17887   225860   10721   13975.817288
12813   225860   10721   13976.365299
14564   225860   10721   13976.875478
14939   225860   10721   13976.822626
15178   225860   10721   13975.826938
12789   225860   10721   13976.360463
25624   225860   10721   13976.879523
21953   225860   10721   13977.082168
18341   225860   10721   13976.398461
18821   225860   10721   13976.818615
17419   225860   10721   13977.497137
12584   225860   10721   13977.790866
15695   225860   10721   13976.298142
14836   225860   10721   13976.735351
14483   225860   10721   13977.193632
12706   225860   10721   13977.661296
16483   225860   10721   13976.588222
21042   225860   10721   13976.521913
19653   225860   10721   13976.532345
15927   225860   10721   13977.046504
13641   225860   10721   13975.448102
13279   225860   10721   13975.864791
16304   225860   10721   13976.395972
13225   225860   10721   13976.829075
12113   225860   10721   13976.177890
14272   225860   10721   13976.517343
14383   225860   10721   13976.952195
11995   225860   10721   13977.359358
13262   225860   10721   13976.058354
13541   225860   10721   13976.399850
15011   225860   10721   13976.818058
11878   225860   10721   13977.291843
15049   225860   10721   13976.646596
13905   225860   10721   13977.115625
13762   225860   10721   13977.653916
14788   225860   10721   13977.998138
12184   225860   10721   13976.891988
12114   225860   10721   13976.812878
13528   225860   10721   13977.272701
13003   225860   10721   13977.797419
12791   225860   10721   13977.163064
15169   225860   10721   13977.624718
14230   225860   10721   13978.081781
16873   225860   10721   13978.560482
12648   225860   10721   13978.069756
13036   225860   10721   13977.537143
14930   225860   10721   13977.933032
13891   225860   10721   13978.327691
12467   225860   10721   13978.354477
14025   225860   10714   13978.096955
12467   225860   10714   13978.529443
12197   225860   10714   13977.633186
11923   225860   10714   13975.640664
13267   225860   10714   13974.760393
16574   225860   10714   13974.594960
13170   225860   10714   13974.762798
12586   225860   10714   13975.003301
12144   225860   10714   13974.528263
15446   225860   10714   13974.785505
15746   225860   10714   13975.304709
14543   225860   10714   13975.582937
15807   225860   10714   13973.891602
14584   225860   10714   13974.015620
14846   225860   10714   13974.323869
25818   225860   10714   13974.441552
13894   225860   10714   13973.714383
12971   225860   10714   13973.878998
16760   225860   10714   13973.993132
12943   225860   10714   13974.162250
12240   225860   10714   13972.914630
14078   225860   10714   13973.031250
14306   225860   10714   13973.417354
15047   225860   10714   13973.708474
15163   225860   10714   13973.021709
12878   225860   10714   13973.295020
14981   225860   10714   13973.535014
14395   225860   10714   13973.793143
15140   225860   10714   13972.414669
14875   225860   10714   13972.812400
12257   225860   10714   13972.928406
11711   225860   10714   13973.046848
14476   225860   10714   13971.150945
17976   225860   10714   13971.447602
13602   225860   10714   13971.841887
11781   225860   10714   13971.012048
11833   225860   10714   13970.036451
11738   225860   10714   13970.136875
13263   225860   10714   13970.683223
13383   225860   10714   13970.819650
14091   225860   10714   13970.249681
16250   225860   10714   13969.838456
13884   225860   10714   13969.536295
13271   225860   10714   13969.875369
11958   225860   10714   13969.400168
14557   225860   10714   13968.798651
11872   225860   10714   13969.207611
13222   225860   10714   13968.840574
12231   225860   10714   13968.295635
12999   225860   10714   13968.150914
12222   225860   10714   13968.161005
13004   225860   10714   13967.368639
13227   225860   10714   13966.972659
11939   225860   10714   13966.658988
11989   225860   10714   13966.874690
11694   225860   10714   13967.325699
17549   225860   10714   13967.369550
13884   225860   10714   13965.485070
15103   225860   10714   13965.888245
25944   225860   10714   13966.055172
23843   225860   10714   13966.038823
20663   225860   10714   13964.967371
22319   225860   10714   13964.275939
11945   225860   10714   13962.250274
11867   225860   10714   13961.176614
11946   225860   10714   13959.710903
12325   225860   10714   13958.358034
21453   225860   10714   13956.844378
12062   225860   10714   13955.652610
11659   225860   10714   13953.025809
14494   225860   10714   13951.142014
15759   225860   10714   13949.155022
12010   225860   10714   13947.607886
16687   225860   10714   13945.129694
11971   225860   10714   13943.714511
12250   225860   10714   13941.639108
12010   225860   10714   13940.536028
11837   225860   10714   13937.893850
15363   225860   10714   13936.314316
15354   225860   10714   13935.924171
13680   225860   10714   13933.934833
12326   225860   10714   13931.952983
12638   225860   10714   13929.625412
27912   225860   10714   13928.038620
12537   225860   10714   13927.089115
12264   225860   10714   13924.921333
12204   225860   10714   13922.419889
17259   225860   10714   13920.794262
12491   225860   10714   13919.352329
11776   225860   10714   13918.748398
13191   225860   10714   13917.341809
11670   225860   10714   13917.569162
14547   225860   10714   13915.382197
14417   225860   10714   13915.299799
12827   225860   10714   13914.885448
13424   225860   10714   13915.690376
12262   225860   10714   13915.635319
11678   225860   10714   13916.669083
13091   225860   10714   13916.818384
13825   225860   10714   13916.715355
16398   225860   10714   13917.644516
12947   225860   10714   13918.604527
23602   225860   10714   13917.045712
17371   225860   10714   13917.981418
14479   225860   10714   13918.942864
12825   225860   10714   13918.897692
15125   225860   10714   13919.019942
14358   225860   10714   13919.710467
13824   225860   10714   13919.703659
12960   225860   10714   13920.579889
13779   225860   10714   13920.427509
13991   225860   10714   13920.092661
12313   225860   10714   13920.718523
14587   225860   10714   13921.519621
13506   225860   10714   13920.775416
16978   225860   10714   13921.530177
13365   225860   10714   13922.250531
19210   225860   10714   13921.989009
18690   225860   10714   13921.654724
14481   225860   10714   13922.297339
11689   225860   10714   13922.219248
11864   225860   10714   13922.730360
11869   225860   10714   13922.386807
13716   225860   10714   13921.910065
14560   225860   10714   13922.513623
25607   225860   10714   13923.023848
24520   225860   10714   13922.315745
20739   225860   10714   13922.513478
19351   225860   10714   13923.216526
13818   225860   10714   13923.183282
15570   225860   10714   13923.392902
13971   225860   10714   13923.377963
18077   225860   10714   13923.287360
13492   225860   10714   13923.806792
13579   225860   10714   13924.370327
14776   225860   10714   13923.045663
15631   225860   10714   13923.588727
13457   225860   10714   13924.001804
15872   225860   10714   13923.893314
14467   225860   10714   13923.596624
13788   225860   10714   13924.173107
13490   225860   10714   13924.072588
14923   225860   10714   13924.681823
16566   225860   10714   13923.296942
24718   225860   10714   13923.028181
25415   225860   10714   13923.809531
20012   225860   10714   13924.419843
14592   225860   10714   13923.736860
13614   225860   10714   13924.498658
15477   225860   10714   13925.091755
14455   225860   10714   13925.201602
12709   225860   10714   13925.021401
16295   225860   10714   13925.320735
13063   225860   10714   13925.397421
11731   225860   10714   13926.191153
11836   225860   10714   13926.082919
13183   225860   10714   13926.175804
14547   225860   10714   13927.002524
12537   225860   10714   13927.548000
16304   225860   10714   13927.047834
12857   225860   10714   13927.232141
12249   225860   10714   13927.813849
14382   225860   10714   13927.912220
14520   225860   10714   13928.532774
15601   225860   10714   13928.527321
24294   225860   10714   13928.636153
22019   225860   10714   13929.382613
11681   225860   10714   13929.506936
13679   225860   10714   13928.784086
17424   225860   10714   13929.524409
15886   225860   10714   13930.172049
15555   225860   10714   13930.237385
15208   225860   10714   13930.376256
13752   225860   10714   13930.821099
13228   225860   10714   13930.784566
14212   225860   10714   13931.320202
12470   225860   10714   13931.046690
12632   225860   10714   13930.642655
14394   225860   10714   13931.086872
17700   225860   10714   13931.501400
12580   225860   10714   13930.687116
13550   225860   10714   13931.347191
13113   225860   10714   13931.815534
12815   225860   10714   13931.849785
12454   225860   10714   13931.418100
13096   225860   10714   13931.866767
13578   225860   10714   13931.865791
13373   225860   10714   13932.503827
13895   225860   10714   13932.456274
14459   225860   10714   13932.480728
16977   225860   10714   13933.214365
12249   225860   10714   13933.754851
12401   225860   10714   13932.275832
15460   225860   10714   13932.868132
13860   225860   10714   13933.479458
15892   225860   10714   13933.483072
12495   225860   10714   13933.569552
19834   225860   10714   13934.039384
13241   225860   10714   13934.043969
13843   225860   10714   13934.695537
12548   225860   10714   13934.450489
13250   225860   10714   13932.984567
17308   225860   10714   13933.790223
14141   225860   10714   13934.165739
11876   225860   10714   13933.558783
14784   225860   10714   13933.914856
13754   225860   10714   13934.304411
15264   225860   10714   13934.374626
14083   225860   10714   13934.327896
15107   225860   10714   13934.183768
12483   225860   10714   13933.592512
12420   225860   10714   13933.297473
16001   225860   10714   13933.720528
14912   225860   10714   13932.994382
11827   225860   10714   13932.325665
12062   225860   10714   13932.235308
12849   225860   10714   13931.378942
13823   225860   10714   13930.213629
15081   225860   10714   13929.942786
14909   225860   10714   13929.635030
11809   225860   10714   13929.963934
14198   225860   10714   13928.948742
12769   225860   10714   13928.962111
15570   225860   10714   13929.355790
13007   225860   10714   13929.804019
12157   225860   10714   13928.773664
13452   225860   10714   13929.306512
15020   225860   10714   13929.752051
12902   225860   10714   13929.449241
13612   225860   10714   13929.335952
15126   225860   10714   13929.299505
26232   225860   10714   13929.133326
21884   225860   10714   13928.203657
11827   225860   10714   13927.505738
12668   225860   10714   13926.980698
13326   225860   10714   13927.611422
13381   225860   10714   13928.036305
12028   225860   10714   13927.654633
12366   225860   10714   13927.951844
12281   225860   10714   13928.407561
13346   225860   10714   13928.395715
22074   225860   10714   13928.304647
16908   225860   10714   13928.157903
15242   225860   10714   13928.250747
17940   225860   10714   13928.637828
11910   225860   10714   13929.026410
13860   225860   10714   13928.506258
16131   225860   10714   13928.957257
12824   225860   10714   13929.375725
13662   225860   10714   13929.045837
13646   225860   10714   13928.433687
14048   225860   10714   13928.967632
14867   225860   10714   13928.872027
16716   225860   10714   13929.325909
13260   225860   10714   13929.382853
13100   225860   10714   13929.208694
12804   225860   10714   13929.482319
14344   225860   10714   13930.016953
13923   225860   10714   13928.992842
12219   225860   10714   13929.015396
13656   225860   10714   13929.455589
13675   225860   10714   13929.134444
14016   225860   10714   13928.912462
14283   225860   10714   13929.304323
13983   225860   10714   13929.298593
16945   225860   10714   13929.706251
14698   225860   10714   13929.189092
14873   225860   10713   13928.908262
13401   225860   10682   13929.221367
16427   225860   10682   13929.756424
11718   225860   10682   13929.259985
13000   225860   10682   13929.869642
13248   225860   10682   13930.414245
12906   225860   10682   13930.454492
15010   225860   10682   13930.116673
14124   225860   10682   13930.695787
14065   225860   10682   13930.723988
14747   225860   10682   13931.316441
13975   225860   10682   13931.325339
12203   225860   10682   13931.393233
18278   225860   10682   13931.969153
12703   225860   10682   13932.543949
13999   225860   10682   13931.720549
12498   225860   10682   13932.128942
15483   225860   10682   13932.657679
13439   225860   10682   13932.686722
14368   225860   10682   13933.195642
14204   225860   10682   13933.264897
15453   225860   10682   13933.159096
14470   225860   10682   13933.775648
14612   225860   10682   13933.972037
14381   225860   10682   13933.475914
14568   225860   10682   13934.024314
12822   225860   10682   13934.590096
15633   225860   10682   13934.465301
15887   225860   10682   13934.628208
13692   225860   10682   13935.160346
24415   225860   10682   13935.199047
25468   225860   10682   13935.578582
13032   225860   10682   13935.398051
15257   225860   10682   13935.421509
17193   225860   10682   13936.010661
14772   225860   10682   13936.535988
13525   225860   10682   13935.997260
13045   225860   10682   13936.585260
14003   225860   10682   13937.122440
14011   225860   10682   13937.084105
28510   225860   10682   13936.781349
24148   225860   10682   13937.300945
20493   225860   10682   13937.318906
12383   225860   10682   13937.858401
13487   225860   10682   13937.832138
18093   225860   10682   13937.821125
16352   225860   10682   13938.377257
16120   225860   10682   13938.943295
12456   225860   10682   13938.039727
12306   225860   10682   13938.561909
15129   225860   10682   13939.080905
15072   225860   10682   13939.131901
24406   225860   10682   13939.198208
20112   225860   10682   13939.830236
14529   225860   10682   13939.836484
13579   225860   10682   13940.373899
12274   225860   10682   13940.126100
13444   225860   10682   13940.111355
16005   225860   10682   13940.722935
16068   225860   10682   13941.216038
15123   225860   10682   13940.714610
12509   225860   10682   13941.274278
11989   225860   10682   13941.792488
13871   225860   10682   13941.893465
19831   225860   10682   13941.895337
17296   225860   10682   13942.095090
15911   225860   10682   13942.140725
14642   225860   10682   13942.722352
12218   225860   10682   13942.867287
13109   225860   10682   13942.812659
26198   225860   10682   13946.134173
35515   225860   10682   13950.848893
17808   225860   10682   13954.165439
16704   225860   10682   13957.437976
17455   225860   10682   13960.725281
15061   225860   10682   13963.210258
16407   225860   10682   13965.772787
13510   225860   10682   13967.761278
18041   225860   10682   13969.503780
17256   225860   10682   13971.498787
14400   225860   10682   13973.251131
13801   225860   10682   13973.631811
14206   225860   10682   13975.162022
16565   225860   10682   13976.654024
14228   225860   10682   13977.559767
12974   225860   10682   13978.252479
15912   225860   10682   13979.366834
13183   225860   10682   13979.914263
13609   225860   10682   13980.874997
15911   225860   10682   13981.035623
13638   225860   10682   13981.448755
14858   225860   10682   13981.776985
14600   225860   10682   13982.641487
13606   225860   10682   13982.534419
14971   225860   10682   13983.312618
13737   225860   10682   13984.020589
12838   225860   10682   13984.285962
13906   225860   10682   13984.160591
17173   225860   10682   13984.871527
15759   225860   10682   13985.074694
14518   225860   10682   13985.698576
14873   225860   10682   13985.827380
15823   225860   10682   13985.985988
13628   225860   10682   13986.591267
15591   225860   10682   13987.220985
25815   225860   10682   13986.672808
24505   225860   10682   13987.152053
17064   225860   10682   13987.701113
13185   225860   10682   13987.838667
14553   225860   10682   13988.021541
12212   225860   10682   13988.569775
18038   225860   10682   13988.673113
14110   225860   10682   13989.303511
13826   225860   10682   13989.449482
13015   225860   10682   13989.142658
13843   225860   10682   13989.726594
25174   225860   10682   13990.329460
22530   225860   10682   13990.270495
13042   225860   10682   13990.541488
13840   225860   10682   13991.051142
16233   225860   10682   13991.174309
12174   225860   10682   13991.517692
16881   225860   10682   13991.570759
17456   225860   10682   13991.633081
24038   225860   10682   13992.178910
20967   225860   10682   13992.612137
20048   225860   10682   13992.262075
16839   225860   10682   13992.791615
17112   225860   10682   13993.348977
11960   225860   10682   13993.364608
12411   225860   10682   13993.161561
13010   225860   10682   13993.679466
18811   225860   10682   13993.773980
14171   225860   10682   13994.298355
15107   225860   10682   13994.388324
13504   225860   10682   13994.483686
13453   225860   10682   13994.981460
13994   225860   10682   13995.474722
16465   225860   10682   13994.745450
17050   225860   10682   13995.276126
13129   225860   10682   13995.818560
13676   225860   10682   13995.815791
15150   225860   10682   13995.874202
14058   225860   10682   13996.380801
17602   225860   10682   13996.452580
14346   225860   10682   13996.969868
12237   225860   10682   13996.756277
18025   225860   10682   13996.794204
16771   225860   10682   13997.297052
22899   225860   10682   13997.817933
19382   225860   10682   13997.599579
12143   225860   10682   13997.938612
13513   225860   10682   13998.472034
15431   225860   10682   13998.541538
14155   225860   10682   13998.629413
14762   225860   10682   13998.711221
15388   225860   10682   13998.740772
14029   225860   10682   13999.251582
14268   225860   10682   13999.298392
23459   225860   10682   13999.383435
20780   225860   10682   13999.834966
18902   225860   10682   14000.314299
12974   225860   10682   13999.966219
13238   225860   10682   13999.820951
15069   225860   10682   14000.269240
13899   225860   10682   14000.364491
12676   225860   10682   14000.800256
14200   225860   10682   14000.914241
14836   225860   10682   14000.978172
12782   225860   10682   14001.433332
12634   225860   10682   14001.817314
23732   225860   10682   14001.297605
12924   225860   10682   14001.773271
13794   225860   10682   14002.318950
14716   225860   10682   14002.342702
16616   225860   10682   14002.377839
13654   225860   10682   14002.843928
13634   225860   10682   14002.947286
12787   225860   10682   14003.448452
14465   225860   10682   14003.208652
14106   225860   10682   14003.291913
24325   225860   10682   14003.785163
23535   225860   10682   14004.269443
11914   225860   10682   14003.919974
16208   225860   10682   14004.430753
14802   225860   10682   14004.897085
14560   225860   10682   14004.922211
15886   225860   10682   14004.624942
13937   225860   10682   14005.103762
13762   225860   10682   14005.163489
12810   225860   10682   14005.667474
13776   225860   10682   14005.714245
15764   225860   10682   14005.799315
13787   225860   10682   14006.189679
16515   225860   10682   14006.631715
13144   225860   10682   14006.101039
14986   225860   10682   14006.123035
23442   225860   10682   14006.571610
18578   225860   10682   14006.609338
16843   225860   10682   14006.194504
14546   225860   10682   14006.598999
14254   225860   10682   14006.546357
13546   225860   10682   14007.030089
13340   225860   10682   14007.146765
15088   225860   10682   14006.856351
14148   225860   10682   14007.281295
15203   225860   10682   14007.723620
13923   225860   10682   14007.622498
14486   225860   10682   14007.883173
13882   225860   10682   14008.333652
14309   225860   10682   14008.345440
12344   225860   10682   14008.559945
13925   225860   10682   14008.506309
13527   225860   10682   14008.522370
13999   225860   10682   14008.986069
13755   225860   10682   14009.362282
14179   225860   10682   14009.049585
13722   225860   10682   14009.464498
13910   225860   10682   14009.890709
13111   225860   10682   14009.918229
15373   225860   10682   14009.713479
13107   225860   10682   14010.192685
14348   225860   10682   14010.209192
14221   225860   10682   14010.615037
13699   225860   10682   14010.627057
16589   225860   10682   14010.643487
14500   225860   10682   14011.088528
13579   225860   10682   14011.548734
11969   225860   10682   14010.915464
14358   225860   10682   14011.301210
15047   225860   10682   14011.699413
12921   225860   10682   14011.689798
13201   225860   10682   14011.695875
13295   225860   10682   14012.149878
12183   225860   10682   14012.145183
13492   225860   10682   14012.521814
13607   225860   10682   14012.425534
15446   225860   10682   14012.264845
27919   225860   10682   14012.699811
12919   225860   10682   14013.177318
13510   225860   10682   14012.807451
14866   225860   10682   14013.219291
13361   225860   10682   14013.635137
13450   225860   10682   14013.716664
11809   225860   10682   14013.523713
11860   225860   10682   14013.978272
14618   225860   10682   14014.048376
14529   225860   10682   14014.521997
12162   225860   10682   14014.500811
13269   225860   10682   14014.546473
13665   225860   10682   14014.991573
15104   225860   10682   14015.422436
13144   225860   10682   14015.092082
12827   225860   10682   14015.028327
20049   225860   10682   14015.451887
13846   225860   10682   14015.489503
13537   225860   10682   14015.852881
14259   225860   10682   14015.932248
14320   225860   10682   14016.005169
14452   225860   10682   14016.428677
15939   225860   10682   14016.682678
13163   225860   10682   14016.155201
16522   225860   10682   14016.569924
15785   225860   10682   14017.010406
15336   225860   10682   14017.090964
15991   225860   10682   14017.083818
14114   225860   10682   14017.503396
14035   225860   10682   14017.544020
15084   225860   10682   14017.958515
14319   225860   10682   14017.725343
16207   225860   10682   14017.762674
16222   225860   10682   14018.187371
15384   225860   10682   14018.567531
12937   225860   10682   14018.215251
13731   225860   10682   14018.602356
15918   225860   10682   14019.007950
12905   225860   10682   14019.082648
15607   225860   10682   14018.799817
13890   225860   10682   14019.205868
13506   225860   10682   14019.188321
14982   225860   10682   14019.597515
21537   225860   10682   14019.633463
17334   225860   10682   14019.652046
14151   225860   10682   14020.049876
12819   225860   10682   14020.410296
11896   225860   10682   14019.816625
13191   225860   10682   14020.181494
14762   225860   10682   14020.559644
13907   225860   10682   14020.576306
13185   225860   10682   14020.585283
12894   225860   10682   14020.965778
14440   225860   10682   14020.965462
12325   225860   10682   14021.342923
11854   225860   10682   14021.390539
14829   225860   10682   14021.077481
17647   225860   10682   14021.477031
15363   225860   10682   14021.857827
12178   225860   10682   14021.610570
12691   225860   10682   14021.815743
13780   225860   10682   14022.160746
16394   225860   10682   14022.051263
13197   225860   10682   14022.011156
22102   225860   10682   14021.946526
22242   225860   10682   14021.925025
13979   225860   10682   14022.259581
11987   225860   10682   14022.575036
11779   225860   10682   14022.274494
17370   225860   10682   14022.287563
14521   225860   10682   14022.654198
14373   225860   10682   14022.580199
14069   225860   10682   14022.455001
12492   225860   10682   14022.827809
15646   225860   10682   14022.819610
15065   225860   10682   14023.197664
13933   225860   10682   14023.208517
15573   225860   10682   14023.201215
13204   225860   10682   14023.573993
15805   225860   10682   14023.931703
13328   225860   10682   14023.306736
13095   225860   10682   14023.669563
13679   225860   10682   14024.058933
13495   225860   10682   14023.995439
14667   225860   10682   14023.948335
13198   225860   10682   14024.315636
22523   225860   10682   14024.370699
20753   225860   10682   14024.760550
14472   225860   10682   14024.526347
13363   225860   10682   14024.545765
17789   225860   10682   14024.886636
13378   225860   10682   14025.256533
15703   225860   10682   14024.897500
13093   225860   10682   14025.252622
12561   225860   10682   14025.626655
15606   225860   10682   14025.643199
13981   225860   10682   14025.404942
14432   225860   10682   14025.731646
15857   225860   10682   14025.733470
13859   225860   10682   14026.102642
13064   225860   10682   14026.087504
15641   225860   10682   14026.106804
13187   225860   10682   14026.431507
15668   225860   10682   14026.789757
11865   225860   10682   14026.485151
14514   225860   10682   14026.571235
12744   225860   10682   14026.913471
16870   225860   10682   14026.939444
15269   225860   10682   14027.141827
13211   225860   10682   14027.273888
26930   225860   10682   14027.265344
23035   225860   10682   14027.662987
12361   225860   10682   14027.854069
15108   225860   10682   14027.449936
15716   225860   10682   14027.790806
12554   225860   10682   14028.149048
11818   225860   10682   14028.128235
16006   225860   10682   14028.180549
13240   225860   10682   14028.519040
14988   225860   10682   14028.542637
15668   225860   10682   14028.870255
16360   225860   10682   14028.671258
13606   225860   10682   14028.665706
16159   225860   10682   14028.993466
14269   225860   10682   14029.353081
13989   225860   10682   14029.015549
14140   225860   10682   14029.353044
13187   225860   10682   14029.698523
15176   225860   10682   14029.689555
13466   225860   10682   14029.458542
12146   225860   10682   14029.854321
15743   225860   10682   14029.917715
14886   225860   10682   14030.245080
15182   225860   10682   14030.244007
14829   225860   10682   14030.247771
14298   225860   10682   14030.572411
14006   225860   10682   14030.927403
16510   225860   10682   14030.335091
13696   225860   10682   14030.699738
12695   225860   10682   14031.072947
13603   225860   10682   14031.105410
15388   225860   10682   14031.083609
15767   225860   10682   14031.431056
14790   225860   10682   14031.381240
14006   225860   10682   14031.763188
12396   225860   10682   14031.617218
13604   225860   10682   14031.513231
13683   225860   10682   14031.864480
17797   225860   10682   14032.234841
12055   225860   10682   14031.929421
14403   225860   10682   14032.258148
19549   225860   10682   14032.581110
12845   225860   10682   14032.610582
12877   225860   10682   14032.660997
13941   225860   10682   14032.677587
15161   225860   10682   14032.667110
14076   225860   10682   14033.002395
13711   225860   10682   14033.199027
13803   225860   10682   14033.000269
14494   225860   10682   14033.301137
12761   225860   10682   14033.614375
13837   225860   10682   14033.461146
13328   225860   10682   14033.351241
13708   225860   10682   14033.675567
14280   225860   10682   14033.703193
16328   225860   10682   14033.978934
15183   225860   10682   14034.013477
13570   225860   10682   14034.036010
15018   225860   10682   14034.389437
26371   225860   10682   14034.722194
13246   225860   10682   14034.152272
14106   225860   10682   14034.453240
14822   225860   10682   14034.775715
16042   225860   10682   14034.793594
13204   225860   10682   14034.775234
15130   225860   10682   14035.143983
14141   225860   10682   14035.137864
14965   225860   10682   14035.078351
13916   225860   10682   14034.868906
16048   225860   10682   14034.907079
12322   225860   10682   14035.243488
15165   225860   10682   14035.599833
17970   225860   10682   14035.248683
14783   225860   10682   14035.586757
13878   225860   10682   14035.907873
13658   225860   10682   14035.914718
16090   225860   10682   14035.661924
14141   225860   10682   14036.009657
15673   225860   10682   14036.022348
14240   225860   10682   14036.350071
13671   225860   10682   14036.330994
13846   225860   10682   14036.329854
12091   225860   10682   14036.648588
14091   225860   10682   14037.010570
12482   225860   10682   14036.549584
12561   225860   10682   14036.714014
12869   225860   10682   14037.035786
15157   225860   10682   14037.045053
25178   225860   10682   14037.181894
16135   225860   10682   14037.355448
13405   225860   10682   14037.368630
15069   225860   10682   14037.670571
11860   225860   10682   14037.799244
13465   228358   10682   14037.436366
15561   228358   10682   14037.740453
13887   228358   10682   14038.073896
13259   228358   10682   14038.036622
12330   228358   10682   14038.071674
14210   228358   10682   14038.352186
12861   228358   10682   14038.401587
12004   228358   10682   14038.620854
14917   228358   10682   14038.457651
25934   228358   10682   14038.490806
14213   228358   10682   14038.791006
13656   228358   10682   14039.118891
17854   228358   10682   14038.838243
13347   228358   10682   14039.142503
12406   228358   10682   14039.446672
14046   228358   10682   14039.440828
14356   228358   10682   14039.170156
12734   228358   10292   14038.547744
13711   228358   10292   14037.547560
12386   228358   10292   14036.785561
12168   228358   10245   14035.653476
11156   228358   10242   14034.382069
12501   228358   10242   14033.445603
15168   228358   10242   14032.646073
13471   228358   10242   14031.079800
11736   228358   10242   14030.478252
14394   228358   10242   14029.969049
21927   228358   10242   14029.273039
13038   228358   10242   14028.642726
14196   228358   10242   14028.394757
15072   228358   10242   14027.888728
13401   228358   10242   14027.747992
12875   228358   10242   14027.112487
12159   228358   10242   14026.795308
14220   228358   10242   14026.803494
13000   228358   10242   14026.846487
13045   228358   10242   14026.267429
13065   228358   10242   14026.371639
15289   228358   10242   14026.465371
23684   228358   10242   14026.288165
17414   228358   10242   14026.165126
14918   228358   10242   14025.990542
15387   228358   10242   14025.817017
12969   228358   10242   14026.009407
13588   228358   10242   14026.025660
16905   228358   10242   14025.757061
14497   228358   10242   14025.970627
12711   228358   10242   14026.153233
12242   228358   10242   14025.824134
13173   228358   10242   14025.641160
11805   228358   10242   14025.720341
11693   228358   10242   14025.522820
13683   228358   10242   14025.593881
21279   228358   10242   14025.452191
16248   228358   10242   14025.248352
13468   228358   10242   14025.369406
12461   228358   10242   14025.404499
15072   228358   10242   14024.825169
12428   228358   10242   14024.976657
12571   228358   10242   14025.104129
13313   228358   10242   14024.913367
13824   228358   10242   14024.735935
14299   228358   10242   14024.898103
16156   228358   10242   14024.773855
13480   228358   10242   14024.919486
12933   228358   10242   14024.595290
12065   228358   10242   14024.459155
17349   228358   10242   14024.630419
12697   228358   10242   14024.814804
14992   228358   10242   14024.366384
12724   228358   10242   14024.552955
14593   228358   10242   14024.763657
14627   228358   10242   14024.673053
13728   228358   10242   14024.354383
13659   228358   10242   14024.536400
13109   228358   10242   14024.445157
13984   228358   10242   14024.646952
15129   228358   10242   14024.536983
14738   228358   10242   14024.464904
13533   228358   10242   14024.694456
13779   228358   10242   14024.881301
12403   228358   10242   14024.046668
15948   228358   10242   14024.163274
12733   228358   10242   14024.359773
14361   228358   10242   14024.279096
12117   228358   10242   14024.258685
14024   228358   10242   14024.388593
18831   228358   10242   14024.292053
14058   228358   10242   14024.489857
12702   228358   10242   14024.433009
12655   228358   10242   14024.099794
13642   228358   10242   14024.290935
12793   228358   10242   14024.516798
14874   228358   10242   14024.369768
13012   228358   10242   14024.342594
14147   228358   10242   14024.543339
15354   228358   10242   14024.493981
12680   228358   10242   14024.553816
15800   228358   10242   14024.380276
19822   228358   10242   14024.283863
19497   228358   10242   14024.530795
12232   228358   10242   14024.724478
13430   228358   10242   14024.383629
13800   228358   10242   14024.591620
17259   228358   10242   14024.814334
13849   228358   10242   14024.747552
15294   228358   10242   14024.472433
13928   228358   10242   14024.678006
15591   228358   10242   14024.626215
13917   228358   10242   14024.840877
14567   228358   10242   14024.749142
15392   228358   10242   14024.674222
11662   228358   10242   14024.889747
15640   228358   10242   14025.117634
13169   228358   10242   14024.545630
23170   228358   10242   14024.754210
20628   228358   10242   14024.970775
13307   228358   10242   14024.893816
12613   228358   10242   14024.822659
13223   228358   10242   14025.032795
12852   228358   10242   14024.958109
13759   228358   10242   14025.162434
14076   228358   10242   14025.030816
14993   228358   10242   14024.702913
12623   228358   10242   14024.919635
14078   228358   10242   14025.135948
14505   228358   10242   14024.772370
16718   228358   10242   14025.067655
12826   228358   10242   14025.292342
13793   228358   10242   14025.350854
16165   228358   10242   14025.392792
14008   228358   10242   14025.568800
17085   228358   10242   14025.627337
15530   228358   10242   14025.976013
13254   228358   10242   14026.053384
14159   228358   10242   14026.090066
14121   228358   10242   14026.421171
17218   228358   10242   14026.748126
14654   228358   10242   14026.544902
24498   228358   10242   14026.616768
23228   228358   10242   14026.919052
15383   228358   10242   14026.946608
13295   228358   10242   14027.167779
16516   228358   10242   14027.291072
15099   228358   10242   14027.300091
16337   228358   10242   14027.628465
13572   228358   10242   14027.824709
13972   228358   10242   14027.476271
13517   228358   10242   14027.766860
13702   228358   10242   14028.051117
13426   228358   10242   14028.001536
13655   228358   10242   14027.765207
14872   228358   10242   14028.039618
13390   228358   10242   14028.060979
14556   228358   10242   14028.327065
13503   228358   10242   14028.134807
15266   228358   10242   14028.138880
12949   228358   10242   14028.386168
15995   228358   10242   14028.603369
15263   228358   10242   14028.196187
14135   228358   10242   14028.314279
15837   228358   10242   14028.593605
13554   228358   10242   14028.585258
12955   228358   10242   14028.370122
17245   228358   10242   14028.654710
13626   228358   10242   14028.628380
12985   228358   10242   14028.879733
15599   228358   10242   14028.854189
16076   228358   10242   14028.867303
13500   228358   10242   14029.117268
11669   228358   10242   14029.375701
13096   228358   10242   14028.887158
12979   228358   10242   14029.135649
14559   228358   10242   14029.360380
14604   228358   10242   14029.340076
12990   228358   10242   14029.286463
14442   228358   10242   14029.560288
13750   228358   10242   14029.511526
17253   228358   10242   14029.754755
12244   228358   10242   14029.682825
12278   228358   10242   14029.446886
12718   228358   10242   14029.653332
12788   228358   10242   14029.890786
12085   228358   10242   14029.670648
15515   228358   10242   14029.830236
14240   228358   10242   14030.071996
14644   228358   10242   14030.046340
12642   228358   10242   14030.040785
12652   228358   10242   14030.011378
15313   228358   10242   14029.656857
13652   228358   10242   14029.920974
15669   228358   10242   14030.089100
15115   228358   10242   14029.820617
13402   228358   10242   14030.023220
14216   228358   10242   14030.245719
14223   228358   10242   14030.116398
13057   228358   10242   14029.975250
19703   228358   10242   14030.211060
12709   228358   10242   14030.161349
13717   228358   10242   14030.374396
13975   228358   10242   14030.314939
16243   228358   10242   14030.270725
15052   228358   10242   14030.485323
16926   228358   10242   14030.707103
11890   228358   10242   14030.282156
14172   228358   10242   14030.367282
14662   228358   10242   14030.600221
14697   228358   10242   14030.569401
14662   228358   10242   14030.499528
12482   228358   10242   14030.713019
15175   228358   10242   14030.665499
14056   228358   10242   14030.881537
16350   228358   10242   14030.659314
14683   228358   10242   14030.645376
13357   228358   10242   14030.869552
14852   228358   10242   14031.106220
14440   228358   10242   14030.788474
13507   228358   10242   14030.992067
26506   228358   10242   14031.189407
22827   228358   10242   14031.127329
19399   228358   10242   14030.903775
15527   228358   10242   14031.103219
13525   228358   10242   14031.030748
13731   228358   10242   14031.239188
13810   228358   10242   14031.164937
15127   228358   10242   14031.102707
13265   228358   10242   14031.331076
15485   228358   10242   14031.557362
12560   228358   10242   14031.198318
13214   228358   10242   14031.308354
13737   228358   10242   14031.498444
16511   228358   10242   14031.465263
11817   228358   10242   14031.539589
22054   228358   10242   14031.650857
20661   228358   10242   14031.596464
16371   228358   10242   14031.800552
13382   228358   10242   14031.892917
14919   228358   10242   14031.511977
15156   228358   10242   14031.756640
12747   228358   10242   14031.989816
12762   228358   10242   14031.872949
14058   228358   10242   14031.883623
13338   228358   10242   14032.089764
13341   228358   10242   14032.040692
12499   228358   10242   14032.193041
11870   228358   10242   14032.047421
12363   228358   10242   14031.988999
15419   228358   10242   14032.196339
24072   228358   10242   14032.408665
24507   228358   10242   14032.058542
13301   228358   10242   14032.275283
14136   228358   10242   14032.494849
14716   228358   10242   14032.476028
13680   228358   10242   14032.237176
13863   228358   10242   14032.443680
13962   228358   10242   14032.398362
15820   228358   10242   14032.616228
14112   228358   10242   14032.801731
13622   228358   10242   14032.994996
15017   228358   10242   14033.432180
14578   228358   10242   14033.834047
14664   228358   10242   14033.366337
13534   228358   10242   14032.998046
19591   228358   10242   14032.568928
12773   228358   10242   14032.168263
12957   228358   10242   14031.582629
12165   228358   10242   14031.685605
16013   228358   10242   14031.455587
13683   228358   10242   14031.845921
12696   228358   10242   14031.847200
14153   228358   10242   14031.924147
15461   228358   10242   14032.292930
16198   228358   10242   14032.614168
13740   228358   10242   14032.442955
15409   228358   10242   14032.783894
14344   228358   10242   14033.133604
14132   228358   10242   14033.217528
15367   228358   10242   14033.383009
13365   228358   10242   14033.496934
12935   228358   10242   14033.568457
13953   228358   10242   14033.927851
13847   228358   10242   14034.218336
15084   228358   10242   14034.090779
13474   228358   10242   14034.404102
13594   228358   10242   14034.714680
12109   228358   10242   14034.670124
17672   228358   10242   14034.657317
14268   228358   10242   14034.971480
25795   228358   10242   14035.010552
26750   228358   10242   14035.313582
15213   228358   10242   14035.337115
13009   228358   10242   14035.374819
17012   228358   10242   14035.664587
11981   228358   10242   14035.965500
11725   228358   10242   14035.573432
13627   228358   10242   14035.862603
13407   228358   10242   14036.142585
14476   228358   10242   14035.849942
13024   228358   10242   14035.862218
13707   228358   10242   14036.137945
17896   228358   10242   14036.113420
23425   228358   10242   14036.395236
18422   228358   10242   14036.246624
17122   228358   10242   14036.267144
12311   228358   10242   14036.533980
13360   228358   10242   14036.804078
16615   228358   10242   14036.560997
14116   228358   10242   14036.855014
16101   228358   10242   14037.129042
14444   228358   10242   14037.121830
14295   228358   10242   14036.963349
17941   228358   10242   14037.237435
15226   228358   10242   14037.232251
14692   228358   10242   14037.486823
14534   228358   10242   14037.517351
12719   228358   10242   14037.540484
14012   228358   10242   14037.788393
13528   228358   10242   14038.074983
12220   228358   10242   14037.726381
19020   228358   10242   14037.882525
16101   228358   10242   14038.155249
16842   228358   10242   14038.138065
13933   228358   10242   14038.211188
12555   228358   10242   14038.349748
13291   228358   10242   14038.322018
14229   228358   10242   14038.561882
11911   228358   10242   14038.649151
14164   228358   10242   14038.396297
12896   228358   10242   14038.611024
15993   228358   10242   14038.854048
13203   228358   10242   14038.783941
22380   228358   10242   14038.818682
17691   228358   10242   14039.041189
16547   228358   10242   14039.013559
13988   228358   10242   14039.164604
14393   228358   10242   14039.047523
15238   228358   10242   14039.031590
13442   228358   10242   14039.249105
13906   228358   10242   14039.499966
13981   228358   10242   14039.239021
14074   228358   10242   14039.438853
13214   228358   10242   14039.652007
14180   228358   10242   14039.646096
13297   228358   10242   14039.462387
13930   228358   10242   14039.704388
13579   228358   10242   14039.658386
14982   228358   10242   14039.870565
12731   228358   10242   14039.842300
15329   228358   10242   14039.824402
15771   228358   10242   14040.042442
14205   228358   10242   14040.263399
17184   228358   10242   14039.780013
14030   228358   10242   14040.006311
12080   228358   10242   14040.231004
13665   228358   10242   14040.222561
15926   228358   10242   14040.192110
13369   228358   10242   14040.417416
14592   228358   10242   14040.384686
14700   228358   10242   14040.605362
12338   228358   10242   14040.437448
12351   228358   10242   14040.337944
18744   228358   10242   14040.536679
12908   228358   10242   14040.766166
14459   228358   10242   14040.502526
13692   228358   10242   14040.740120
13389   228358   10242   14040.956082
15461   228358   10242   14040.947980
13935   228358   10242   14040.911060
23022   228358   10242   14040.972224
22436   228358   10242   14040.917157
13446   228358   10242   14041.154956
12851   228358   10242   14041.226115
18364   228358   10242   14041.055474
13122   228358   10242   14041.249265
13477   228358   10242   14041.462725
12176   228358   10242   14041.299542
14103   228358   10242   14041.257632
18736   228358   10242   14041.458734
12689   228358   10242   14041.440401
13121   228358   10242   14041.608074
14824   228358   10242   14041.608562
17988   228358   10242   14041.589025
12909   228358   10242   14041.787829
13662   228358   10242   14041.953246
14149   228358   10242   14041.547426
13806   228358   10242   14041.766140
14949   228358   10242   14041.974674
15415   228358   10242   14041.962037
14504   228358   10242   14041.927754
14166   228358   10242   14042.135898
13085   228358   10242   14042.120741
13889   228358   10242   14042.322533
12920   228358   10242   14042.136550
13645   228358   10242   14042.096020
14515   228358   10242   14042.301729
22545   228358   10242   14042.538267
14247   228358   10242   14042.243126
12713   228358   10242   14042.438092
14407   228358   10242   14042.634638
14233   228358   10242   14042.610440
14220   228358   10242   14042.423216
15545   228358   10242   14042.621128
14584   228358   10242   14042.573892
15016   228358   10242   14042.777386
14804   228358   10242   14042.730140
13209   228358   10242   14042.401868
13622   228358   10242   14042.605161
13327   228358   10242   14042.807875
14850   228358   10242   14042.444604
13954   228358   10242   14042.386203
13491   228358   10242   14042.559314
13751   228358   10242   14042.513323
11999   228358   10242   14042.614421
13756   228358   10242   14042.702529
11958   228358   10242   14042.676125
12499   228358   10242   14042.866822
11888   228358   10242   14042.909967
11859   228358   10242   14042.633131
13414   228358   10242   14042.838109
12169   228358   10242   14043.019931
11857   228358   10242   14042.899930
13818   228358   10242   14042.926177
14041   228358   10242   14043.140146
16198   228358   10242   14043.127484
14377   228358   10242   14043.241780
14163   228358   10242   14043.159712
13666   228358   10242   14043.141010
13610   228358   10242   14043.322966
12503   228358   10242   14043.499198
16360   228358   10242   14043.268904
13106   228358   10242   14043.459095
15943   228358   10242   14043.641271
13065   228358   10242   14043.606813
12982   228358   10242   14043.419390
23890   228358   10242   14043.602871
20805   228358   10242   14043.560785
20036   228358   10242   14043.766862
19145   228358   10242   14043.747878
15317   228358   10242   14043.709484
13090   228358   10242   14043.899444
17555   228358   10242   14044.097920
13049   228358   10242   14043.688772
13000   228358   10242   14043.882874
15700   228358   10242   14044.099610
16468   228358   10242   14044.061348
13355   228358   10242   14044.020698
12851   228358   10242   14044.224426
23330   228358   10242   14044.190855
18780   228358   10242   14044.390791
11780   228358   10242   14044.252224
14677   228358   10242   14044.173840
16298   228358   10242   14044.377011
12762   228358   10242   14044.574073
13870   228358   10242   14044.357124
17473   228358   10242   14044.456891
13391   228358   10242   14044.662479
15171   228358   10242   14044.602004
13316   228358   10242   14044.605981
13183   228358   10242   14044.551195
16412   228358   10242   14044.389531
17894   228358   10242   14044.485387
13075   228358   10242   14044.648139
13938   228358   10242   14044.410891
14222   228358   10242   14044.575112
16490   228358   10242   14044.760817
12542   228358   10242   14044.571973
14517   228358   10242   14044.547269
16065   228358   10242   14044.738180
16169   228358   10242   14044.704976
13407   228358   10242   14044.838881
12930   228358   10242   14044.830228
13591   228358   10242   14044.771230
13401   228358   10242   14044.978972
14356   228358   10242   14045.122521
13724   228358   10242   14044.756283
13571   228358   10242   14044.913752
12762   228358   10242   14045.089543
12080   228358   10242   14045.055970
12456   228358   10242   14045.009705
15492   228358   10242   14045.173573
17896   228358   10242   14045.127315
15403   228358   10242   14045.273732
14498   228358   10242   14044.985231
14438   228358   10242   14044.847395
13916   228358   10242   14044.959433
13368   228358   10242   14045.077836
12029   228358   10242   14044.739756
12812   228358   10242   14044.855096
15451   228358   10242   14044.984578
13941   228358   10242   14044.886775
13031   228358   10242   14044.647917
17343   228358   10242   14044.764652
14950   228358   10242   14044.670870
14486   228358   10242   14044.793233
13376   228358   10242   14044.722513
13220   228358   10242   14044.636881
12422   228358   10242   14044.784670
12881   228358   10242   14044.950888
17796   228358   10242   14044.573098
15362   228358   10242   14044.633177
14959   228358   10242   14044.795487
13332   228358   10242   14044.708547
13853   228358   10242   14044.730059
13031   228358   10242   14044.792591
15370   228358   10242   14044.717878
13295   228358   10242   14044.887753
13332   228358   10242   14044.865677
14125   228358   10242   14044.593751
17616   228358   10242   14044.760323
13963   228358   10242   14044.920291
11971   228358   10242   14044.789585
14438   228358   10242   14044.782947
13970   228358   10242   14044.932448
25757   228358   10242   14044.608350
13934   228358   10242   14044.689655
13080   228358   10242   14044.589350
12806   228358   10242   14044.513179
13822   228358   10242   14044.674337
11930   228358   10242   14044.824115
13307   228358   10242   14044.557397
12678   228358   10242   14044.714865
12339   228358   10242   14044.886448
14113   228358   10242   14044.853142
15143   228358   10242   14044.678255
14263   228358   10242   14044.833146
12947   228358   10242   14044.771798
12731   228358   10242   14044.933351
13529   228358   10242   14044.878351
15693   228358   10242   14044.803149
14817   228358   10242   14044.958582
24710   228358   10242   14045.124924
22009   228358   10242   14044.704187
20152   228358   10242   14044.870802
21882   228358   10242   14045.036564
15849   228358   10242   14044.978626
13027   228358   10242   14044.929710
12937   228358   10242   14045.110994
14977   228358   10242   14045.061826
15723   228358   10242   14045.226387
13402   228358   10242   14045.090657
16809   228358   10242   14044.947550
12876   228358   10242   14045.128075
13956   228358   10242   14045.290194
12838   228358   10242   14045.157333
13632   228358   10242   14045.197229
12698   228358   10242   14045.363642
15226   228358   10242   14045.304179
11828   228358   10242   14045.225485
13465   228358   10242   14045.238640
12911   228358   10242   14045.186395
15630   228358   10242   14045.349436
14094   228358   10242   14045.417931
15874   228358   10242   14045.239324
24321   228358   10242   14045.387702
13703   228358   10242   14045.563049
11924   228358   10242   14045.359901
23366   228358   10242   14045.336061
18916   228358   10242   14045.491736
14191   228358   10242   14045.441666
13041   228358   10242   14045.570856
14340   228358   10242   14045.564279
16781   228358   10242   14045.513682
12269   228358   10242   14045.690949
13517   228358   10242   14045.789497
12649   228358   10242   14045.439780
13409   228358   10242   14045.592612
13983   228358   10242   14045.739943
16160   228358   10242   14045.717295
13607   228358   10242   14045.649881
23176   228358   10242   14045.809902
23704   228358   10242   14045.759863
19818   228358   10242   14045.920726
13838   228358   10242   14045.732864
13421   228358   10242   14045.684736
14063   228358   10242   14045.838466
15126   228358   10242   14046.021611
14209   228358   10242   14045.753043
13209   228358   10242   14045.902502
15276   228358   10242   14046.057636
13721   228358   10242   14045.993741
13001   228358   10242   14045.796236
23368   228358   10242   14045.938382
22025   228358   10242   14045.864630
14530   228358   10242   14046.022447
12463   228358   10242   14045.970624
15867   228358   10242   14045.918474
13234   228358   10242   14046.086451
13686   228358   10242   14046.244455
12703   228358   10242   14045.909660
13675   228358   10242   14045.976484
26989   228358   10242   14046.140405
23554   228358   10242   14046.070070
18582   228358   10242   14046.087565
15614   228358   10242   14046.198492
13953   228358   10242   14046.125925
15238   228358   10242   14046.292937
12672   228358   10242   14046.264126
15530   228358   10242   14046.049104
13661   228358   10242   14046.229878
13790   228358   10242   14046.361148
12335   228358   10242   14046.243033
12119   228358   10242   14046.285166
15653   228358   10242   14046.464706
14728   228358   10242   14046.399479
12012   228358   10242   14046.437328
12546   228358   10242   14046.389877
14593   228358   10242   14046.327178
13848   228358   10242   14046.509014
14060   228358   10242   14046.619774
13067   228358   10242   14046.413992
13250   228358   10242   14046.588687
12135   228358   10242   14046.751352
12182   228358   10242   14046.657267
13908   228358   10242   14046.512894
13731   228358   10242   14046.654253
12687   228358   10242   14046.606006
12304   228358   10242   14046.751704
15750   228358   10242   14046.706637
14806   228358   10242   14046.686802
13543   228358   10242   14046.855935
13178   228358   10242   14046.757634
15486   228358   10242   14046.369567
15414   228358   10242   14046.527221
15387   228358   10242   14046.706692
23329   228358   10242   14046.655858
13171   228358   10242   14046.611721
12424   228358   10242   14046.773931
15637   228358   10242   14046.722534
13234   228358   10242   14046.863496
12718   228358   10242   14046.890081
13549   228358   10242   14046.639600
14950   228358   10242   14046.796752
14923   228358   10242   14046.967650
14060   228358   10242   14046.719090
13438   228358   10242   14046.870837
17877   228358   10242   14047.041179
14089   228358   10242   14046.995754
23265   228358   10242   14046.827901
24907   228358   10242   14046.967655
25401   228358   10242   14046.927632
13814   228358   10242   14047.095472
13416   228358   10242   14047.040279
13948   228358   10242   14046.986303
17717   228358   10242   14047.141875
12739   228358   10242   14047.301233
12756   228358   10242   14047.054549
13610   228358   10242   14047.069448
14657   228358   10242   14047.229805
21134   228358   10242   14047.173604
18767   228358   10242   14047.217393
17666   228358   10242   14047.264526
13000   228358   10242   14047.201026
13466   228358   10242   14047.331544
12401   228358   10242   14047.337505
12975   228358   10242   14047.084292
16241   228358   10242   14047.218529
12969   228358   10242   14047.356842
13665   228358   10242   14047.259444
16011   228358   10242   14047.245904
13080   228358   10242   14047.383257
14288   228358   10242   14047.337594
11866   228358   10242   14047.484209
11880   228358   10242   14047.365400
14305   228358   10242   14047.325442
13717   228358   10242   14047.506332
13392   228358   10242   14047.651961
16590   228358   10242   14047.402171
15067   228358   10242   14047.546622
14796   228358   10242   14047.694521
14179   228358   10242   14047.640566
15591   228358   10242   14047.449270
13642   228358   10242   14047.578793
14463   228358   10242   14047.548058
14632   228358   10242   14047.700894
13370   228358   10242   14047.655746
13962   228358   10242   14047.588554
16739   228358   10242   14047.728921
15252   228358   10242   14047.874075
12500   228358   10242   14047.492645
14055   228358   10242   14047.645236
15302   228358   10242   14047.805165
13343   228358   10242   14047.748239
25179   228358   10242   14047.700277
23352   228358   10242   14047.857738
20729   228358   10242   14047.810858
14046   228358   10242   14047.969168
14800   228358   10242   14047.913586
15673   228358   10242   14047.744603
14452   228358   10242   14047.890563
14652   228358   10242   14048.021198
12052   228358   10242   14047.827081
12814   228358   10242   14047.930524
18304   228358   10242   14048.086498
13347   228358   10242   14048.035773
13986   228358   10242   14048.042285
14403   228358   10242   14048.023914
16441   228358   10242   14047.966705
13582   228358   10242   14048.126018
14119   228358   10242   14048.241228
14083   228358   10242   14048.033229
12904   228358   10242   14048.171964
14169   228358   10242   14048.299400
12490   228358   10242   14048.181841
15845   228358   10242   14048.081998
12422   228358   10242   14048.218329
13445   228358   10242   14048.171227
14566   228358   10242   14048.325270
14318   228358   10242   14048.271849
15402   228358   10242   14048.204929
13773   228358   10242   14048.346633
13443   228358   10242   14048.496014
13610   228358   10242   14048.107980
15635   228358   10242   14048.253807
15721   228358   10242   14048.412816
13719   228358   10242   14048.357545
15565   228358   10242   14048.310924
16516   228358   10242   14048.476639
15504   228358   10242   14048.406187
14073   228358   10242   14048.552658
25268   228358   10242   14048.339587
23051   228358   10242   14048.281925
14251   228358   10242   14048.425564
13365   228358   10242   14048.598986
12194   228358   10242   14048.372608
15769   228358   10242   14048.525590
13012   228358   10242   14048.674911
13371   228358   10242   14048.615593
14126   228358   10242   14048.446384
14432   228358   10242   14048.341989
13465   228358   10242   14048.282901
17088   228358   10242   14048.424431
13355   228358   10242   14048.386074
13769   228358   10242   14048.331012
13753   228358   10242   14048.480074
14273   228358   10242   14048.638180
11920   228358   10242   14048.338793
24746   228358   10242   14048.426351
20938   228358   10242   14048.562753
19031   228358   10242   14048.487385
13695   228358   10242   14048.469120
12150   228358   10242   14048.596436
14176   228358   10242   14048.541543
16400   228358   10242   14048.684083
12555   228358   10242   14048.671815
18442   228358   10242   14048.454111
14247   228358   10242   14048.583929
13660   228358   10242   14048.738375
13163   228358   10242   14048.664253
13534   228358   10242   14048.646367
14855   228358   10242   14048.780726
12613   228358   10242   14048.738680
22537   228358   10242   14048.620191
22104   228358   10242   14048.530315
13471   228358   10242   14048.487674
12705   228358   10242   14048.632188
18328   228358   10242   14048.752412
14429   228358   10242   14048.526966
12885   228358   10242   14048.660719
13360   228358   10242   14048.753658
13009   228358   10242   14048.622496
15551   228358   10242   14048.348647
26755   228358   10242   14048.496766
24533   228358   10242   14048.442049
18301   228358   10242   14048.565645
13831   228358   10242   14048.515711
13294   228358   10242   14048.477885
16174   228358   10242   14048.640760
13806   228358   10242   14048.809184
12742   228358   10242   14048.449669
14445   228358   10242   14048.583859
14523   228358   10242   14048.731645
15509   228358   10242   14048.704692
14300   228358   10242   14048.671710
24343   228358   10242   14048.823142
23446   228358   10242   14048.792178
15268   228358   10242   14048.945556
13108   228358   10242   14048.823251
13974   228358   10242   14048.752694
14600   228358   10242   14048.934538
13322   228358   10242   14049.078200
13992   228358   10242   14048.852566
12168   228358   10242   14049.003788
15232   228358   10242   14049.166577
16236   228358   10242   14049.140562
12001   228358   10242   14049.132661
12753   228358   10242   14049.150608
14040   228358   10242   14049.118989
19150   228358   10242   14049.270201
11639   228358   10242   14049.307730
12826   228358   10242   14049.184828
16658   228358   10242   14049.343638
12903   228358   10242   14049.509105
14802   228358   10242   14049.330804
24617   228358   10242   14049.301351
22616   228358   10242   14049.439301
18916   228358   10242   14049.396590
15504   228358   10242   14049.519652
13350   228358   10242   14049.516175
18546   228358   10242   14049.473747
15148   228358   10242   14049.615277
