11,02
10,75
10,84
11,05
11,05
11,26
11,08
10,78
10,54
10,78
11,02
11,02
10,78
11,05
10,78
10,81
11,05
10,81
11,32
11,05
11,05
11,56
11,05
11,05
11,32
11,32
10,84
11,32
11,29
11,29
11,29
11,08
11,05
11,32
11,08
11,08
11,32
11,32
11,08
11,08
11,08
11,05
11,08
11,32
11,32
11,29
11,08
11,05
11,08
11,32
11,29
11,29
11,29
11,32
11,29
11,08
11,08
11,32
11,32
11,08
11,05
11,08
11,08
11,08
11,32
11,29
11,05
11,32
11,29
11,05
11,05
11,05
11,05
11,08
11,05
11,08
11,32
11,05
11,29
11,29
11,32
11,08
11,08
11,05
11,32
11,02
11,29
11,08
11,08
11,32
11,56
11,32
11,05
11,05
11,08
11,56
11,32
11,32
11,05
11,08
11,32
11,05
11,32
11,29
11,32
11,05
11,32
11,05
11,05
11,32
11,29
11,56
11,29
11,08
11,08
11,29
11,29
11,32
11,32
11,08
11,08
11,08
11,29
11,08
11,29
11,08
11,08
11,05
11,05
11,32
11,32
11,32
11,32
11,08
11,08
11,08
11,32
11,32
11,08
11,08
11,08
11,05
11,53
11,53
11,32
11,05
11,08
11,08
11,05
11,32
11,53
11,32
11,05
11,08
11,08
11,08
11,05
11,32
11,08
11,29
11,29
11,08
11,05
11,08
11,05
11,32
11,32
11,32
11,32
11,29
11,32
11,29
11,29
11,08
11,08
11,05
11,08
11,53
11,53
11,32
11,08
11,08
11,32
11,32
11,29
11,29
11,32
11,29
11,05
11,05
11,08
11,32
11,29
11,08
11,05
11,08
11,29
11,29
11,29
11,32
11,08
11,08
11,05
11,05
11,08
11,56
11,29
11,08
11,05
11,05
11,29
11,32
11,32
11,08
11,08
11,29
11,32
11,08
11,08
