Act   Max   Min   Avg
0   0   0   -nan
11856   176708   11366   11955.800520
12246   176708   11366   12030.011237
11975   176708   11249   12054.049778
12918   176708   11249   12053.230788
12160   176708   11249   12054.880210
11971   176708   11211   12085.914712
11912   334749   11109   12122.333404
12294   334749   11109   12137.856942
11991   334749   11109   12140.064386
11793   334749   11109   12132.133227
11687   334749   11109   12129.843400
11958   334749   11109   12126.463259
12487   334749   11109   12123.749081
11955   334749   11109   12125.053763
13245   334749   11109   12126.039058
12442   334749   11109   12126.727289
11947   334749   11097   12130.208126
12830   334749   11097   12138.366471
16301   334749   10965   12154.005672
16878   334749   10965   12236.214017
16156   334749   10965   12436.375769
15412   376411   10965   12596.540683
14822   376411   10965   12721.586942
14760   376411   10965   12824.340165
20761   376411   10965   12905.931620
16875   376411   10965   12970.201342
13974   376411   10965   13018.597053
13598   376411   10965   13055.876530
14447   376411   10965   13081.976663
12980   376411   10965   13099.847237
24798   376411   10965   13110.983429
12764   376411   10965   13117.921398
13010   376411   10965   13123.467081
12618   376411   10965   13125.034582
12920   376411   10965   13125.141114
13624   376411   10965   13120.876786
12765   755686   10965   13122.657623
12361   755686   10965   13111.908530
13505   755686   10965   13102.324355
12915   755686   10965   13094.695728
12277   755686   10965   13081.767403
11987   755686   10965   13065.486602
13000   755686   10965   13054.140425
12259   755686   10965   13044.123433
11983   755686   10965   13030.932503
12141   755686   10965   13016.289206
12049   755686   10965   13003.155557
12613   755686   10965   12992.657087
12895   755686   10965   12981.521860
12201   755686   10965   12969.165173
13014   755686   10965   12959.048545
12316   755686   10965   12949.053498
12390   755686   10965   12936.375451
11842   755686   10965   12923.324163
11621   755686   10965   12911.083349
11964   755686   10965   12901.254957
11952   755686   10965   12892.321394
12403   755686   10965   12885.770162
11772   755686   10965   12874.220450
12524   755686   10965   12863.696515
12037   755686   10965   12854.689617
11569   755686   10965   12842.472620
11967   755686   10965   12830.921597
13268   755686   10965   12819.575662
18725   755686   10965   12808.215077
11816   755686   10965   12796.725170
11703   755686   10965   12785.681172
11887   755686   10965   12774.988868
11801   755686   10965   12765.043250
13420   755686   10965   12756.265231
11899   755686   10965   12749.306980
12181   755686   10965   12740.082569
11695   755686   10965   12729.309086
12052   755686   10965   12718.220119
12178   755686   10965   12708.899659
11969   755686   10965   12699.080011
11751   755686   10965   12691.282890
11751   755686   10965   12683.791398
11904   755686   10965   12676.712581
12008   755686   10965   12669.834451
12402   755686   10965   12664.311724
11964   755686   10965   12658.046713
12471   755686   10965   12651.695975
12061   755686   10965   12645.242793
11676   755686   10965   12639.479362
12226   755686   10965   12633.280991
11816   755686   10965   12626.850203
11975   755686   10965   12620.923020
19597   755686   10965   12614.534860
11759   755686   10965   12607.968033
11758   755686   10965   12601.815399
12813   755686   10965   12595.738065
11767   755686   10965   12590.297712
11866   755686   10965   12586.532253
12099   755686   10965   12581.607330
11939   755686   10965   12576.591399
12382   755686   10965   12572.324053
12402   755686   10965   12567.209390
11735   755686   10965   12562.566509
14511   755686   10965   12558.035694
11819   755686   10965   12553.636639
12340   755686   10965   12549.404618
12060   755686   10965   12546.210106
11871   755686   10965   12542.402093
12182   755686   10965   12538.473911
14610   755686   10965   12534.917489
12931   755686   10965   12531.289047
12003   755686   10965   12527.798718
11949   755686   10965   12524.442612
12844   755686   10965   12520.984207
18188   755686   10965   12517.122591
27352   755686   10965   12513.459475
12685   755686   10965   12510.261441
12311   755686   10965   12508.287891
12228   755686   10965   12507.083830
12118   755686   10965   12505.353680
12844   755686   10965   12500.710406
11841   755686   10965   12494.980975
11963   755686   10965   12489.907006
11677   755686   10965   12485.000520
11409   755686   10965   12480.368727
11431   755686   10965   12475.979086
11878   755686   10965   12471.848723
11967   755686   10965   12468.080305
12310   755686   10965   12464.094498
11515   755686   10965   12459.989231
12293   755686   10965   12458.364593
11995   755686   10965   12458.183173
12274   755686   10965   12457.510658
11835   755686   10965   12454.720086
12447   755686   10965   12452.632482
11762   755686   10965   12450.257907
12660   755686   10965   12446.609934
11623   755686   10965   12443.485132
12699   755686   10965   12440.572733
13237   755686   10965   12437.009083
11970   755686   10965   12433.605949
12091   755686   10965   12430.465764
11745   755686   10965   12427.288431
11588   755686   10965   12424.585924
11597   755686   10965   12422.265495
12224   755686   10965   12420.290975
11951   755686   10965   12417.872040
12440   755686   10965   12415.019519
12392   755686   10965   12413.323635
11565   755686   10965   12412.168975
12038   755686   10965   12410.105233
11695   755686   10965   12408.123643
12017   755686   10965   12406.455880
11961   755686   10965   12404.839125
12151   755686   10965   12403.073198
11900   755686   10965   12401.200342
12048   755686   10965   12400.031485
12147   755686   10965   12398.401894
14191   755686   10965   12397.122434
12020   755686   10965   12396.239396
12237   755686   10965   12395.118139
12029   755686   10965   12393.836501
12140   755686   10829   12392.732981
11991   755686   10829   12391.634393
12317   755686   10829   12390.581561
11913   755686   10829   12389.918878
12027   755686   10829   12389.011612
12295   755686   10829   12388.057850
12724   755686   10829   12387.262770
12238   755686   10829   12386.488634
11799   755686   10829   12385.759992
11952   755686   10829   12385.157458
12866   755686   10829   12384.529383
11920   755686   10829   12383.833953
12065   755686   10829   12383.096181
12027   755686   10829   12382.425015
12417   755686   10829   12381.581324
12326   755686   10829   12380.893706
12458   755686   10829   12380.133696
11800   755686   10829   12379.391688
11988   755686   10829   12378.544579
12497   755686   10829   12377.698394
12178   755686   10829   12376.977266
12064   755686   10829   12376.246707
12919   755686   10829   12379.565503
12707   755686   10829   12383.402925
12712   755686   10829   12386.974712
12316   755686   10829   12390.270547
13288   755686   10829   12393.249570
12405   755686   10829   12396.188950
12367   755686   10829   12399.291582
12489   755686   10829   12401.773948
12465   755686   10829   12404.004160
12496   755686   10829   12406.038117
12978   755686   10829   12408.023821
13966   755686   10829   12409.698412
12760   755686   10829   12411.239382
13286   755686   10829   12412.453637
12469   755686   10829   12413.669808
12304   755686   10829   12414.726803
12780   755686   10829   12415.725938
12784   755686   10829   12416.435394
12814   755686   10829   12417.236568
12993   755686   10829   12417.222912
12742   755686   10829   12417.059781
12109   755686   10829   12417.308928
12525   755686   10829   12417.603255
12939   755686   10829   12418.011477
12848   755686   10829   12418.519445
12724   755686   10829   12419.078647
11919   755686   10829   12419.671416
12775   755686   10829   12420.141492
13031   755686   10829   12420.649052
12433   755686   10829   12421.287281
12646   755686   10829   12421.911906
13054   755686   10829   12422.601009
13096   755686   10829   12422.978300
12866   755686   10829   12423.103408
12556   755686   10829   12423.277851
17841   755686   10829   12423.565903
13090   755686   10829   12423.558869
12889   755686   10829   12423.680369
12244   755686   10829   12423.740132
12655   755686   10829   12423.780006
12528   755686   10829   12423.868095
12456   755686   10829   12423.848808
12975   755686   10829   12423.895948
12901   755686   10829   12424.012677
11927   755686   10829   12424.008396
12496   755686   10829   12423.985405
12294   755686   10829   12423.972074
12616   755686   10829   12423.869218
12129   755686   10829   12423.806117
11960   755686   10829   12423.530055
12450   755686   10829   12423.518690
12648   755686   10829   12423.394725
12869   755686   10829   12423.197389
12034   755686   10829   12423.137550
12653   755686   10829   12423.046116
12898   755686   10829   12423.104697
11863   755686   10829   12423.189094
11955   755686   10829   12423.307264
12035   755686   10829   12423.396574
12662   755686   10829   12423.494246
11901   755686   10829   12422.762700
11895   755686   10829   12421.711569
12145   755686   10829   12420.700355
11968   755686   10829   12419.559415
11545   755686   10829   12417.630981
12473   755686   10829   12415.753670
12777   755686   10829   12413.754736
11210   755686   10829   12412.171871
12603   755686   10829   12410.983345
11830   755686   10829   12409.853969
12609   755686   10829   12408.434454
12147   755686   10829   12407.371821
11897   755686   10829   12406.398699
12282   755686   10829   12405.462960
12657   755686   10829   12404.493984
11741   755686   10829   12403.718587
12195   755686   10829   12402.980742
12236   755686   10829   12402.290389
11715   755686   10829   12401.366013
11692   755686   10829   12400.708154
12812   755686   10829   12400.204025
12046   755686   10829   12399.687764
12837   755686   10829   12399.057290
12572   755686   10829   12398.594267
11801   755686   10829   12398.217201
12038   755686   10829   12397.862363
12753   755686   10829   12397.457955
12000   755686   10829   12397.022741
12727   755686   10829   12396.649968
11964   755686   10829   12396.324840
11867   755686   10829   12395.889844
11821   755686   10829   12395.539151
12572   755686   10829   12395.253781
12170   755686   10829   12395.120188
12353   755686   10829   12394.807100
12432   755686   10829   12394.435039
11703   755686   10829   12394.172524
11969   755686   10829   12393.971117
11839   755686   10829   12393.737020
11910   755686   10829   12393.525989
12681   755686   10829   12393.403580
12485   755686   10829   12393.272838
12090   755686   10829   12393.046493
12842   755686   10829   12392.684993
11846   755686   10829   12392.543168
12285   755686   10829   12392.510475
12268   755686   10829   12392.421069
12590   755686   10829   12392.201887
12916   755686   10829   12392.118913
12443   755686   10829   12392.024320
11896   755686   10829   12391.961823
12374   755686   10829   12391.713473
12632   755686   10829   12391.676731
11939   755686   10829   12391.667525
12146   755686   10829   12391.662577
11631   755686   10829   12391.467242
12347   755686   10829   12391.427068
11915   755686   10829   12391.455067
12047   755686   10829   12391.466701
12196   755686   10829   12391.204394
12198   755686   10829   12391.160142
11632   755686   10829   12391.103540
12612   755686   10829   12391.073377
12251   755686   10829   12390.920019
12919   755686   10829   12390.943678
11988   755686   10829   12390.936749
12663   755686   10829   12390.963214
12622   755686   10829   12390.608026
12837   755686   10829   12390.745484
13314   755686   10829   12392.510356
12683   755686   10829   12394.323818
12160   755686   10829   12395.634181
12395   755686   10829   12396.961826
13166   755686   10829   12398.226526
12945   755686   10829   12399.416893
12290   755686   10829   12400.313113
12059   755686   10829   12401.306883
12170   755686   10829   12401.990682
11932   755686   10829   12402.906030
12260   755686   10829   12403.688418
12952   755686   10829   12404.621102
12595   755686   10829   12405.497383
12179   755686   10829   12406.368028
13022   755686   10829   12406.997157
12033   755686   10829   12407.597659
12154   755686   10829   12408.125664
11828   755686   10829   12408.773554
12118   755686   10829   12409.324370
12221   755686   10829   12409.916100
12704   755686   10829   12410.554204
12972   755686   10829   12411.160017
12204   755686   10829   12411.637664
12219   755686   10829   12412.000757
12273   755686   10829   12412.482868
11862   755686   10829   12412.949558
12459   755686   10829   12413.481973
12570   755686   10829   12413.790443
13077   755686   10829   12414.206608
12826   755686   10829   12414.599990
12282   755686   10829   12414.936688
12087   755686   10829   12415.141322
12326   755686   10829   12415.579456
12886   755686   10829   12415.934966
12039   755686   10829   12416.252554
12413   755686   10829   12416.460845
12137   755686   10829   12416.761353
11986   755686   10829   12417.057203
12307   755686   10829   12417.453550
12245   755686   10829   12417.500929
12743   755686   10829   12417.722067
12668   755686   10829   12417.978779
12799   755686   10829   12418.213891
11629   755686   10829   12418.333647
12510   755686   10829   12418.658940
13178   755686   10829   12418.937146
12047   755686   10829   12419.224883
12193   755686   10829   12419.256176
12961   755686   10829   12419.507716
11978   755686   10829   12419.722206
12011   755686   10829   12419.998548
12692   755686   10829   12420.126136
13283   755686   10829   12420.365969
12942   755686   10829   12420.620399
12692   755686   10829   12420.913598
11701   755686   10829   12420.921047
12851   755686   10829   12421.101727
12685   755686   10829   12421.370827
11937   755686   10829   12421.571337
12318   755686   10829   12421.660124
12810   755686   10829   12421.879408
11948   755686   10829   12422.083858
12138   755686   10829   12422.283427
12434   755686   10829   12422.327260
12630   755686   10829   12422.011675
12442   755686   10829   12421.759902
12681   755686   10829   12421.513039
11616   755686   10829   12421.213687
12128   755686   10829   12421.007003
12258   755686   10829   12420.908503
11737   755686   10829   12420.779983
12922   755686   10829   12420.508101
11861   755686   10829   12420.216216
12225   755686   10829   12420.038331
12148   755686   10829   12419.878021
12530   755686   10829   12419.784201
12273   755686   10829   12419.572091
12612   755686   10829   12419.454037
12050   755686   10829   12419.357267
11948   755686   10829   12419.168076
12506   755686   10829   12418.899941
12751   755686   10829   12418.820109
11924   755686   10829   12418.755800
12661   755686   10829   12418.685696
13267   755686   10829   12418.545488
11936   755686   10829   12418.496910
12331   755686   10829   12418.456797
12999   755686   10829   12418.394834
12738   755686   10829   12418.292718
12473   755686   10829   12418.269445
11991   755686   10829   12418.254335
12148   755686   10829   12418.209113
12784   755686   10829   12418.069837
12753   755686   10829   12418.040556
11803   755686   10829   12418.088521
12936   755686   10829   12418.045711
12275   755686   10829   12417.841193
12343   755686   10829   12417.810827
11979   755686   10829   12417.777107
11895   755686   10829   12417.750786
11874   755686   10829   12417.722843
12220   755686   10829   12417.736624
12574   755686   10829   12417.747517
12587   755686   10829   12417.797851
11987   755686   10829   12417.656705
11686   755686   10829   12417.650162
12911   755686   10829   12417.726766
12048   755686   10829   12417.719829
12673   755686   10829   12417.623044
12432   755686   10829   12417.609532
11959   755686   10829   12417.621203
12396   755686   10829   12417.638047
13058   755686   10829   12417.579157
12523   755686   10829   12417.639985
12730   755686   10829   12417.702153
12857   755686   10829   12417.747246
11873   755686   10829   12417.693716
12000   755686   10829   12417.733371
12363   755686   10829   12417.765184
12256   755686   10829   12417.865725
12155   755686   10829   12417.849137
13046   755686   10829   12417.812724
12616   755686   10829   12417.864585
12569   755686   10829   12417.915132
12012   755686   10829   12417.796449
12417   755686   10829   12417.919532
12271   755686   10829   12418.023524
11626   755686   10829   12418.087721
11907   755686   10829   12418.059961
12146   755686   10829   12418.038759
12263   755686   10829   12418.088815
12285   755686   10829   12418.173504
11874   755686   10829   12418.216614
12826   755686   10829   12418.223350
12258   755686   10829   12418.347849
12727   755686   10829   12418.464233
12008   755686   10829   12418.523023
11910   755686   10829   12418.516822
12294   755686   10829   12418.609874
12432   755686   10829   12418.703195
11970   755686   10829   12418.811916
12851   755686   10829   12418.835165
11718   755686   10829   12418.927791
12529   755686   10829   12419.004992
11943   755686   10829   12419.092345
12524   755686   10829   12419.027149
12361   755686   10829   12419.097445
12909   755686   10829   12419.181704
11896   755686   10829   12419.261093
11976   755686   10829   12419.232043
12706   755686   10829   12419.365624
12339   755686   10829   12419.417395
12116   755686   10829   12419.472611
12917   755686   10829   12419.372421
11862   755686   10829   12419.422004
12297   755686   10829   12419.487142
12796   755686   10829   12419.662345
12575   755686   10829   12419.672760
12837   755686   10829   12419.773817
12627   755686   10829   12419.829953
14088   755686   10829   12419.876266
11808   755686   10829   12419.781776
13004   755686   10829   12419.907631
12721   755686   10829   12419.960947
12100   755686   10829   12420.014351
12979   755686   10829   12420.000477
12583   755686   10829   12420.060720
12770   755686   10829   12420.148918
12640   755686   10829   12420.288026
12703   755686   10829   12420.302323
12346   755686   10829   12420.289054
11889   755686   10829   12420.358839
13470   755686   10829   12420.436095
11702   755686   10829   12420.421735
12597   755686   10829   12420.533043
12738   755686   10829   12420.596622
12911   755686   10829   12420.657683
12592   755686   10829   12420.659778
11942   755686   10829   12420.639826
11955   755686   10829   12420.711718
12815   755686   10829   12420.785666
11965   755686   10829   12420.866885
12569   755686   10829   12420.912262
13080   755686   10829   12420.967888
11804   755686   10829   12421.032462
12220   755686   10829   12421.019245
12409   755686   10829   12421.007920
12805   755686   10829   12421.124851
12929   755686   10829   12421.233270
12858   755686   10829   12421.315979
11814   755686   10829   12421.334327
12129   755686   10829   12421.429359
12789   755686   10829   12421.520141
13126   755686   10829   12421.621588
12115   755686   10829   12421.560798
12846   755686   10829   12421.642908
11810   755686   10829   12421.709431
11714   755686   10829   12421.781198
12784   755686   10829   12421.761175
12386   755686   10829   12421.891722
12836   755686   10829   12421.987103
12617   755686   10829   12422.100041
11801   755686   10829   12422.034256
12868   755686   10829   12422.096264
12459   755686   10829   12422.164525
12793   755686   10829   12422.266398
13113   755686   10829   12422.271247
12267   755686   10829   12422.381546
16293   755686   10829   12422.459156
11844   755686   10829   12422.536283
12174   755686   10829   12422.484469
11965   755686   10829   12422.552903
12624   755686   10829   12422.682903
12546   755686   10829   12422.745044
11744   755686   10829   12422.727699
12764   755686   10829   12422.785336
12468   755686   10829   12422.843694
12753   755686   10829   12422.895378
12135   755686   10829   12422.825455
12406   755686   10829   12422.746932
12071   755686   10829   12422.733184
12262   755686   10829   12422.745567
12798   755686   10829   12422.670658
12520   755686   10829   12422.643811
12988   755686   10829   12422.710172
11796   755686   10829   12422.539228
12174   755686   10829   12422.301672
11991   755686   10829   12421.995172
12095   755686   10829   12421.717944
11915   755686   10793   12421.460716
12056   755686   10793   12421.378853
11842   755686   10793   12421.193070
12754   755686   10793   12421.259481
13117   755686   10793   12421.182762
11815   755686   10793   12421.014338
12912   755686   10793   12420.740688
13544   755686   10793   12420.800068
12698   755686   10793   12420.565027
12128   755686   10793   12420.610156
13904   755686   10793   12420.389506
11870   755686   10793   12420.329066
11985   755686   10793   12420.167294
12238   755686   10793   12420.067561
12328   755686   10793   12419.940431
12960   755686   10793   12419.762811
12196   755686   10793   12419.691223
11983   755686   10793   12419.733179
12001   755686   10793   12419.751497
12438   755686   10793   12420.000253
11819   755686   10793   12419.962543
12829   755686   10793   12420.022390
12864   755686   10793   12419.884113
12580   755686   10793   12419.682211
11841   755686   10793   12419.646825
12304   755686   10793   12419.656584
13049   755686   10793   12419.657419
11679   755686   10793   12419.435437
12362   755686   10793   12418.383701
11645   755686   10793   12417.393791
12749   755686   10793   12416.475390
12059   755686   10793   12415.515783
12126   755686   10793   12414.782927
12119   755686   10793   12414.064403
12689   755686   10793   12413.367013
11972   755686   10793   12412.637395
12065   755686   10793   12412.065237
12047   755686   10793   12411.367892
11808   755686   10793   12410.686190
11865   755686   10793   12409.929793
12274   755686   10793   12409.187594
12454   755686   10793   12408.480129
12120   755686   10793   12407.925362
12727   755686   10793   12407.500575
11567   755686   10793   12407.173334
12756   755686   10793   12406.858679
13023   755686   10793   12406.322359
11826   755686   10793   12405.983089
12084   755686   10793   12405.610151
11701   755686   10793   12405.119811
13077   755686   10793   12404.729960
12463   755686   10793   12404.387366
12096   755686   10793   12403.899928
12052   755686   10793   12403.429625
12734   755686   10793   12403.003117
12345   755686   10793   12402.723124
12230   755686   10793   12402.494368
11924   755686   10793   12402.366255
12578   755686   10793   12402.221312
12147   755686   10793   12401.951315
11780   755686   10793   12401.542145
12801   755686   10793   12401.098290
12269   755686   10793   12400.734461
11913   755686   10793   12400.431967
12083   755686   10793   12400.192538
11805   755686   10793   12400.091766
12221   755686   10793   12399.750218
11947   755686   10793   12399.412442
12396   755686   10793   12399.254785
11823   755686   10793   12398.976823
12102   755686   10793   12398.669055
13004   755686   10793   12398.562649
12417   755686   10793   12398.193024
11698   755686   10793   12397.826288
14972   755686   10793   12397.678843
12196   755686   10793   12397.494399
12141   755686   10793   12397.216744
11919   755686   10793   12397.117272
13077   755686   10793   12397.053117
12218   755686   10793   12396.793458
12109   755686   10793   12396.556802
11968   755686   10793   12396.311817
12016   755686   10793   12396.090877
12199   755686   10793   12395.796823
12495   755686   10793   12395.508116
12302   755686   10793   12395.350958
11774   755686   10793   12395.299352
12699   755686   10793   12395.017579
12539   755686   10793   12394.940112
13017   755686   10793   12394.675567
12437   755686   10793   12394.386826
11821   755686   10793   12394.371335
12616   755686   10793   12394.670887
13033   755686   10793   12394.890485
13264   755686   10793   12395.094767
12195   755686   10793   12395.112313
12125   755686   10793   12395.181253
12776   755686   10793   12395.210204
12072   755686   10793   12395.405883
12946   755686   10793   12395.657538
12581   755686   10793   12395.976108
11939   755686   10793   12396.070452
12482   755686   10793   12396.027062
13097   755686   10793   12396.141950
11824   755686   10793   12396.275788
13407   755686   10793   12396.202218
12445   755686   10793   12396.363162
12054   755686   10793   12396.333575
12697   755686   10793   12396.509728
12701   755686   10793   12396.673125
12860   755686   10793   12396.760226
11897   755686   10793   12396.945206
12430   755686   10793   12397.132611
12084   755686   10793   12397.293590
11868   755686   10793   12397.401803
12770   755686   10793   12397.560821
13169   755686   10793   12397.755026
11779   755686   10793   12397.907687
12338   755686   10793   12397.979849
12440   755686   10793   12398.185318
11790   755686   10793   12398.343202
12374   755686   10793   12398.490129
12547   755686   10793   12398.510842
12771   755686   10793   12398.642648
12765   755686   10793   12398.773991
11905   755686   10793   12398.943656
11845   755686   10793   12399.023606
12530   755686   10793   12399.172813
13047   755686   10793   12399.311921
12587   755686   10793   12399.454046
12752   755686   10793   12399.456054
12502   755686   10793   12399.599910
13208   755686   10793   12399.731278
12765   755686   10793   12399.846427
12763   755686   10793   12399.887655
12218   755686   10793   12400.000216
12930   755686   10793   12400.104252
16029   755686   10793   12400.217689
11690   755686   10793   12400.193000
12646   755686   10793   12400.287459
12874   755686   10793   12400.371952
12846   755686   10793   12400.452392
12522   755686   10793   12400.466909
12483   755686   10793   12400.550640
12735   755686   10793   12400.672983
11883   755686   10793   12400.766815
12500   755686   10793   12400.747559
12530   755686   10793   12400.827100
12726   755686   10793   12400.900979
11858   755686   10793   12400.983630
11826   755686   10793   12401.030391
12586   755686   10793   12401.102342
12732   755686   10793   12401.172981
12034   755686   10793   12401.239565
12595   755686   10793   12401.221717
12897   755686   10793   12401.168410
12227   755686   10793   12401.092350
12235   755686   10793   12401.077703
11972   755686   10793   12401.022848
11767   755686   10793   12401.042172
12250   755686   10793   12401.069444
12557   755686   10793   12401.107602
11836   755686   10793   12401.093034
11691   755686   10482   12400.935659
12963   755686   10482   12400.926161
12507   755686   10482   12400.970439
12344   755686   10482   12400.984746
11939   755686   10482   12400.903898
12093   755686   10482   12400.764352
12122   755686   10482   12400.538856
12406   755686   10482   12400.310485
14333   755686   10482   12400.041480
11834   755686   10482   12399.759414
12837   755686   10482   12399.783072
12465   755686   10482   12399.795991
11899   755686   10482   12399.782267
12453   755686   10482   12399.583748
12698   755686   10482   12399.467948
12220   755686   10482   12399.398856
11950   755686   10482   12399.151570
13102   755686   10482   12398.981361
11900   755686   10482   12398.965480
11958   755686   10482   12398.806826
12478   755686   10482   12398.601384
12631   755686   10482   12398.473664
12820   755686   10482   12398.366093
12299   755686   10482   12398.339199
12195   755686   10482   12398.307704
11930   755686   10482   12398.234320
12165   755686   10482   12398.052961
12181   755686   10482   12398.093556
12234   755686   10482   12398.087773
12229   755686   10482   12398.115309
12145   755686   10482   12398.195140
12436   755686   10482   12398.230685
12282   755686   10482   12398.217725
12201   755686   10482   12398.189403
12886   755686   10482   12398.214167
12265   755686   10482   12398.233475
12252   755686   10482   12398.293941
12043   755686   10482   12398.264869
12412   755686   10482   12398.286749
12154   755686   10482   12398.307190
11797   755686   10482   12398.293629
11883   755686   10482   12398.236168
12428   755686   10482   12398.255329
12331   755686   10482   12398.317993
11871   755686   10482   12398.352640
12551   755686   10482   12398.347578
11781   755686   10482   12398.390683
11899   755686   10482   12398.412356
12158   755686   10482   12398.426895
12802   755686   10482   12398.399679
12928   755686   10482   12398.451083
12183   755686   10482   12398.488585
11896   755686   10482   12398.523105
12771   755686   10482   12398.502222
12592   755686   10482   12398.528684
12046   755686   10482   12398.520531
11816   755686   10482   12398.524146
12591   755686   10482   12398.393393
11937   755686   10482   12398.356159
11971   755686   10482   12398.328826
11711   755686   10482   12398.314622
12603   755686   10482   12398.265072
12466   755686   10482   12398.252862
12670   755686   10482   12398.253181
12197   755686   10482   12398.240315
11826   755686   10482   12398.122076
11818   755686   10482   12398.090730
12796   755686   10482   12398.085073
12265   755686   10482   12398.077566
12730   755686   10482   12398.020207
11821   755686   10482   12398.014899
14068   755686   10482   12397.994734
11808   755686   10482   12397.972558
12210   755686   10482   12397.857796
12252   755686   10482   12397.873171
12550   755686   10482   12397.868429
11862   755686   10482   12397.862925
12737   755686   10482   12397.803035
12758   755686   10482   12397.791640
11859   755686   10482   12397.785233
11992   755686   10482   12397.812312
12021   755686   10482   12397.743854
12515   755686   10482   12397.694487
12079   755686   10482   12397.678179
12890   755686   10482   12397.667628
11885   755686   10482   12397.599373
12097   755686   10482   12397.608051
12585   755686   10482   12397.593385
11966   755686   10482   12397.577391
12606   755686   10482   12397.517690
11773   755686   10482   12397.450669
12531   755686   10482   12397.439662
12592   755686   10482   12397.466829
11861   755686   10482   12397.468026
12523   755686   10482   12397.453517
12177   755686   10482   12397.450049
11958   755686   10482   12397.462108
12197   755686   10482   12397.458419
12541   755686   10482   12397.409087
12189   755686   10482   12397.395325
12484   755686   10482   12397.406000
12460   755686   10482   12397.395879
12682   755686   10482   12397.340827
12880   755686   10482   12397.340759
12295   755686   10482   12397.340794
12225   755686   10482   12397.386567
12526   755686   10482   12397.294354
12267   755686   10482   12397.281936
11808   755686   10482   12397.274743
12916   755686   10482   12397.267465
12269   755686   10482   12397.198017
11971   755686   10482   12397.223825
12406   755686   10482   12397.232912
13020   755686   10482   12397.248758
11979   755686   10482   12397.147475
12623   755686   10482   12397.143119
12149   755686   10482   12397.139774
11992   755686   10482   12397.178122
12873   755686   10482   12397.144818
12321   755686   10482   12397.163574
11720   755686   10482   12397.177052
12141   755686   10482   12397.178635
12601   755686   10482   12397.108462
11737   755686   10482   12397.109984
11738   755686   10482   12397.122441
12353   755686   10482   12397.136472
12568   755686   10482   12397.097710
12342   755686   10482   12397.087071
12828   755686   10482   12397.081502
11694   755686   10482   12397.105729
12593   755686   10482   12397.014796
12710   755686   10482   12397.007433
12185   755686   10482   12397.001153
11935   755686   10482   12396.998850
12255   755686   10482   12396.942577
15924   755686   10482   12396.948008
11839   755686   10482   12396.988495
12989   755686   10482   12397.012593
12399   755686   10482   12396.981639
12670   755686   10482   12396.929524
12742   755686   10482   12396.923936
12500   755686   10482   12396.925196
11922   755686   10482   12396.925287
11998   755686   10482   12396.903388
12067   755686   10482   12396.896235
12460   755686   10482   12396.905837
12673   755686   10482   12396.867833
12055   755686   10482   12396.820047
11911   755686   10482   12396.844135
13117   755686   10482   12396.861490
11918   755686   10482   12396.869583
12053   755686   10482   12396.854138
12261   755686   10482   12396.866368
11848   755686   10482   12396.884688
12719   755686   10482   12396.910871
12078   755686   10482   12396.839218
11917   755686   10482   12396.849803
12117   755686   10482   12396.863787
11669   755686   10482   12396.867554
11866   755686   10482   12396.828351
13005   755686   10482   12396.862835
12132   755686   10482   12396.881670
12735   755686   10482   12396.897592
11866   755686   10482   12396.796974
11923   755686   10482   12396.800097
12433   755686   10482   12396.797937
12052   755686   10482   12396.803530
12665   755686   10482   12396.787981
12138   755686   10482   12396.801439
11997   755686   10482   12396.816889
11856   755686   10482   12396.841298
13309   755686   10482   12396.759172
12179   755686   10482   12396.769619
12130   755686   10482   12396.800530
12899   755686   10482   12396.821052
11789   755686   10482   12396.764524
11956   755686   10482   12396.762898
12642   755686   10482   12396.767628
12540   755686   10482   12396.772889
12000   755686   10482   12396.703996
11759   755686   10482   12396.714370
13320   755686   10482   12396.725535
11775   755686   10482   12396.738220
12332   755686   10482   12396.700559
12831   755686   10482   12396.711893
12305   755686   10482   12396.750680
11670   755686   10482   12396.772877
11957   755686   10482   12396.698917
12871   755686   10482   12396.695028
12573   755686   10482   12396.672023
11778   755686   10482   12396.663267
12036   755686   10482   12396.649798
16584   755686   10482   12396.672608
12042   755686   10482   12396.701839
12702   755686   10482   12396.729996
11929   755686   10482   12396.726053
12718   755686   10482   12396.697267
12901   755686   10482   12396.701123
12744   755686   10482   12396.741298
12621   755686   10482   12396.747649
12511   755686   10482   12396.715622
11867   755686   10482   12396.726380
11686   755686   10482   12396.732827
11877   755686   10482   12396.712540
12487   755686   10482   12396.711293
12181   755686   10482   12396.734790
12693   755686   10482   12396.760963
12253   755686   10482   12396.757577
15906   755686   10482   12396.725477
12568   755686   10482   12396.728872
11934   755686   10482   12396.729721
11870   755686   10482   12396.690796
11907   755686   10482   12396.629854
12671   755686   10482   12396.636009
12081   755686   10482   12396.645764
12214   755686   10482   12396.658881
12574   755686   10482   12396.645461
12627   755686   10482   12396.666520
11879   755686   10482   12396.696277
11876   755686   10482   12396.716016
12700   755686   10482   12396.654780
12564   755686   10482   12396.663438
11955   755686   10482   12396.692066
11836   755686   10482   12396.722619
12250   755686   10482   12396.694167
12899   755686   10482   12396.711371
11943   755686   10482   12396.739504
12738   755686   10482   12396.752829
12634   755686   10482   12396.681699
11879   755686   10482   12396.723907
13008   755686   10482   12396.744406
11829   755686   10482   12396.769134
12033   755686   10482   12396.743022
11866   755686   10482   12396.760567
12476   755686   10482   12396.789320
11728   755686   10482   12396.829779
12657   755686   10482   12396.768448
12468   755686   10482   12396.773486
12227   755686   10482   12396.780441
12217   755686   10482   12396.805134
12741   755686   10482   12396.777566
12417   755686   10482   12396.820376
12627   755686   10482   12396.839441
12913   755686   10482   12396.843568
11854   755686   10482   12396.797214
12257   755686   10482   12396.770512
16564   755686   10482   12396.777408
11979   755686   10482   12396.823200
13086   755686   10482   12396.813359
11684   755686   10482   12396.827001
12088   755686   10482   12396.852134
12496   755686   10482   12396.873171
12707   755686   10482   12396.865894
12216   755686   10482   12396.855478
12152   755686   10482   12396.877860
12358   755686   10482   12396.888317
12567   755686   10482   12396.882051
12188   755686   10482   12396.851477
11724   755686   10482   12396.858917
11968   755686   10482   12396.868826
12944   755686   10482   12396.903253
12016   755686   10482   12396.865405
12179   755686   10482   12396.874668
12294   755686   10482   12396.883433
12452   755686   10482   12396.885685
12545   755686   10482   12396.845344
12558   755686   10482   12396.881572
12710   755686   10482   12396.894097
12796   755686   10482   12396.896565
12802   755686   10482   12396.820089
12761   755686   10482   12396.822602
12186   755686   10482   12396.761223
12112   755686   10482   12396.797236
13065   755686   10482   12396.775227
12411   755686   10482   12396.800750
11694   755686   10482   12396.826994
11987   755686   10482   12396.860805
12545   755686   10482   12396.807468
12291   755686   10482   12396.845052
12723   755686   10482   12396.874234
12605   755686   10482   12396.899706
11898   755686   10482   12396.883638
12777   755686   10482   12396.905521
11956   755686   10482   12396.930047
12676   755686   10482   12396.976200
12550   755686   10482   12396.921876
11754   755686   10482   12396.931493
13720   755686   10482   12396.942475
11971   755686   10482   12396.956822
11908   755686   10482   12396.929361
12297   755686   10482   12396.943922
12011   755686   10482   12396.995228
12570   755686   10482   12397.019271
12887   755686   10482   12396.976868
12218   755686   10482   12396.959290
12788   755686   10482   12396.970306
12206   755686   10482   12396.985865
12020   755686   10482   12397.018690
11771   755686   10482   12397.003051
12815   755686   10482   12397.027560
11724   755686   10482   12397.044974
12770   755686   10482   12397.014669
12429   755686   10482   12396.993809
13028   755686   10482   12397.026251
11638   755686   10482   12397.047403
12366   755686   10482   12397.050120
12201   755686   10482   12397.040017
12564   755686   10482   12397.064780
12277   755686   10482   12397.093119
11926   755686   10482   12397.105320
11824   755686   10482   12397.063245
11956   755686   10482   12397.070681
11950   755686   10482   12397.134489
12159   755686   10482   12397.280418
13014   755686   10482   12397.397583
12842   755686   10482   12397.574085
12013   755686   10482   12397.741509
12812   755686   10482   12397.891917
12906   755686   10482   12397.979262
12642   755686   10482   12398.117081
12456   755686   10482   12398.252759
12637   755686   10482   12398.387840
11800   755686   10482   12398.500195
13981   755686   10482   12398.632841
12036   755686   10482   12398.763414
12613   755686   10482   12398.891013
12059   755686   10482   12398.937465
12490   755686   10482   12399.058143
11900   755686   10482   12399.211022
12138   755686   10482   12399.350992
12170   755686   10482   12399.443455
12970   755686   10482   12399.584639
12628   755686   10482   12399.717330
12459   755686   10482   12399.841318
11746   755686   10482   12399.903271
12903   755686   10482   12400.033377
11871   755686   10482   12400.159238
12689   755686   10482   12400.288995
13309   755686   10482   12400.378821
12144   755686   10482   12400.494719
12017   755686   10482   12400.628430
13143   755686   10482   12400.753531
12802   755686   10482   12400.807105
12898   755686   10482   12400.897557
12255   755686   10482   12401.000357
12790   755686   10482   12401.095634
12094   755686   10482   12401.161590
12071   755686   10482   12401.261503
11589   755686   10482   12401.355312
12080   755686   10482   12401.444608
12335   755686   10482   12401.476152
12759   755686   10482   12401.557483
12320   755686   10482   12401.649547
12362   755686   10482   12401.771202
11944   755686   10482   12401.834373
13297   755686   10482   12401.926616
12689   755686   10482   12402.023456
15524   755686   10482   12402.117870
12825   755686   10482   12402.171930
12698   755686   10482   12402.243657
12238   755686   10482   12402.337014
12309   755686   10482   12402.436689
12442   755686   10482   12402.509935
12111   755686   10482   12402.563147
12342   755686   10482   12402.644522
12414   755686   10482   12402.746642
11672   755686   10482   12402.822280
12611   755686   10482   12402.838846
12448   755686   10482   12402.910489
12246   755686   10482   12402.977889
12191   755686   10482   12403.049483
12588   755686   10482   12403.108002
12089   755686   10482   12403.190701
12566   755686   10482   12403.273075
12029   755686   10482   12403.362279
12908   755686   10482   12403.357058
14688   755686   10482   12403.422232
11811   755686   10482   12403.498650
12350   755686   10482   12403.521536
12906   755686   10482   12403.546038
12709   755686   10482   12403.604392
12509   755686   10482   12403.672728
11640   755686   10482   12403.732387
12651   755686   10482   12403.731788
12480   755686   10482   12403.813965
12965   755686   10482   12403.887194
12162   755686   10482   12403.961575
12757   755686   10482   12403.980423
16332   755686   10482   12404.039854
11766   755686   10482   12404.092580
12578   755686   10482   12404.176504
11972   755686   10482   12404.176249
12244   755686   10482   12404.220582
11947   755686   10482   12404.281359
11926   755686   10482   12404.333997
11721   755686   10482   12404.338441
12596   755686   10482   12404.421991
12181   755686   10482   12404.490512
11915   755686   10482   12404.552842
12166   755686   10482   12404.547132
12391   755686   10482   12404.598593
12785   755686   10482   12404.654991
12213   755686   10482   12404.732998
12646   755686   10482   12404.753503
12783   755686   10482   12404.817912
12867   755686   10482   12404.876103
18687   755686   10482   12404.935098
12614   755686   10482   12404.948438
11718   755686   10482   12404.982541
12039   755686   10482   12405.044119
12755   755686   10482   12405.100746
11749   755686   10482   12405.112083
12022   755686   10482   12405.143151
11796   755686   10482   12405.182495
12018   755686   10482   12405.221775
12147   755686   10482   12405.251017
12686   755686   10482   12405.253494
12527   755686   10482   12405.291452
12427   755686   10482   12405.344380
12180   755686   10482   12405.367709
12784   755686   10482   12405.368319
13059   755686   10482   12405.436237
12666   755686   10482   12405.487434
12381   755686   10482   12405.510893
12728   755686   10482   12405.486397
12719   755686   10482   12405.510861
11983   755686   10482   12405.540811
11929   755686   10482   12405.597930
12239   755686   10482   12405.607468
12556   755686   10482   12405.656665
12898   755686   10482   12405.697401
12540   755686   10482   12405.743614
11776   755686   10482   12405.704498
12998   755686   10482   12405.762219
12601   755686   10482   12405.810639
12687   755686   10482   12405.860588
12732   755686   10482   12405.872576
12031   755686   10482   12405.913031
13021   755686   10482   12405.949761
11733   755686   10482   12405.995746
12955   755686   10482   12405.965429
12247   755686   10482   12405.996522
12477   755686   10482   12406.029348
13081   755686   10482   12406.059343
12484   755686   10482   12406.060759
12064   755686   10482   12406.099871
12168   755686   10482   12406.160537
12336   755686   10482   12406.196196
12854   755686   10482   12406.161490
12133   755686   10482   12406.185504
13866   755686   10482   12406.213736
11868   755686   10482   12406.245061
12755   755686   10482   12406.258136
12791   755686   10482   12406.294160
13073   755686   10482   12406.332496
12358   755686   10482   12406.372594
17695   755686   10482   12406.347104
12700   755686   10482   12406.373164
12432   755686   10482   12406.423994
12971   755686   10482   12406.461142
12809   755686   10482   12406.451713
12461   755686   10482   12406.478324
11981   755686   10482   12406.499233
11818   755686   10482   12406.525605
11761   755686   10482   12406.540564
12091   755686   10482   12406.552656
12112   755686   10482   12406.585801
12892   755686   10482   12406.627355
11984   755686   10482   12406.647388
12531   755686   10482   12406.672647
12257   755686   10482   12406.721916
12842   755686   10482   12406.762418
11998   755686   10482   12406.768257
12554   755686   10482   12406.747360
12169   755686   10482   12406.762585
11962   755686   10482   12406.787433
12889   755686   10482   12406.807440
12482   755686   10482   12406.823514
12789   755686   10482   12406.858386
12185   755686   10482   12406.898185
11650   755686   10482   12406.926561
12027   755686   10482   12406.903113
11904   755686   10482   12406.928184
11991   755686   10482   12406.963881
12635   755686   10482   12406.989377
11962   755686   10482   12406.976128
11885   755686   10482   12406.949048
13043   755686   10482   12406.976648
12268   755686   10482   12407.010522
11931   755686   10482   12406.996138
12514   755686   10482   12407.029389
11732   755686   10482   12407.058319
11913   755686   10482   12407.084422
12060   755686   10482   12407.069618
12905   755686   10482   12407.094406
12075   755686   10482   12407.135825
12779   755686   10482   12407.170447
12029   755686   10482   12407.119344
11741   755686   10482   12407.094571
12265   755686   10482   12407.115114
12726   755686   10482   12407.139437
12945   755686   10482   12407.137117
12240   755686   10482   12407.166115
11837   755686   10482   12407.191793
12214   755686   10482   12407.213514
12671   755686   10482   12407.170570
12713   755686   10482   12407.200911
12473   755686   10482   12407.222632
12264   755686   10482   12407.267543
11654   755686   10482   12407.256572
11782   755686   10482   12407.259252
12207   755686   10482   12407.261537
12893   755686   10482   12407.292445
12613   755686   10482   12407.258866
12064   755686   10482   12407.299311
11736   755686   10482   12407.334913
11977   755686   10482   12407.371957
12403   755686   10482   12407.378831
13276   755686   10482   12407.407881
12748   755686   10482   12407.437738
12183   755686   10482   12407.487903
12038   755686   10482   12407.481878
12210   755686   10482   12407.477911
11944   755686   10482   12407.500676
12606   755686   10482   12407.516855
12155   755686   10482   12407.512268
13023   755686   10482   12407.525242
13097   755686   10482   12407.553058
13093   755686   10482   12407.575998
11965   755686   10482   12407.568297
12395   755686   10482   12407.544126
12248   755686   10482   12407.557736
12226   755686   10482   12407.587533
11957   755686   10482   12407.618344
12728   755686   10482   12407.614569
11935   755686   10482   12407.642735
13089   755686   10482   12407.671589
11854   755686   10482   12407.691809
12318   755686   10482   12407.655426
12869   755686   10482   12407.694134
12171   755686   10482   12407.718252
11826   755686   10482   12407.738026
11723   755686   10482   12407.720302
13044   755686   10482   12407.731098
13049   755686   10482   12407.746829
11938   755686   10482   12407.777324
12524   755686   10482   12407.728122
11779   755686   10482   12407.740050
12650   755686   10482   12407.753663
12790   755686   10482   12407.762673
12880   755686   10482   12407.749288
12624   755686   10482   12407.787471
12606   755686   10482   12407.814124
15963   755686   10482   12407.843620
11927   755686   10482   12407.794872
12550   755686   10482   12407.807786
12618   755686   10482   12407.825794
12066   755686   10482   12407.873611
12532   755686   10482   12407.861032
11885   755686   10482   12407.881695
12435   755686   10482   12407.900987
12542   755686   10482   12407.920592
11709   755686   10482   12407.896976
13025   755686   10482   12407.885712
13050   755686   10482   12407.931202
11815   755686   10482   12407.957923
11857   755686   10482   12407.945717
12819   755686   10482   12407.967677
12943   755686   10482   12407.998035
11997   755686   10482   12408.036994
12015   755686   10482   12408.043127
12476   755686   10482   12408.069456
12575   755686   10482   12408.110630
12095   755686   10482   12408.156741
12683   755686   10482   12408.164620
12351   755686   10482   12408.198645
12999   755686   10482   12408.254487
13141   755686   10482   12408.301417
12301   755686   10482   12408.317808
11751   755686   10482   12408.320503
12114   755686   10482   12408.355999
12038   755686   10482   12408.394048
11722   755686   10482   12408.445097
12232   755686   10482   12408.467336
12479   755686   10482   12408.518254
11898   755686   10482   12408.576102
12545   755686   10482   12408.609741
11926   755686   10482   12408.611727
12325   755686   10482   12408.663793
12819   755686   10482   12408.711259
12590   755686   10482   12408.748503
11853   755686   10482   12408.758205
12214   755686   10482   12408.789617
12414   755686   10482   12408.813781
11938   755686   10482   12408.786070
12013   755686   10482   12408.800026
11910   755686   10482   12408.800080
12582   755686   10482   12408.839663
12970   755686   10482   12408.876543
12901   755686   10482   12408.873985
12360   755686   10482   12408.901197
12821   755686   10482   12408.951029
12646   755686   10482   12408.987283
12357   755686   10482   12408.959139
11913   755686   10482   12408.985864
12512   755686   10482   12409.013757
11942   755686   10482   12409.045698
11807   755686   10482   12409.051372
11799   755686   10482   12409.081562
12800   755686   10482   12409.109411
12443   755686   10482   12409.137671
12082   755686   10482   12409.110062
11777   755686   10482   12409.139291
11952   755686   10482   12409.184466
13030   755686   10482   12409.228669
12101   755686   10482   12409.224034
12283   755686   10482   12409.248452
12625   755686   10482   12409.275157
15331   755686   10482   12409.302305
11819   755686   10482   12409.297469
11704   755686   10482   12409.328618
12850   755686   10482   12409.364382
12738   755686   10482   12409.410281
11951   755686   10482   12409.415209
11887   755686   10482   12409.453274
12665   755686   10482   12409.491477
12204   755686   10482   12409.549391
12265   755686   10482   12409.555156
12342   755686   10482   12409.559489
12227   755686   10482   12409.578754
12778   755686   10482   12409.605207
12793   755686   10482   12409.618082
12495   755686   10482   12409.658651
12743   755686   10482   12409.702039
12815   755686   10482   12409.747205
11926   755686   10482   12409.752584
12603   755686   10482   12409.746604
12827   755686   10482   12409.772365
12617   755686   10482   12409.822748
11860   755686   10482   12409.850382
12593   755686   10482   12409.849817
12470   755686   10482   12409.868420
12807   755686   10482   12409.890735
12796   755686   10482   12409.901206
12972   755686   10482   12409.895270
12023   755686   10482   12409.934346
12042   755686   10482   12409.972765
11788   755686   10482   12410.011484
12830   755686   10482   12410.016508
12691   755686   10482   12410.047755
12445   755686   10482   12410.105294
11932   755686   10482   12410.146134
12875   755686   10482   12410.114330
12759   755686   10482   12410.152250
12445   755686   10482   12410.178559
13126   755686   10482   12410.206474
11966   755686   10482   12410.205229
11934   755686   10482   12410.253197
12224   755686   10482   12410.286913
11962   755686   10482   12410.320655
11984   755686   10482   12410.294596
12141   755686   10482   12410.325641
12872   755686   10482   12410.356946
11709   755686   10482   12410.403164
12947   755686   10482   12410.393576
12314   755686   10482   12410.420122
12795   755686   10482   12410.443207
11973   755686   10482   12410.472875
13032   755686   10482   12410.441071
11984   755686   10482   12410.482155
13658   755686   10482   12410.510923
11955   755686   10482   12410.543477
12275   755686   10482   12410.542195
12131   755686   10482   12410.572704
12057   755686   10482   12410.603497
11710   755686   10482   12410.646524
11779   755686   10482   12410.630259
12315   755686   10482   12410.642873
11972   755686   10482   12410.660033
11970   755686   10482   12410.677044
12343   755686   10482   12410.659854
13006   755686   10482   12410.694181
12235   755686   10482   12410.723201
12963   755686   10482   12410.753830
11933   755686   10482   12410.753824
12284   755686   10482   12410.746681
12384   755686   10482   12410.773480
12024   755686   10482   12410.794088
12495   755686   10482   12410.827118
12660   755686   10482   12410.836949
11998   755686   10482   12410.862606
12041   755686   10482   12410.889622
12714   755686   10482   12410.913405
12107   755686   10482   12410.891511
12972   755686   10482   12410.942007
12134   755686   10482   12410.969723
11790   755686   10482   12410.981512
12792   755686   10482   12410.977600
12671   755686   10482   12411.004358
11754   755686   10482   12411.026207
12240   755686   10482   12411.062456
17447   755686   10482   12411.034200
11938   755686   10482   12411.010122
12712   755686   10482   12411.029026
12445   755686   10482   12411.045727
12742   755686   10482   12411.027521
12408   755686   10482   12411.060096
12311   755686   10482   12411.085607
11681   755686   10482   12411.107477
12311   755686   10482   12411.075012
12184   755686   10482   12411.093865
12563   755686   10482   12411.118600
12505   755686   10482   12411.162065
12099   755686   10482   12411.153783
11905   755686   10482   12411.181640
12553   755686   10482   12411.210829
12601   755686   10482   12411.238916
12293   755686   10482   12411.203303
12509   755686   10482   12411.219882
11897   755686   10482   12411.263632
12423   755686   10482   12411.288066
11895   755686   10482   12411.279718
12795   755686   10482   12411.306413
12535   755686   10482   12411.337251
11887   755686   10482   12411.361455
14094   755686   10482   12411.342509
11644   755686   10482   12411.368123
12626   755686   10482   12411.380744
12264   755686   10482   12411.400164
12781   755686   10482   12411.382784
12584   755686   10482   12411.394133
11882   755686   10482   12411.419837
12880   755686   10482   12411.435024
12821   755686   10482   12411.408945
12483   755686   10482   12411.416395
12794   755686   10482   12411.440311
11826   755686   10482   12411.458880
12882   755686   10482   12411.467367
12905   755686   10482   12411.494724
12931   755686   10482   12411.515557
12838   755686   10482   12411.533225
12028   755686   10482   12411.537558
12960   755686   10482   12411.511252
12264   755686   10482   12411.535939
12513   755686   10482   12411.565623
11728   755686   10482   12411.581375
12261   755686   10482   12411.589132
12373   755686   10482   12411.610369
12769   755686   10482   12411.624838
11875   755686   10482   12411.621357
12682   755686   10482   12411.624237
12548   755686   10482   12411.647322
12711   755686   10482   12411.671682
13062   755686   10482   12411.695412
12702   755686   10482   12411.688728
12517   755686   10482   12411.712807
12354   755686   10482   12411.755701
12384   755686   10482   12411.778543
12970   755686   10482   12411.739136
11859   755686   10482   12411.750320
12110   755686   10482   12411.769301
11873   755686   10482   12411.790488
12865   755686   10482   12411.795231
12723   755686   10482   12411.815955
13034   755686   10482   12411.841330
11930   755686   10482   12411.871982
12301   755686   10482   12411.848680
12693   755686   10482   12411.871008
12230   755686   10482   12411.907990
12619   755686   10482   12411.934779
12374   755686   10482   12411.926810
12885   755686   10482   12411.950608
12052   755686   10482   12411.968982
11782   755686   10482   12411.996975
12520   755686   10482   12411.979168
12446   755686   10482   12412.004535
12114   755686   10482   12412.021348
11839   755686   10482   12412.037486
12723   755686   10482   12412.020131
12076   755686   10482   12412.036288
12250   755686   10482   12412.046007
12094   755686   10482   12412.080540
11780   755686   10482   12412.042134
12289   755686   10482   12412.057214
12456   755686   10482   12412.069024
11836   755686   10482   12412.086443
12387   755686   10482   12412.068636
12191   755686   10482   12412.098865
12103   755686   10482   12412.117231
11753   755686   10482   12412.134581
12783   755686   10482   12412.128216
12216   755686   10482   12412.112611
12245   755686   10482   12412.131974
12634   755686   10482   12412.164739
12069   755686   10482   12412.170771
13011   755686   10482   12412.181825
12583   755686   10482   12412.195746
12954   755686   10482   12412.212977
11933   755686   10482   12412.215700
11880   755686   10482   12412.210195
12493   755686   10482   12412.233232
12247   755686   10482   12412.257879
12463   755686   10482   12412.273717
11728   755686   10482   12412.267500
12813   755686   10482   12412.283022
12726   755686   10482   12412.309802
11778   755686   10482   12412.322196
12216   755686   10482   12412.297117
12304   755686   10482   12412.317155
11810   755686   10482   12412.327155
11760   755686   10482   12412.278117
11779   755686   10482   12412.246844
12639   755686   10482   12412.282081
12186   755686   10482   12412.302165
12077   755686   10482   12412.329776
12853   755686   10482   12412.288706
12488   755686   10482   12412.301130
11524   755686   10482   12412.315155
12324   755686   10482   12412.344981
12267   755686   10482   12412.335082
12264   755686   10482   12412.348653
12174   755686   10482   12412.362548
11853   755686   10482   12412.383344
11986   755686   10482   12412.350080
12471   755686   10482   12412.383208
12863   755686   10482   12412.414029
12277   755686   10482   12412.442878
12705   755686   10482   12412.436266
11594   755686   10482   12412.448656
12387   755686   10482   12412.461632
12522   755686   10482   12412.468563
12851   755686   10482   12412.437347
12523   755686   10482   12412.437027
11881   755686   10482   12412.444422
12357   755686   10482   12412.451528
12241   755686   10482   12412.431660
12716   755686   10482   12412.457827
11925   755686   10482   12412.483233
12852   755686   10482   12412.512447
12605   755686   10482   12412.489587
11943   755686   10482   12412.493039
11683   755686   10482   12412.498689
12735   755686   10482   12412.499996
12359   755686   10482   12412.499574
12894   755686   10482   12412.504016
12720   755686   10482   12412.512921
12608   755686   10482   12412.530424
11829   755686   10482   12412.522086
11772   755686   10482   12412.521198
12834   755686   10482   12412.553506
12249   755686   10482   12412.571976
12070   755686   10482   12412.569302
12068   755686   10482   12412.566353
12558   755686   10482   12412.573456
12510   755686   10482   12412.582296
11768   755686   10482   12412.591278
12347   755686   10482   12412.574459
12574   755686   10482   12412.591918
12016   755686   10482   12412.606661
11883   755686   10482   12412.617776
11822   755686   10482   12412.607298
12660   755686   10482   12412.636650
12177   755686   10482   12412.657822
11828   755686   10482   12412.661418
11829   755686   10482   12412.629196
12912   755686   10482   12412.638032
13006   755686   10482   12412.648080
13070   755686   10482   12412.667071
12170   755686   10482   12412.655485
12708   755686   10482   12412.671742
13447   755686   10482   12412.691439
11880   755686   10482   12412.706257
12427   755686   10482   12412.671297
12617   755686   10482   12412.685538
12305   755686   10482   12412.717652
12429   755686   10482   12412.739247
12270   755686   10482   12412.716469
12142   755686   10482   12412.725939
12010   755686   10482   12412.734861
12608   755686   10482   12412.741600
12327   755686   10482   12412.721622
11962   755686   10482   12412.738776
12148   755686   10482   12412.756955
13488   755686   10482   12412.775711
13138   755686   10482   12412.756994
12204   755686   10482   12412.764192
12356   755686   10482   12412.794355
12369   755686   10482   12412.813943
11897   755686   10482   12412.778269
12332   755686   10482   12412.787043
12849   755686   10482   12412.797147
12729   755686   10482   12412.803184
12199   755686   10482   12412.798242
12150   755686   10482   12412.817044
11898   755686   10482   12412.843323
11767   755686   10482   12412.861243
12121   755686   10482   12412.836648
12335   755686   10482   12412.833717
12278   755686   10482   12412.856773
12635   755686   10482   12412.872046
11896   755686   10482   12412.861228
12220   755686   10482   12412.866265
12794   755686   10482   12412.876765
12214   755686   10482   12412.887400
12546   755686   10482   12412.881782
12601   755686   10482   12412.893848
11866   755686   10482   12412.916687
12043   755686   10482   12412.936209
12669   755686   10482   12412.946577
12626   755686   10482   12412.942445
12432   755686   10482   12412.955741
12291   755686   10482   12412.983088
11821   755686   10482   12412.982797
12881   755686   10482   12412.947273
12546   755686   10482   12412.952979
12426   755686   10482   12412.959469
12086   755686   10482   12412.974754
11925   755686   10482   12412.957598
12255   755686   10482   12412.975560
12095   755686   10482   12412.992029
11792   755686   10482   12413.013816
12475   755686   10482   12412.985594
12693   755686   10482   12413.006016
11931   755686   10482   12413.034351
12145   755686   10482   12413.060289
13001   755686   10482   12413.053718
12099   755686   10482   12413.068932
12837   755686   10482   12413.088261
12658   755686   10482   12413.104035
11888   755686   10482   12413.081875
12002   755686   10482   12413.099890
13040   755686   10482   12413.113119
12648   755686   10482   12413.129492
12989   755686   10482   12413.120051
12501   755686   10482   12413.138059
11691   755686   10482   12413.156304
12994   755686   10482   12413.187943
12789   755686   10482   12413.156977
12875   755686   10482   12413.171612
12209   755686   10482   12413.182176
12904   755686   10482   12413.192811
11996   755686   10482   12413.178722
12102   755686   10482   12413.209732
12876   755686   10482   12413.228057
12049   755686   10482   12413.236266
11895   755686   10482   12413.192278
11997   755686   10482   12413.196232
12084   755686   10482   12413.206297
12195   755686   10482   12413.236225
12293   755686   10482   12413.224056
12462   755686   10482   12413.241607
13159   755686   10482   12413.269144
12178   755686   10482   12413.295416
12638   755686   10482   12413.286521
11996   755686   10482   12413.284876
13170   755686   10482   12413.301426
12043   755686   10482   12413.309041
11953   755686   10482   12413.295669
11819   755686   10482   12413.287798
12218   755686   10482   12413.292239
12168   755686   10482   12413.313289
11861   755686   10482   12413.312049
12917   755686   10482   12413.289886
12733   755686   10482   12413.299550
11609   755686   10482   12413.314639
11922   755686   10482   12413.321242
11788   755686   10482   12413.310418
13020   755686   10482   12413.336812
12691   755686   10482   12413.356117
12337   755686   10482   12413.367388
12692   755686   10482   12413.339124
11763   755686   10482   12413.350410
12622   755686   10482   12413.360363
11660   755686   10482   12413.384914
12260   755686   10482   12413.375843
12503   755686   10482   12413.392296
12689   755686   10482   12413.404697
11739   755686   10482   12413.415415
11861   755686   10482   12413.379022
11928   755686   10482   12413.398602
12889   755686   10482   12413.415275
12499   755686   10482   12413.431079
13028   755686   10482   12413.421269
12303   755686   10482   12413.436726
12234   755686   10482   12413.457910
12702   755686   10482   12413.489419
12409   755686   10482   12413.452904
12786   755686   10482   12413.461349
12236   755686   10482   12413.475392
12021   755686   10482   12413.490263
11731   755686   10482   12413.473398
12772   755686   10482   12413.483271
12217   755686   10482   12413.514263
13102   755686   10482   12413.530580
11755   755686   10482   12413.499622
11896   755686   10482   12413.514194
12819   755686   10482   12413.528573
12148   755686   10482   12413.546418
11794   755686   10482   12413.557797
11871   755686   10482   12413.570760
12755   755686   10482   12413.587598
12743   755686   10482   12413.609794
12627   755686   10482   12413.578344
11747   755686   10482   12413.581392
11928   755686   10482   12413.607483
11971   755686   10482   12413.623317
12487   755686   10482   12413.612284
12349   755686   10482   12413.631052
12926   755686   10482   12413.648210
17553   755686   10482   12413.663062
11910   755686   10482   12413.664085
12232   755686   10482   12413.653263
12335   755686   10482   12413.660693
12494   755686   10482   12413.665657
12040   755686   10482   12413.653573
13081   755686   10482   12413.649844
12440   755686   10482   12413.670669
12217   755686   10482   12413.692617
12029   755686   10482   12413.689673
12872   755686   10482   12413.669688
12598   755686   10482   12413.677490
11964   755686   10482   12413.688271
11774   755686   10482   12413.692136
12700   755686   10482   12413.700925
12488   755686   10482   12413.716515
12060   755686   10482   12413.701315
11814   755686   10482   12413.712920
12866   755686   10482   12413.687420
12625   755686   10482   12413.696733
12182   755686   10482   12413.733221
12810   755686   10482   12413.752952
11701   755686   10482   12413.742196
12540   755686   10482   12413.759571
12267   755686   10482   12413.779261
12323   755686   10482   12413.795956
12996   755686   10482   12413.783847
11957   755686   10482   12413.798897
11884   755686   10482   12413.818795
11924   755686   10482   12413.844416
13135   755686   10482   12413.840573
12684   755686   10482   12413.855668
12684   755686   10482   12413.883434
12595   755686   10482   12413.901182
11674   755686   10482   12413.865414
13135   755686   10482   12413.873934
12362   755686   10482   12413.880093
12112   755686   10482   12413.886575
12807   755686   10482   12413.875888
12359   755686   10482   12413.892493
16264   755686   10482   12413.916257
11887   755686   10482   12413.932052
12271   755686   10482   12413.899157
12174   755686   10482   12413.911968
11895   755686   10482   12413.924572
11867   755686   10482   12413.951639
11778   755686   10482   12413.937513
11976   755686   10482   12413.942816
12186   755686   10482   12413.951989
12240   755686   10482   12413.962766
11941   755686   10482   12413.932348
11947   755686   10482   12413.951125
12662   755686   10482   12413.963331
11614   755686   10482   12413.981505
12811   755686   10482   12413.988345
11814   755686   10482   12413.981349
12307   755686   10482   12413.990301
11878   755686   10482   12414.011641
12039   755686   10482   12414.007190
12263   755686   10482   12413.996201
12165   755686   10482   12414.001424
12863   755686   10482   12414.008896
12506   755686   10482   12414.008839
12011   755686   10482   12414.015957
13067   755686   10482   12414.032216
12640   755686   10482   12414.052873
12169   755686   10482   12414.071461
12579   755686   10482   12414.046590
12298   755686   10482   12414.052496
11890   755686   10482   12414.071873
13130   755686   10482   12414.086379
13021   755686   10482   12414.070281
13041   755686   10482   12414.062988
12677   755686   10482   12414.058703
12124   755686   10482   12414.047954
12104   755686   10482   12414.003279
12582   755686   10482   12414.009903
12789   755686   10482   12414.013208
11719   755686   10482   12414.011383
12214   755686   10482   12413.978088
12609   755686   10482   12413.969991
11883   755686   10482   12413.957590
12648   755686   10482   12413.969020
11969   755686   10482   12413.929165
12482   755686   10482   12413.932528
12728   755686   10482   12413.936327
12776   755686   10482   12413.938665
