1,76
1,77
1,76
2,02
1,76
2,01
1,51
1,76
1,5
2,02
2,02
2,03
2,02
1,51
2,02
2,03
1,77
2,02
1,52
1,76
1,74
1,77
1,52
1,52
1,76
1,77
2,03
2,03
2,27
1,77
2,02
1,26
1,76
1,52
1,52
1,52
1,52
2,02
1,77
1,76
1,51
1,26
1,26
1,26
1,77
2,78
3,05
3,05
3,04
3,05
3,05
2,79
3,04
3,05
3,05
3,29
2,02
1,52
1,26
1,26
1,01
1,25
1,01
1,25
1,01
1,01
1,01
1,01
1,01
1,01
1,26
1,51
1,76
2,02
2,03
2,03
2,03
2,27
2,03
2,03
2,02
2,02
2,27
2,03
2,02
2,03
2,03
2,03
2,03
2,02
2,03
2,03
2,02
2,02
2,03
2,27
2,03
2,03
2,03
2,02
2,51
2,27
2,27
2,27
2,03
2,27
2,03
2,03
2,27
2,03
2,03
2,03
2,03
2,27
2,03
2,03
2,03
2,03
2,02
2,27
2,27
2,27
2,03
2,27
2,03
2,03
2,03
2,27
2,02
2,03
2,03
2,03
2,03
2,03
2,03
2,03
2,27
2,03
2,03
2,03
2,03
2,27
2,02
2,03
2,02
2,03
2,27
2,03
2,03
2,03
2,27
2,27
2,03
2,03
2,02
2,03
2,02
2,03
2,03
2,02
2,03
2,03
2,27
2,27
2,27
2,27
2,02
2,03
2,02
2,03
2,03
2,03
2,03
2,03
2,03
2,27
2,27
2,02
2,03
2,03
2,03
2,03
2,03
2,03
2,02
2,03
2,03
2,03
2,02
2,03
2,03
2,27
2,27
2,27
2,27
2,03
2,27
2,03
2,02
2,03
2,03
2,03
2,03
2,02
2,27
2,02
2,03
2,03
2,03
2,03
2,03
2,03
