Act   Max   Min   Avg
0   0   0   -nan
11951   38548   10637   16707.679321
12706   38548   10637   16560.909045
19690   201000   10637   17429.483433
27125   201000   10637   17786.918139
14401   201000   10637   18017.925896
14574   201000   10637   17881.020398
12484   201000   10637   17848.837123
18975   201000   10637   17952.578895
24150   201000   10637   18130.251494
19899   201000   10637   18324.828907
19382   201000   10637   18344.255134
21344   201000   10637   18361.823920
35083   201000   10637   18620.848086
34266   201000   10637   18807.147155
38225   201000   10637   18981.024568
28524   201000   10637   19158.069472
28001   203875   10637   19341.336126
19238   203875   10637   19572.688728
16398   374749   10637   19835.740028
17725   374749   10637   20138.562071
26084   374749   10637   20463.015363
15060   626913   10637   20772.591662
27608   626913   10637   21158.987876
17336   626913   10637   21252.731427
22866   626913   10637   21319.740099
15325   626913   10637   21349.780749
22420   626913   10637   21367.319901
32211   626913   10637   21390.265459
24032   626913   10637   21493.024050
20482   626913   10637   21532.561944
21519   626913   10637   21527.538237
25819   626913   10637   21555.312124
18106   626913   10637   21589.888590
19603   626913   10637   21584.090579
28837   626913   10637   21541.043686
20710   626913   10637   21511.433191
17013   626913   10637   21464.636322
18500   626913   10637   21362.493809
23290   626913   10637   21343.747565
26294   626913   10637   21299.628979
14307   626913   10637   21231.942508
17835   626913   10637   21207.088511
23849   626913   10637   21200.020314
23189   626913   10637   21205.420102
29300   626913   10637   21193.137944
26871   626913   10637   21144.314906
21470   626913   10637   21133.184222
13079   626913   10637   21130.290424
19881   626913   10637   21100.799129
27431   626913   10637   21094.868423
27045   626913   10637   21169.368293
20212   626913   10637   21270.709675
26000   626913   10637   21267.301831
13914   1091905   10546   21294.486991
17295   1091905   10546   21240.219563
13403   1091905   10546   21194.882059
21424   1091905   10546   21134.305229
14037   1091905   10546   21048.239421
13836   1091905   10546   20957.315212
14923   1091905   10546   20873.153448
16295   1091905   10546   20796.854865
21350   1091905   10546   20799.293853
21945   1091905   10546   20785.461329
22147   1091905   10546   20748.527610
14524   1091905   10465   20721.555854
13181   1091905   10465   20696.999093
19865   1091905   10465   20661.489188
17138   1091905   10465   20628.178309
13252   1091905   10465   20594.895716
18090   1091905   10465   20558.158702
11969   1091905   10323   20534.611166
14504   1091905   10228   20519.392144
20783   1091905   10228   20500.364328
45895   1091905   10228   20480.530162
19380   1091905   10228   20463.362865
18392   1091905   10228   20460.661031
15903   1091905   10228   20445.895259
17787   1091905   10228   20400.892034
32653   1091905   10228   20358.528931
13121   1091905   10228   20320.932026
27983   1091905   10228   20396.313395
25780   1091905   10228   20545.434203
35090   1091905   10228   20679.294494
25247   1091905   10228   20802.179992
34501   1091905   10228   20924.639722
30241   1091905   10228   21032.582064
24540   1091905   10228   21164.781457
24183   1091905   10228   21237.913496
18460   1091905   10228   21302.525885
26867   1091905   10228   21329.844232
21873   1091905   10228   21353.111837
25505   1091905   10228   21381.304080
17234   1091905   10228   21393.907402
15078   1091905   10228   21425.839785
16005   1091905   10228   21463.986291
30165   1091905   10228   21506.000965
15955   1091905   10228   21541.942490
14377   1091905   10228   21566.880995
33717   1091905   10228   21577.164616
19063   1091905   10228   21578.972903
35274   1091905   10228   21590.825355
20010   1091905   10228   21624.415436
30438   1091905   10228   21633.185974
36833   1091905   10228   21645.474869
13906   1091905   10228   21665.732022
14013   1091905   10228   21686.666068
15194   1091905   10228   21709.822842
25481   1091905   10228   21728.176538
30019   1091905   10228   21744.065107
15450   1091905   10228   21761.133728
28322   1091905   10228   21776.874009
15451   1091905   10228   21795.632879
33985   1091905   10228   21816.063831
14406   1091905   10228   21837.612046
33749   1091905   10228   21846.475196
13188   1091905   10228   21860.106246
13481   1091905   10228   21872.192418
17765   1091905   10228   21917.158594
19224   1091905   10228   21978.264383
18338   1091905   10228   22015.545273
18080   1091905   10228   22017.739250
12986   1091905   10228   21987.424341
13090   1091905   10228   21952.718709
13610   1091905   10228   21918.252894
13352   1091905   10228   21885.583159
23522   1091905   10228   21866.986099
32647   1091905   10228   21876.241872
33304   1091905   10228   21867.342947
19613   1091905   10228   21893.555455
18429   1091905   10228   21930.688985
13787   1091905   10228   21956.456576
14067   1091905   10228   21951.011488
14556   1091905   10228   21951.853668
14713   1091905   10228   21955.300851
19281   1091905   10228   21973.340719
17508   1091905   10228   21999.260581
33629   1091905   10228   22040.014643
16982   1091905   10228   22074.494827
31865   1091905   10228   22102.991407
27387   1091905   10228   22112.294543
22114   1091905   10228   22117.594566
25348   1091905   10228   22132.817220
75871   1091905   10228   22141.161429
22429   1091905   10228   22144.657150
35687   1091905   10228   22141.766083
17576   1091905   10228   22148.964192
13039   1091905   10228   22147.513475
21916   1091905   10228   22182.246848
16678   1091905   10228   22188.197284
18503   1091905   10228   22183.427659
23670   1091905   10228   22186.090884
17506   1091905   10228   22177.348222
24975   1091905   10228   22168.187075
25270   1091905   10228   22160.088092
14255   1091905   10228   22151.189404
25250   1091905   10228   22142.151429
21984   1091905   10228   22132.543247
20406   1091905   10228   22123.687554
16824   1091905   10228   22117.148042
26125   1091905   10228   22113.342271
21481   1091905   10228   22134.493369
25101   1091905   10228   22123.313072
21320   1091905   10228   22106.974070
18631   1091905   10228   22093.443725
32822   1091905   10228   22079.976899
21941   1091905   10228   22066.804639
24638   1091905   10228   22051.952140
15648   1091905   10228   22037.754536
34506   1091905   10228   22025.698981
20254   1091905   10228   22013.148243
15970   1091905   10228   21998.166958
16643   1091905   10228   21984.882714
13367   1091905   10228   21972.018403
13612   1091905   10228   21958.836377
12900   1091905   10228   21945.994374
21173   1091905   10228   21933.757648
16892   1091905   10228   21921.919753
18239   1091905   10228   21911.325972
21536   1091905   10228   21900.099220
13075   1091905   10228   21888.807232
16941   1091905   10228   21877.070274
28995   1091905   10228   21867.473904
13856   1091905   10228   21859.234445
25929   1091905   10228   21848.045917
19158   1091905   10228   21839.295200
24331   1091905   10228   21830.906647
24868   1091905   10228   21821.915276
17835   1091905   10228   21817.767819
21767   1091905   10228   21814.172461
37619   1091905   10228   21814.602314
23291   1091905   10228   21829.161226
18480   1091905   10228   21828.918800
23348   1091905   10228   21833.772002
15173   1091905   10228   21828.435263
15939   1091905   10228   21821.352887
27301   1091905   10228   21823.330090
25933   1091905   10228   21829.808622
19813   1091905   10228   21819.135334
13285   1091905   10228   21789.449450
13873   1091905   10228   21763.639976
29211   1091905   10228   21751.851824
22403   1091905   10228   21733.208171
21087   1091905   10228   21725.192922
31170   1091905   10228   21715.692184
15201   1091905   10228   21694.151994
15575   1091905   10228   21674.856603
13656   1091905   10228   21655.360727
14746   1091905   10228   21692.024531
16669   1091905   10228   21696.775338
15902   1091905   10228   21664.341301
13982   1091905   10228   21631.270983
23045   1091905   10228   21605.416728
12724   1091905   10228   21582.176675
12198   1091905   10228   21555.365409
13244   1091905   10228   21533.012588
19459   1091905   10228   21517.775520
14290   1091905   10228   21498.806977
21433   1091905   10228   21494.863604
20118   1091905   10228   21486.237721
11528   1091905   10228   21471.844697
21404   1091905   10228   21462.110829
15848   1091905   10228   21450.830408
17861   1091905   10228   21437.762323
15114   1091905   10228   21432.420066
14719   1091905   10228   21449.586852
13651   1091905   10228   21453.572651
19100   1091905   10211   21448.336842
24014   1206324   10208   21482.912337
19245   1206324   10208   21512.618372
30171   1206324   10208   21542.337975
26095   1206324   10208   21552.789513
25209   1206324   10208   21559.867115
22493   1206324   10208   21566.685220
30041   1206324   10208   21573.662310
22168   1206324   10208   21583.337460
27467   1206324   10208   21593.936200
23590   1206324   10208   21603.655616
20596   1206324   10208   21609.619568
32410   1206324   10208   21611.668579
22895   1206324   10208   21622.417525
23747   1206324   10208   21642.519959
11927   1206324   10208   21666.712087
23586   1206324   10208   21682.211462
20767   1206324   10208   21685.831043
15560   1206324   10208   21683.572159
21685   1206324   10208   21690.496366
24665   1206324   10208   21690.691838
16810   1206324   10208   21686.714551
13760   1206324   10208   21693.661396
22017   1206324   10208   21707.808041
33632   1206324   10208   21737.573548
41164   1206324   10208   21760.218462
22966   1206324   10208   21777.830869
18047   1206324   10208   21783.877660
14253   1206324   10208   21774.079131
11852   1206324   10208   21754.380792
16767   1206324   10208   21735.065649
11900   1206324   10208   21715.204988
20101   1206324   10208   21699.888712
156397   1206324   10208   21701.320232
22768   1206324   10208   21701.391440
19644   1206324   10208   21706.202912
22381   1206324   10208   21703.543342
27104   1206324   10208   21698.692855
21821   1206324   10208   21697.093059
20443   1206324   10208   21691.450439
19907   1206324   10208   21680.432729
15727   1206324   10208   21664.099232
13965   1206324   10208   21658.684726
517686   1206324   10208   21667.391639
14809   1206324   10208   21688.947925
19105   1206324   10208   21693.458990
19096   1206324   10208   21683.244669
20637   1206324   10208   21672.877161
15220   1206324   10208   21659.825526
14226   1206324   10208   21643.784371
15141   1206324   10208   21625.780018
14037   1206324   10208   21605.265615
13795   1206324   10208   21593.030177
13327   1206324   10208   21580.951845
17871   1206324   10208   21559.218906
15510   1206324   10208   21540.698659
18212   1206324   10208   21521.482772
35887   1206324   10208   21532.637246
24681   1206324   10208   21526.600872
16727   1456717   10208   21522.628340
77701   1456717   10208   21513.958926
13739   1456717   10208   21502.093629
15160   1456717   10208   21493.353639
12625   1456717   10208   21486.177498
18293   1456717   10208   21482.944734
16145   1525981   10208   21489.799508
14975   1525981   10208   21489.726450
22589   1525981   10208   21483.436214
18378   1525981   10208   21471.207484
13669   1525981   10208   21461.375986
12844   1525981   10208   21460.985532
40548   1525981   10208   21463.787879
41926   1525981   10208   21464.194197
15467   1525981   10208   21481.359783
17908   1525981   10208   21478.653948
20507   1525981   10208   21471.526855
18536   1525981   10208   21457.772345
37726   1525981   10208   21443.728309
14093   1525981   10208   21439.791292
25412   1525981   10208   21442.182834
32232   1525981   10208   21442.331964
26780   1525981   10208   21433.669669
13338   1525981   10208   21430.594501
14246   1525981   10208   21429.660021
12661   1525981   10208   21420.651887
13023   1525981   10208   21404.505433
14921   1525981   10208   21402.718961
13475   1525981   10208   21398.028847
17049   1525981   10208   21390.223049
12620   1525981   10208   21384.057389
15828   1525981   10208   21376.648226
19381   1525981   10208   21367.826939
18468   1525981   10208   21356.682697
20862   1525981   10208   21346.252181
19146   1525981   10208   21337.030996
19520   1525981   10208   21332.334649
17827   1525981   10208   21334.778795
23606   1525981   10208   21330.269500
23188   1525981   10208   21328.595482
19962   1525981   10208   21323.432873
17533   1525981   10208   21317.230895
53954   1525981   10208   21315.140486
17719   1525981   10208   21319.124891
22324   1525981   10208   21313.439264
18983   1525981   10208   21307.186877
19333   1525981   10208   21303.102781
18187   1525981   10208   21297.274616
19142   1525981   10208   21290.350683
19932   1525981   10208   21283.945849
19215   1525981   10208   21277.915677
18887   1525981   10208   21271.368366
20560   1525981   10208   21265.262287
17676   1525981   10208   21258.924685
21177   1525981   10208   21253.634902
18796   1525981   10208   21246.499211
20561   1525981   10208   21235.783288
18823   1525981   10208   21224.451006
16773   1525981   10208   21214.009270
18148   1525981   10208   21204.231048
14491   1525981   10208   21204.516482
11862   1525981   10208   21199.532132
19077   1525981   10208   21186.463278
20679   1525981   10208   21173.069747
14533   1525981   10208   21159.054795
19880   1525981   10208   21144.212678
20307   1525981   10208   21127.649401
13752   1525981   10208   21129.286326
19510   1525981   10208   21131.561762
13724   1525981   10208   21117.124655
14183   1525981   10208   21101.977395
19869   1525981   10208   21095.553069
15538   1525981   10208   21079.838364
16927   1525981   10208   21063.722896
14023   1525981   10208   21046.051968
16318   1525981   10208   21027.949130
14147   1525981   10208   21011.390779
19606   1525981   10208   21003.579427
18243   1525981   10208   20989.063964
33316   1525981   10208   20981.811301
14424   1525981   10208   20972.411260
16754   1525981   10208   20958.641743
13836   1525981   10208   20942.216233
11966   1525981   10208   20927.984869
15056   1525981   10208   20914.864688
16521   1525981   10208   20899.776616
26583   1525981   10208   20902.387922
21510   1525981   10208   20907.557244
21263   1525981   10208   20915.165898
19843   1525981   10208   20915.501767
20118   1525981   10208   20914.112580
19353   1525981   10208   20910.364272
19767   1525981   10208   20907.083454
17369   1525981   10208   20901.973449
17003   1525981   10208   20897.183390
16608   1525981   10208   20892.172478
23893   1525981   10208   20888.148170
19942   1525981   10208   20882.410511
20101   1525981   10208   20873.902873
16782   1525981   10208   20864.510929
14343   1525981   10208   20869.812920
15882   1525981   10208   20874.714773
24186   1525981   10208   20875.073506
26862   1525981   10208   20874.909261
15532   1525981   10208   20880.206356
26007   1525981   10208   20882.178988
25652   1525981   10208   20890.243761
12626   1525981   10208   20894.238441
26195   1525981   10208   20912.787099
32876   1525981   10208   20924.360852
22011   1525981   10208   20960.232691
14310   1525981   10208   20972.207312
55976   1525981   10208   20993.477270
23953   1525981   10208   21006.363349
21003   1525981   10208   21033.159069
22900   1525981   10208   21043.394225
16448   1525981   10208   21057.479688
35734   1525981   10208   21093.660896
28287   1525981   10208   21114.985763
18543   1525981   10208   21129.804110
21299   1525981   10208   21140.927422
19684   1525981   10208   21155.070167
25021   1525981   10208   21170.607852
22420   1525981   10208   21190.246136
22085   1525981   10208   21194.945325
28081   1525981   10208   21217.940608
21193   1525981   10208   21245.254620
26102   1525981   10208   21268.038533
30105   1525981   10208   21272.404269
18280   1525981   10208   21296.440700
15884   1525981   10208   21317.292598
56551   1525981   10208   21343.773672
29835   1525981   10208   21349.139546
21922   1525981   10208   21370.642504
56858   1525981   10208   21395.268231
21540   1525981   10208   21423.373603
19240   1525981   10208   21429.783270
52379   1525981   10208   21449.467373
21286   1525981   10208   21467.315501
56185   1525981   10208   21493.427664
21127   1525981   10208   21510.587120
22878   1525981   10208   21520.222554
31767   1525981   10208   21546.767813
55637   1525981   10208   21573.015597
23236   1525981   10208   21591.283439
29113   1525981   10208   21592.731735
53647   1525981   10208   21621.474073
30877   1525981   10208   21635.774110
25388   1525981   10208   21665.936496
16590   1525981   10208   21666.233081
28676   1525981   10208   21690.166369
20658   1525981   10208   21718.243943
36500   1525981   10208   21751.850221
20701   1525981   10208   21762.155501
20190   1525981   10208   21777.975532
20160   1525981   10208   21807.901425
33334   1525981   10208   21828.350339
22944   1525981   10208   21853.712704
35570   1525981   10208   21859.593710
19791   1525981   10208   21894.034902
32345   1525981   10208   21909.986341
18996   1525981   10208   21935.468527
27028   1525981   10208   21935.719948
18510   1525981   10208   21959.004397
26641   1525981   10208   21977.615956
61353   1525981   10208   22006.164768
22266   1525981   10208   22018.329758
60666   1525981   10208   22029.298140
60248   1525981   10208   22056.941057
22678   1525981   10208   22082.799029
55504   1525981   10208   22097.498354
27745   1525981   10208   22107.096221
60773   1525981   10208   22133.928850
62425   1525981   10208   22153.770347
19879   1525981   10208   22174.296837
33648   1525981   10208   22181.328161
59490   1525981   10208   22205.800998
20915   1525981   10208   22231.513523
57354   1525981   10208   22251.719508
23272   1525981   10208   22258.416270
32859   1525981   10208   22278.005857
21905   1525981   10208   22299.093992
60394   1525981   10208   22324.932144
24088   1525981   10208   22336.455202
21536   1525981   10208   22353.107305
44512   1525981   10208   22375.848879
23544   1525981   10208   22401.621799
25347   1525981   10208   22412.855469
20399   1525981   10208   22429.352690
23937   1525981   10208   22448.273935
22420   1525981   10208   22475.875267
21314   1525981   10208   22488.124597
24417   1525981   10208   22501.209160
23351   1525981   10208   22527.081850
38547   1525981   10208   22557.444501
23722   1525981   10208   22574.120518
24472   1525981   10208   22588.561756
20435   1525981   10208   22605.314576
35192   1525981   10208   22624.060667
60997   1525981   10208   22636.147314
12900   1525981   10208   22659.972232
21876   1525981   10208   22669.775927
11727   1525981   10208   22680.271112
24570   1525981   10208   22683.202624
21047   1525981   10208   22677.964328
17358   1525981   10208   22678.991847
19870   1525981   10208   22678.357191
11974   1525981   10208   22678.921140
12548   1525981   10208   22664.453662
12273   1525981   10208   22654.812089
11750   1525981   10208   22653.482666
20969   1525981   10208   22643.697133
11481   1525981   10208   22627.513208
11892   1525981   10208   22616.790529
12717   1525981   10208   22612.261192
17678   1525981   10208   22598.372082
12389   1525981   10208   22582.498591
11443   1525981   10208   22567.758387
14434   1525981   10208   22555.306097
11629   1525981   10208   22541.850316
11895   1525981   10208   22525.182214
11815   1525981   10208   22505.263432
11780   1525981   10208   22486.413846
12329   1525981   10208   22469.870878
12104   1525981   10208   22459.474724
11387   1525981   10208   22454.187896
12061   1525981   10208   22439.349580
12464   1525981   10208   22423.756048
11657   1525981   10208   22404.006108
12119   1525981   10208   22383.964733
12164   1525981   10208   22364.745705
11806   1525981   10208   22350.401885
11476   1525981   10208   22330.889980
12290   1525981   10208   22311.690235
12622   1525981   10208   22292.085614
11567   1525981   10208   22275.594151
11527   1525981   10208   22256.312133
12441   1525981   10208   22237.115465
12119   1525981   10208   22217.846032
11840   1525981   10208   22203.141866
11913   1525981   10208   22185.346413
11490   1525981   10208   22166.710408
12222   1525981   10208   22147.791585
11747   1525981   10208   22134.007268
11962   1525981   10208   22115.363948
11368   1525981   10208   22096.548033
17234   1525981   10208   22077.900832
11821   1525981   10208   22061.509855
12143   1525981   10208   22046.593150
12056   1525981   10208   22028.023005
11618   1525981   10208   22009.604610
11646   1525981   10208   21991.072576
11472   1525981   10208   21975.185986
11180   1525981   10208   21956.914569
11767   1525981   10208   21938.453963
11527   1525981   10208   21920.233974
11790   1525981   10208   21906.197776
11689   1525981   10208   21887.963684
11519   1525981   10208   21869.961610
11959   1525981   10208   21852.116344
24799   1525981   10208   21836.339922
11942   1525981   10208   21818.701260
15093   1525981   10208   21800.821793
11179   1525981   10208   21782.959233
17147   1525981   10208   21768.335243
11289   1525981   10208   21753.245539
11679   1525981   10208   21735.773412
11680   1525981   10208   21718.164762
11890   1525981   10208   21701.637034
11697   1525981   10208   21686.574706
11434   1525981   10208   21669.247733
11679   1525981   10208   21651.931591
11877   1525981   10208   21635.651625
15091   1525981   10208   21623.331468
11738   1525981   10208   21606.162496
11414   1525981   10208   21589.302995
11579   1525981   10208   21572.322854
16813   1525981   10208   21557.834088
11279   1525981   10208   21541.258232
11578   1525981   10208   21524.408503
12037   1525981   10208   21507.653191
11411   1525981   10208   21495.338609
11084   1525981   10208   21478.596729
11667   1525981   10208   21461.941752
12722   1525981   10208   21445.652782
18676   1525981   10208   21431.639245
15131   1525981   10208   21415.341772
11640   1525981   10208   21399.094589
11635   1525981   10208   21382.836095
11371   1525981   10208   21368.722415
11640   1525981   10208   21355.978696
11793   1525981   10208   21339.909965
11480   1525981   10208   21323.844137
11181   1525981   10208   21307.842888
11529   1525981   10208   21294.293184
12096   1525981   10208   21278.876441
11692   1525981   10208   21263.234637
11735   1525981   10208   21247.533896
11203   1525981   10208   21235.913335
11616   1525981   10208   21220.377220
12286   1525981   10208   21204.859589
11458   1525981   10208   21189.242991
11972   1525981   10208   21176.124879
11686   1525981   10208   21160.685634
11773   1525981   10208   21145.618488
11472   1525981   10208   21130.275513
22848   1525981   10208   21118.546491
11965   1525981   10208   21105.088971
16442   1525981   10208   21090.261771
11161   1525981   10208   21074.991132
17380   1525981   10208   21060.947746
11608   1525981   10208   21047.148636
17132   1525981   10208   21032.706410
12165   1525981   10208   21017.905715
22281   1525981   10208   21003.841048
11347   1525981   10208   20993.615346
13206   1525981   10208   20978.992028
11757   1525981   10208   20964.577208
11494   1525981   10208   20956.900808
11630   1525981   10208   20946.472894
12385   1525981   10208   20933.554452
12239   1525981   10208   20920.793846
15759   1525981   10208   20908.266034
12347   1525981   10208   20899.017973
12511   1525981   10208   20887.861445
11586   1525981   10208   20875.853441
13511   1525981   10208   20863.818758
12951   1525981   10208   20869.025248
17924   1525981   10208   20859.908820
12043   1525981   10208   20855.195388
18806   1525981   10208   20848.039962
15597   1525981   10208   20841.160615
19326   1525981   10208   20841.073663
18837   1525981   10208   20835.476525
23383   1525981   10208   20834.784008
22601   1525981   10208   20832.252925
13468   1525981   10208   20832.255979
21054   1525981   10208   20829.704167
20177   1525981   10208   20827.258295
20688   1525981   10208   20825.195923
23346   1525981   10208   20823.544516
11703   1525981   10208   20821.998552
18159   1525981   10208   20821.346310
20457   1525981   10208   20823.450700
26928   1525981   10208   20824.768614
27456   1525981   10208   20828.439430
19225   1525981   10208   20829.879636
12338   1525981   10208   20831.133237
20396   1525981   10208   20832.383294
19616   1525981   10208   20834.012356
22826   1525981   10208   20839.367372
22842   1525981   10208   20842.151066
23768   1525981   10208   20844.915758
23302   1525981   10208   20847.168026
22910   1525981   10208   20849.773576
23420   1525981   10208   20852.831871
23671   1525981   10208   20855.948592
23136   1525981   10208   20858.159718
22569   1525981   10208   20861.158287
23549   1525981   10208   20864.169356
22079   1525981   10208   20867.212249
20559   1525981   10208   20869.978542
22399   1525981   10208   20872.957181
22824   1525981   10208   20876.056413
22088   1525981   10208   20879.151578
15877   1525981   10208   20881.496012
22887   1525981   10208   20884.346139
22103   1525981   10208   20887.274036
23078   1525981   10208   20890.319298
19511   1525981   10208   20893.105582
24241   1525981   10208   20896.039543
23763   1525981   10208   20899.017173
25503   1525981   10208   20902.038646
22214   1525981   10208   20904.907408
24672   1525981   10208   20907.183054
23326   1525981   10208   20910.204551
23432   1525981   10208   20913.263876
20901   1525981   10208   20916.412006
22931   1525981   10208   20918.987419
25253   1525981   10208   20921.782525
24518   1525981   10208   20924.616783
22527   1525981   10208   20927.432057
24018   1525981   10208   20929.538815
22434   1525981   10208   20932.377351
21780   1525981   10208   20935.280624
24061   1525981   10208   20938.105697
21116   1525981   10208   20940.546596
22200   1525981   10208   20943.325478
23075   1525981   10208   20946.136106
22483   1525981   10208   20949.112764
21433   1525981   10208   20951.681251
22072   1525981   10208   20953.984327
21242   1525981   10208   20956.840560
23437   1525981   10208   20959.769055
24360   1525981   10208   20962.699171
22378   1525981   10208   20965.086732
24703   1525981   10208   20967.828757
24449   1525981   10208   20970.568675
23439   1525981   10208   20973.171701
23487   1525981   10208   20975.206263
22347   1525981   10208   20977.994942
22613   1525981   10208   20980.659647
23721   1525981   10208   20983.496596
22703   1525981   10208   20985.865763
24584   1525981   10208   20988.587043
22699   1525981   10208   20991.373022
21100   1525981   10208   20994.259556
20548   1525981   10208   20994.739056
20752   1525981   10208   20994.958120
22647   1525981   10208   20995.810396
19752   1525981   10208   20996.844050
21706   1525981   10208   20997.604418
21833   1525981   10208   20998.343312
21322   1525981   10208   20999.147562
23063   1525981   10208   21000.106255
21292   1525981   10208   21000.955508
22808   1525981   10208   21001.325938
21413   1525981   10208   21002.448884
22788   1525981   10208   21003.655278
20638   1525981   10208   21004.830789
20871   1525981   10208   21005.666109
22300   1525981   10208   21006.793883
24383   1525981   10208   21008.124961
23829   1525981   10208   21009.538933
18611   1525981   10208   21010.314948
19820   1525981   10208   21011.583354
20417   1525981   10208   21013.069134
20086   1525981   10208   21014.488513
24333   1525981   10208   21015.609670
20540   1525981   10208   21017.140847
21684   1525981   10208   21018.653572
22720   1525981   10208   21020.184885
23119   1525981   10208   21021.406785
22717   1525981   10208   21022.545825
21505   1525981   10208   21024.076479
23724   1525981   10208   21025.776192
21631   1525981   10208   21027.530474
23002   1525981   10208   21028.770411
21915   1525981   10208   21030.359840
24088   1525981   10208   21032.183610
23843   1525981   10208   21033.897063
21033   1525981   10208   21034.755306
21894   1525981   10208   21036.795970
22885   1525981   10208   21038.497676
21955   1525981   10208   21040.242426
22274   1525981   10208   21041.770541
21607   1525981   10208   21043.614045
20744   1525981   10208   21045.348958
21099   1525981   10208   21047.172878
21923   1525981   10208   21048.850007
20974   1525981   10208   21050.064614
22010   1525981   10208   21051.861495
21283   1525981   10208   21053.695750
21918   1525981   10208   21054.923825
21713   1525981   10208   21056.323728
20433   1525981   10208   21058.173494
23792   1525981   10208   21059.998081
20110   1525981   10208   21061.730954
22664   1525981   10208   21063.240691
22326   1525981   10208   21065.262645
23365   1525981   10208   21067.241027
22525   1525981   10208   21069.286582
24007   1525981   10208   21070.826536
20760   1525981   10208   21072.732522
22316   1525981   10208   21074.595438
21677   1525981   10208   21076.462143
22587   1525981   10208   21077.721348
20832   1525981   10208   21079.371662
22224   1525981   10208   21081.293830
23637   1525981   10208   21083.200991
23798   1525981   10208   21084.755276
22001   1525981   10208   21086.592756
22945   1525981   10208   21088.537621
20024   1525981   10208   21090.512575
26232   1525981   10208   21092.209266
22347   1525981   10208   21093.912710
24869   1525981   10208   21095.780245
21833   1525981   10208   21097.695505
23371   1525981   10208   21099.873109
22679   1525981   10208   21101.450204
21738   1525981   10208   21103.320882
21972   1525981   10208   21105.261094
21446   1525981   10208   21107.186823
21131   1525981   10208   21108.441588
22284   1525981   10208   21110.594585
21453   1525981   10208   21112.605250
21803   1525981   10208   21114.588358
21591   1525981   10208   21116.318678
21830   1525981   10208   21118.221493
22311   1525981   10208   21120.334844
20447   1525981   10208   21122.243938
20196   1525981   10208   21123.824134
23337   1525981   10208   21125.450423
22005   1525981   10208   21127.384938
21122   1525981   10208   21129.289869
20421   1525981   10208   21131.009486
23909   1525981   10208   21132.660794
21284   1525981   10208   21134.666625
24559   1525981   10208   21136.771364
21025   1525981   10208   21138.672020
23081   1525981   10208   21139.843060
23907   1525981   10208   21141.681486
24518   1525981   10208   21143.543523
20887   1525981   10208   21145.491902
22538   1525981   10208   21147.193405
22704   1525981   10208   21148.857694
24410   1525981   10208   21150.910278
22129   1525981   10208   21152.856614
22646   1525981   10208   21154.090684
22564   1525981   10208   21156.068502
21662   1525981   10208   21157.964462
22267   1525981   10208   21159.787730
25692   1525981   10208   21161.338563
22509   1525981   10208   21163.076738
23690   1525981   10208   21164.813976
22858   1525981   10208   21166.684402
21447   1525981   10208   21168.335921
21181   1525981   10208   21169.644865
22659   1525981   10208   21171.596301
23941   1525981   10208   21173.430919
22802   1525981   10208   21175.585290
21551   1525981   10208   21176.999028
21238   1525981   10208   21178.797944
21736   1525981   10208   21180.728509
23343   1525981   10208   21182.586916
21867   1525981   10208   21183.772710
25445   1525981   10208   21185.685260
23361   1525981   10208   21187.583745
23987   1525981   10208   21189.497325
22667   1525981   10208   21191.020892
22878   1525981   10208   21192.831017
22440   1525981   10208   21194.728888
21731   1525981   10208   21196.610427
23710   1525981   10208   21198.192091
25062   1525981   10208   21199.686301
26750   1525981   10208   21205.177075
26983   1525981   10208   21210.621909
25932   1525981   10208   21216.019596
21193   1525981   10208   21220.959709
26627   1525981   10208   21225.941100
24053   1525981   10208   21230.795249
25232   1525981   10208   21235.745734
24527   1525981   10208   21239.874730
25606   1525981   10208   21244.670260
25504   1525981   10208   21249.277223
25206   1525981   10208   21253.766497
23949   1525981   10208   21257.861234
25283   1525981   10208   21262.184729
26794   1525981   10208   21266.501383
24690   1525981   10208   21270.638356
24299   1525981   10208   21274.339352
25300   1525981   10208   21277.921921
24974   1525981   10208   21281.921862
26217   1525981   10208   21285.762252
22860   1525981   10208   21289.279566
22619   1525981   10208   21292.976155
23479   1525981   10208   21296.678279
24004   1525981   10208   21300.321235
25423   1525981   10208   21303.281277
27341   1525981   10208   21306.190886
26409   1525981   10208   21309.615149
24707   1525981   10208   21313.009384
25801   1525981   10208   21316.318510
25129   1525981   10208   21319.175273
24545   1525981   10208   21322.368573
25872   1525981   10208   21325.556937
22698   1525981   10208   21328.682219
24782   1525981   10208   21331.246394
25429   1525981   10208   21334.170018
22698   1525981   10208   21337.195534
25455   1525981   10208   21340.091221
22124   1525981   10208   21342.758123
23779   1525981   10208   21345.704458
23314   1525981   10208   21348.591042
22785   1525981   10208   21351.461541
25061   1525981   10208   21354.058781
23611   1525981   10208   21356.094440
23933   1525981   10208   21359.014804
23668   1525981   10208   21361.764320
23874   1525981   10208   21364.244233
23771   1525981   10208   21366.777068
23888   1525981   10208   21369.339756
23291   1525981   10208   21371.976243
24863   1525981   10208   21374.568287
23257   1525981   10208   21376.516523
23299   1525981   10208   21379.160682
20438   1525981   10208   21381.703130
25654   1525981   10208   21384.164919
24010   1525981   10208   21386.477748
23666   1525981   10208   21388.904426
23901   1525981   10208   21391.281634
23655   1525981   10208   21393.795128
24176   1525981   10208   21395.669053
24788   1525981   10208   21397.711762
24620   1525981   10208   21399.957163
21885   1525981   10208   21402.247059
17027   1525981   10208   21404.151359
25355   1525981   10208   21406.439320
23599   1525981   10208   21408.686764
22664   1525981   10208   21410.965846
22694   1525981   10208   21413.081498
21905   1525981   10208   21414.816742
22965   1525981   10208   21417.163748
23742   1525981   10208   21419.336741
22462   1525981   10208   21421.576679
24122   1525981   10208   21423.454651
24007   1525981   10208   21425.567222
24570   1525981   10208   21427.732526
22827   1525981   10208   21429.752750
16016   1525981   10208   21431.366408
23785   1525981   10208   21433.212493
24040   1525981   10208   21435.370711
23226   1525981   10208   21437.390429
24046   1525981   10208   21439.094605
23137   1525981   10208   21441.091810
23034   1525981   10208   21443.058284
23122   1525981   10208   21445.090401
21395   1525981   10208   21446.830189
25184   1525981   10208   21448.373539
22731   1525981   10208   21450.535661
22255   1525981   10208   21452.497367
21218   1525981   10208   21454.315940
24586   1525981   10208   21455.110768
23209   1525981   10208   21457.139937
22934   1525981   10208   21459.073566
23618   1525981   10208   21461.033449
24084   1525981   10208   21462.535961
23301   1525981   10208   21464.413766
22776   1525981   10208   21466.301860
22973   1525981   10208   21468.289318
24121   1525981   10208   21469.742859
24584   1525981   10208   21471.506252
23285   1525981   10208   21473.442039
22184   1525981   10208   21475.243815
19674   1525981   10208   21476.894205
24409   1525981   10208   21478.352424
23310   1525981   10208   21480.350183
23272   1525981   10208   21482.173296
21993   1525981   10208   21483.658470
25248   1525981   10208   21485.457798
25323   1525981   10208   21487.158221
26551   1525981   10208   21488.935061
22121   1525981   10208   21490.757892
21737   1525981   10208   21492.018425
22138   1525981   10208   21493.782571
21994   1525981   10208   21495.494797
22071   1525981   10208   21497.174940
22718   1525981   10208   21498.675110
23563   1525981   10208   21500.446564
24759   1525981   10208   21502.171717
21800   1525981   10208   21503.799725
24678   1525981   10208   21505.113223
23353   1525981   10208   21506.607015
22820   1525981   10208   21508.403057
23084   1525981   10208   21510.131715
23831   1525981   10208   21511.563081
22799   1525981   10208   21513.356425
25969   1525981   10208   21515.166193
22340   1525981   10208   21516.910027
22899   1525981   10208   21518.483631
23407   1525981   10208   21519.800535
22598   1525981   10208   21521.501549
21625   1525981   10208   21523.036875
19594   1525981   10208   21524.148415
22897   1525981   10208   21525.854505
22242   1525981   10208   21527.420595
23384   1525981   10208   21529.112241
22961   1525981   10208   21530.700007
25084   1525981   10208   21531.907605
23292   1525981   10208   21533.552214
23613   1525981   10208   21535.189615
23236   1525981   10208   21536.818727
21317   1525981   10208   21538.131785
21790   1525981   10208   21539.649897
21814   1525981   10208   21541.203245
24086   1525981   10208   21542.827039
23056   1525981   10208   21544.096297
23606   1525981   10208   21545.478608
24870   1525981   10208   21547.135971
22792   1525981   10208   21548.774945
25604   1525981   10208   21550.042579
22790   1525981   10208   21551.562022
23013   1525981   10208   21553.051184
23507   1525981   10208   21554.590406
24662   1525981   10208   21556.028264
23580   1525981   10208   21557.052873
23270   1525981   10208   21558.597339
25540   1525981   10208   21560.123654
22882   1525981   10208   21561.714544
23798   1525981   10208   21563.052046
24279   1525981   10208   21564.558242
22502   1525981   10208   21566.065624
22464   1525981   10208   21567.583326
22626   1525981   10208   21568.735958
21775   1525981   10208   21570.328271
22093   1525981   10208   21572.078320
23480   1525981   10208   21573.600521
24190   1525981   10208   21574.913839
24464   1525981   10208   21576.393800
23477   1525981   10208   21577.812916
23349   1525981   10208   21579.369803
21013   1525981   10208   21580.643393
23472   1525981   10208   21581.869924
24453   1525981   10208   21583.426333
23419   1525981   10208   21585.015760
24228   1525981   10208   21586.442431
24266   1525981   10208   21587.570149
24124   1525981   10208   21589.049265
21852   1525981   10208   21590.507216
24308   1525981   10208   21591.988206
23901   1525981   10208   21592.937614
22217   1525981   10208   21594.341904
24440   1525981   10208   21595.825723
20262   1525981   10208   21597.200577
24180   1525981   10208   21598.370757
22667   1525981   10208   21599.780996
22959   1525981   10208   21601.361661
22104   1525981   10208   21602.827184
20266   1525981   10208   21603.871618
24454   1525981   10208   21605.276105
23083   1525981   10208   21606.763851
25441   1525981   10208   21608.243622
22673   1525981   10208   21609.567393
25625   1525981   10208   21610.940383
24674   1525981   10208   21612.426140
23562   1525981   10208   21613.817860
24097   1525981   10208   21615.161695
27390   1525981   10208   21616.095196
25876   1525981   10208   21617.519094
26080   1525981   10208   21619.056001
23712   1525981   10208   21620.365028
21600   1525981   10208   21621.466224
22965   1525981   10208   21622.869616
22818   1525981   10208   21624.264572
22806   1525981   10208   21625.657716
23543   1525981   10208   21626.538117
23774   1525981   10208   21627.959355
23721   1525981   10208   21629.506719
22478   1525981   10208   21630.838235
23194   1525981   10208   21631.937788
24458   1525981   10208   21633.269486
21714   1525981   10208   21634.635253
22625   1525981   10208   21635.983061
23823   1525981   10208   21637.206373
23325   1525981   10208   21638.259005
23333   1525981   10208   21639.560961
23484   1525981   10208   21640.922928
23388   1525981   10208   21642.285860
24980   1525981   10208   21643.242534
26104   1525981   10208   21644.690715
23655   1525981   10208   21645.988357
17696   1525981   10208   21647.313982
25623   1525981   10208   21648.072245
23782   1525981   10208   21649.425337
23387   1525981   10208   21650.760318
23160   1525981   10208   21652.146628
24178   1525981   10208   21653.216294
23817   1525981   10208   21654.637604
21459   1525981   10208   21655.965372
20285   1525981   10208   21657.235314
24991   1525981   10208   21658.313093
24406   1525981   10208   21659.328854
22326   1525981   10208   21660.619549
22497   1525981   10208   21662.179824
19044   1525981   10208   21663.499562
23124   1525981   10208   21664.491402
22166   1525981   10208   21665.760601
23744   1525981   10208   21667.061644
19850   1525981   10208   21667.881188
25499   1525981   10208   21668.729781
22925   1525981   10208   21670.056795
23244   1525981   10208   21671.307077
23314   1525981   10208   21672.639175
23530   1525981   10208   21673.737941
23969   1525981   10208   21674.940802
23191   1525981   10208   21676.134387
22182   1525981   10208   21677.510085
25720   1525981   10208   21678.278062
22792   1525981   10208   21679.498458
21459   1525981   10208   21680.813798
22206   1525981   10208   21682.099799
23149   1525981   10208   21683.047481
22946   1525981   10208   21684.270571
23350   1525981   10208   21685.514673
23067   1525981   10208   21686.786168
22283   1525981   10208   21688.000671
12684   1525981   10208   21688.887280
22959   1525981   10208   21690.129342
20812   1525981   10208   21691.364159
23675   1525981   10208   21692.549392
12684   1525981   10208   21693.517418
23366   1525981   10208   21694.789995
24487   1525981   10208   21696.067383
21918   1525981   10208   21697.397595
22657   1525981   10208   21698.137455
25240   1525981   10208   21699.397499
22517   1525981   10208   21700.676164
23175   1525981   10208   21701.968840
24263   1525981   10208   21702.876326
23263   1525981   10208   21704.084533
24351   1525981   10208   21705.381130
22812   1525981   10208   21706.693189
21934   1525981   10208   21707.752619
23831   1525981   10208   21708.582841
21147   1525981   10208   21709.831623
22331   1525981   10208   21711.031092
21179   1525981   10208   21712.022175
22085   1525981   10208   21713.073471
28954   1525981   10208   21714.430877
22765   1525981   10208   21715.697198
21540   1525981   10208   21716.800501
22903   1525981   10208   21717.572358
25377   1525981   10208   21718.835741
24560   1525981   10208   21720.053820
22574   1525981   10208   21721.280673
19614   1525981   10208   21722.116263
23421   1525981   10208   21723.337958
25043   1525981   10208   21724.527994
22785   1525981   10208   21725.650453
20562   1525981   10208   21726.357866
23956   1525981   10208   21727.589356
21445   1525981   10208   21728.772214
22438   1525981   10208   21729.924880
22856   1525981   10208   21730.718462
24931   1525981   10208   21731.929789
23022   1525981   10208   21733.152061
23660   1525981   10208   21734.370854
23531   1525981   10208   21735.341867
25470   1525981   10208   21736.148005
23330   1525981   10208   21737.259038
21444   1525981   10208   21738.340671
21747   1525981   10208   21739.447886
24092   1525981   10208   21740.494281
22337   1525981   10208   21741.616200
24667   1525981   10208   21742.767466
23136   1525981   10208   21743.868252
24453   1525981   10208   21744.582458
24792   1525981   10208   21745.738894
23611   1525981   10208   21746.908072
24440   1525981   10208   21748.134291
24986   1525981   10208   21748.963585
23677   1525981   10208   21750.108200
22241   1525981   10208   21751.214446
22288   1525981   10208   21752.332909
21681   1525981   10208   21753.308484
22796   1525981   10208   21754.056723
22574   1525981   10208   21755.211898
22526   1525981   10208   21756.367854
22341   1525981   10208   21757.469572
23304   1525981   10208   21758.545197
24550   1525981   10208   21759.694739
21110   1525981   10208   21760.889364
18362   1525981   10208   21762.198189
23026   1525981   10208   21762.815252
22033   1525981   10208   21763.866904
23172   1525981   10208   21764.987156
25076   1525981   10208   21766.164143
22331   1525981   10208   21767.085387
22018   1525981   10208   21768.283190
22422   1525981   10208   21769.411239
21826   1525981   10208   21770.552967
18984   1525981   10208   21771.318838
23758   1525981   10208   21772.290247
23020   1525981   10208   21773.481099
23251   1525981   10208   21774.651782
26780   1525981   10208   21775.676730
24329   1525981   10208   21776.726437
23555   1525981   10208   21777.843038
32071   1525981   10208   21779.060860
20578   1525981   10208   21780.196668
22353   1525981   10208   21780.849931
24774   1525981   10208   21781.983578
21299   1525981   10208   21783.114224
21518   1525981   10208   21783.921544
21999   1525981   10208   21784.751589
20990   1525981   10208   21785.878255
23003   1525981   10208   21787.068225
22685   1525981   10208   21788.078312
21970   1525981   10208   21788.656548
22476   1525981   10208   21789.662209
23450   1525981   10208   21790.764136
22933   1525981   10208   21791.812602
24670   1525981   10208   21792.804812
25326   1525981   10208   21793.580053
24011   1525981   10208   21794.708136
24076   1525981   10208   21795.840741
16901   1525981   10208   21796.730886
22075   1525981   10208   21797.472524
21991   1525981   10208   21798.609662
23753   1525981   10208   21799.719791
16298   1525981   10208   21800.841280
21851   1525981   10208   21801.604461
22301   1525981   10208   21802.692934
23890   1525981   10208   21803.741751
23858   1525981   10208   21804.919712
24149   1525981   10208   21805.502767
22770   1525981   10208   21806.514084
23011   1525981   10208   21807.574437
21450   1525981   10208   21808.546640
23862   1525981   10208   21809.351779
23919   1525981   10208   21810.388520
22703   1525981   10208   21811.403822
22315   1525981   10208   21812.404926
23834   1525981   10208   21813.243547
24319   1525981   10208   21813.962165
20677   1525981   10208   21815.033916
22877   1525981   10208   21816.160885
22052   1525981   10208   21817.211768
22979   1525981   10208   21817.957188
23017   1525981   10208   21819.002982
23306   1525981   10208   21820.022356
23858   1525981   10208   21821.057010
16913   1525981   10208   21820.693995
23453   1525981   10208   21821.692519
23140   1525981   10208   21822.696718
23461   1525981   10208   21823.727743
23591   1525981   10208   21824.504829
23311   1525981   10208   21825.485466
23367   1525981   10208   21826.498487
22570   1525981   10208   21827.530936
23081   1525981   10208   21828.259822
22717   1525981   10208   21828.993327
21162   1525981   10208   21829.435400
23280   1525981   10208   21830.329981
14901   1525981   10208   21831.220012
24027   1525981   10208   21832.134139
22363   1525981   10208   21833.078536
23183   1525981   10208   21834.038218
25010   1525981   10208   21835.059391
23417   1525981   10208   21835.714461
23767   1525981   10208   21836.741290
22341   1525981   10208   21837.925588
22631   1525981   10208   21838.990446
22453   1525981   10208   21839.770256
23871   1525981   10208   21840.782384
22923   1525981   10208   21841.782724
22516   1525981   10208   21842.825090
21147   1525981   10208   21843.463465
23536   1525981   10208   21844.388806
22335   1525981   10208   21845.400004
25695   1525981   10208   21846.483751
20593   1525981   10208   21847.280071
22284   1525981   10208   21848.080518
22451   1525981   10208   21849.119853
22618   1525981   10208   21850.125226
37378   1525981   10208   21850.898360
25458   1525981   10208   21851.442997
21579   1525981   10208   21852.390845
21840   1525981   10208   21853.369432
21801   1525981   10208   21854.343397
22242   1525981   10208   21855.105921
23752   1525981   10208   21856.090133
22188   1525981   10208   21857.117782
22821   1525981   10208   21857.979427
22385   1525981   10208   21858.489352
22237   1525981   10208   21859.453356
23361   1525981   10208   21860.445124
23812   1525981   10208   21861.401118
22836   1525981   10208   21862.107365
22279   1525981   10208   21863.001467
24723   1525981   10208   21863.984848
21706   1525981   10208   21864.894987
23741   1525981   10208   21865.748684
23304   1525981   10208   21866.499605
20514   1525981   10208   21867.457775
21997   1525981   10208   21868.347186
20745   1525981   10208   21869.425703
23763   1525981   10208   21870.129599
23038   1525981   10208   21871.083967
23236   1525981   10208   21871.972261
22521   1525981   10208   21872.953986
22599   1525981   10208   21873.419086
23013   1525981   10208   21874.333009
22251   1525981   10208   21875.225037
25570   1525981   10208   21876.120110
24027   1525981   10208   21876.816602
23240   1525981   10208   21877.757725
22621   1525981   10208   21878.756628
20778   1525981   10208   21879.349438
22788   1525981   10208   21880.039266
15137   1525981   10208   21880.709318
22367   1525981   10208   21881.660255
22780   1525981   10208   21882.584822
28162   1525981   10208   21883.590213
25502   1525981   10208   21884.241660
24655   1525981   10208   21885.150026
24528   1525981   10208   21886.067965
23692   1525981   10208   21886.976134
22088   1525981   10208   21887.576244
23077   1525981   10208   21888.558501
22254   1525981   10208   21889.458524
24191   1525981   10208   21890.341858
21662   1525981   10208   21891.033300
23563   1525981   10208   21891.985719
21983   1525981   10208   21892.884129
23679   1525981   10208   21893.791575
20851   1525981   10208   21894.432919
22283   1525981   10208   21895.085011
21951   1525981   10208   21895.976711
23107   1525981   10208   21897.062233
22739   1525981   10208   21897.861638
24160   1525981   10208   21898.690220
21067   1525981   10208   21899.559112
22512   1525981   10208   21900.445659
16262   1525981   10208   21901.329992
25579   1525981   10208   21901.896382
25091   1525981   10208   21902.874302
20894   1525981   10208   21903.805791
23790   1525981   10208   21904.792899
23254   1525981   10208   21905.409624
22573   1525981   10208   21906.395624
22721   1525981   10208   21907.209475
21573   1525981   10208   21908.038102
23448   1525981   10208   21908.523007
19457   1525981   10208   21909.401936
21525   1525981   10208   21910.270420
23100   1525981   10208   21911.167215
23380   1525981   10208   21911.825946
22573   1525981   10208   21912.611824
18899   1525981   10208   21911.522452
17073   1525981   10208   21910.419220
22056   1525981   10208   21909.250298
21364   1525981   10208   21907.932912
20868   1525981   10208   21906.997392
22424   1525981   10208   21906.429703
20828   1525981   10208   21906.192815
22385   1525981   10208   21905.801362
22098   1525981   10208   21905.536669
20858   1525981   10208   21904.940471
20010   1525981   10208   21903.956712
21039   1525981   10208   21902.568393
20984   1525981   10208   21901.555435
19866   1525981   10208   21900.692864
20173   1525981   10208   21899.956112
21432   1525981   10208   21899.157312
21263   1525981   10208   21898.765864
23004   1525981   10208   21898.513411
23467   1525981   10208   21898.284134
22193   1525981   10208   21897.958144
21133   1525981   10208   21897.626670
22621   1525981   10208   21897.674136
21030   1525981   10208   21897.780617
24469   1525981   10208   21897.875265
22198   1525981   10208   21897.850343
24343   1525981   10208   21898.132316
21742   1525981   10208   21898.330582
19985   1525981   10208   21898.576208
23004   1525981   10208   21898.577975
20744   1525981   10208   21898.961676
24380   1525981   10208   21899.253651
21230   1525981   10208   21899.636396
23915   1525981   10208   21899.798839
16152   1525981   10208   21900.152424
20636   1525981   10208   21900.544267
23895   1525981   10208   21900.909887
21145   1525981   10208   21900.995138
21133   1525981   10208   21901.166973
20962   1525981   10208   21901.590916
23936   1525981   10208   21901.938446
23555   1525981   10208   21902.228438
24365   1525981   10208   21902.584728
21083   1525981   10208   21903.084330
14232   1525981   10208   21903.467182
21459   1525981   10208   21903.910615
21670   1525981   10208   21903.970685
21870   1525981   10208   21904.365978
22442   1525981   10208   21904.872368
23744   1525981   10208   21905.336263
22336   1525981   10208   21905.568248
22764   1525981   10208   21905.962528
23167   1525981   10208   21906.327947
23918   1525981   10208   21906.749249
21961   1525981   10208   21906.868251
22142   1525981   10208   21907.250468
24286   1525981   10208   21907.662448
21769   1525981   10208   21908.206085
22549   1525981   10208   21908.579109
21586   1525981   10208   21909.010510
22885   1525981   10208   21909.401833
23123   1525981   10208   21909.860927
17872   1525981   10208   21910.142689
22631   1525981   10208   21910.252007
22586   1525981   10208   21910.704974
24124   1525981   10208   21910.818251
23161   1525981   10208   21911.283607
24335   1525981   10208   21911.508697
23391   1525981   10208   21911.946465
22052   1525981   10208   21912.397214
20723   1525981   10208   21912.877526
23293   1525981   10208   21912.773315
20818   1525981   10208   21913.224693
21785   1525981   10208   21913.739770
22232   1525981   10208   21914.205604
21932   1525981   10208   21914.521005
23811   1525981   10208   21914.939779
22761   1525981   10208   21915.337325
20982   1525981   10208   21915.756144
24257   1525981   10208   21916.029160
23490   1525981   10208   21916.275465
23567   1525981   10208   21916.764087
22996   1525981   10208   21917.172104
21402   1525981   10208   21917.666246
23025   1525981   10208   21917.915901
27659   1525981   10208   21918.294696
24314   1525981   10208   21918.725193
22582   1525981   10208   21919.123584
21299   1525981   10208   21919.182764
20822   1525981   10208   21919.630652
22383   1525981   10208   21920.148072
23667   1525981   10208   21920.545119
22215   1525981   10208   21920.887338
22906   1525981   10208   21921.337372
22692   1525981   10208   21921.644791
23888   1525981   10208   21922.053948
21540   1525981   10208   21922.205629
22362   1525981   10208   21922.412554
21678   1525981   10208   21922.894523
22209   1525981   10208   21923.319925
23210   1525981   10208   21923.649470
24790   1525981   10208   21923.947785
23530   1525981   10208   21924.401874
22549   1525981   10208   21924.813063
19434   1525981   10208   21925.203062
24693   1525981   10208   21925.220490
24316   1525981   10208   21925.651358
23088   1525981   10208   21926.038751
24021   1525981   10208   21926.439408
23767   1525981   10208   21926.597591
21871   1525981   10208   21927.003524
21655   1525981   10208   21927.411452
24462   1525981   10208   21927.827553
21248   1525981   10208   21927.923135
24692   1525981   10208   21928.356516
22379   1525981   10208   21928.734327
24756   1525981   10208   21929.097991
21761   1525981   10208   21929.367926
19773   1525981   10208   21929.677499
25509   1525981   10208   21930.069390
20931   1525981   10208   21930.468258
23271   1525981   10208   21930.781366
20336   1525981   10208   21930.879812
21420   1525981   10208   21931.304585
20560   1525981   10208   21931.728431
24115   1525981   10208   21932.108163
22968   1525981   10208   21932.479975
24003   1525981   10208   21932.932016
20458   1525981   10208   21933.315828
22957   1525981   10208   21933.733889
28402   1525981   10208   21934.286399
28206   1525981   10208   21938.518684
26621   1525981   10208   21942.411197
25472   1525981   10208   21945.926428
28359   1525981   10208   21948.832165
25595   1525981   10208   21951.692846
25795   1525981   10208   21954.489283
24686   1525981   10208   21956.876407
26131   1525981   10208   21958.975117
25489   1525981   10208   21960.656466
24038   1525981   10208   21962.504959
24212   1525981   10208   21964.233805
27324   1525981   10208   21965.831794
23762   1525981   10208   21967.152377
22967   1525981   10208   21968.720600
22788   1525981   10208   21970.036063
22288   1525981   10208   21971.248957
24349   1525981   10208   21972.056375
22895   1525981   10208   21973.223462
25594   1525981   10208   21974.367857
21720   1525981   10208   21975.624390
22740   1525981   10208   21976.521610
21231   1525981   10208   21977.532813
24063   1525981   10208   21978.518078
23695   1525981   10208   21979.567642
19870   1525981   10208   21980.395900
22648   1525981   10208   21981.062504
22149   1525981   10208   21982.029221
21132   1525981   10208   21982.933553
22461   1525981   10208   21983.976080
23968   1525981   10208   21984.594505
22515   1525981   10208   21985.545071
22876   1525981   10208   21986.454604
21116   1525981   10208   21987.020534
20238   1525981   10208   21985.844979
21494   1525981   10208   21985.043004
20966   1525981   10208   21984.309251
23647   1525981   10208   21983.684609
20084   1525981   10208   21982.940249
21559   1525981   10208   21982.496269
23231   1525981   10208   21981.766748
23063   1525981   10208   21981.390530
22317   1525981   10208   21980.919884
20913   1525981   10208   21980.443562
21633   1525981   10208   21980.263793
23151   1525981   10208   21980.190785
23349   1525981   10208   21980.018593
20709   1525981   10208   21979.818781
20504   1525981   10208   21979.780122
20964   1525981   10208   21979.953895
20280   1525981   10208   21980.007055
22138   1525981   10208   21979.884993
22717   1525981   10208   21980.187651
25800   1525981   10208   21980.294128
21476   1525981   10208   21980.448983
22249   1525981   10208   21980.456485
22250   1525981   10208   21980.684034
22887   1525981   10208   21980.964804
23056   1525981   10208   21981.274962
21600   1525981   10208   21981.322325
22064   1525981   10208   21981.548259
22140   1525981   10208   21981.926008
21865   1525981   10208   21982.414552
21557   1525981   10208   21982.728833
21444   1525981   10208   21983.079089
23911   1525981   10208   21983.456894
20735   1525981   10208   21983.812171
20660   1525981   10208   21984.144423
20659   1525981   10208   21984.293012
21969   1525981   10208   21984.754915
25967   1525981   10208   21985.238603
19234   1525981   10208   21985.693385
23902   1525981   10208   21985.950294
22474   1525981   10208   21986.308645
24212   1525981   10208   21986.321968
23853   1525981   10208   21986.867218
24805   1525981   10208   21987.025814
21723   1525981   10208   21987.514628
21362   1525981   10208   21987.970637
23688   1525981   10208   21988.563079
21294   1525981   10208   21989.011257
22227   1525981   10208   21989.434153
21500   1525981   10208   21990.021790
25113   1525981   10208   21990.548165
23980   1525981   10208   21990.933522
24694   1525981   10208   21991.192820
23502   1525981   10208   21991.713110
24116   1525981   10208   21992.241796
20264   1525981   10208   21992.850943
20503   1525981   10208   21993.232772
21436   1525981   10208   21993.833595
23397   1525981   10208   21994.346480
22375   1525981   10208   21994.844955
22515   1525981   10208   21995.034635
20514   1525981   10208   21995.564958
20670   1525981   10208   21996.134270
25052   1525981   10208   21996.654728
27676   1525981   10208   21997.314588
26243   1525981   10208   21999.751543
25251   1525981   10208   22002.193167
26536   1525981   10208   22004.422567
24828   1525981   10208   22006.365809
26388   1525981   10208   22008.134162
25206   1525981   10208   22010.050376
24953   1525981   10208   22011.874525
20341   1525981   10208   22013.644886
23154   1525981   10208   22015.254700
25366   1525981   10208   22016.922740
23261   1525981   10208   22018.565969
24948   1525981   10208   22020.083276
25403   1525981   10208   22021.189105
23208   1525981   10208   22022.647981
26337   1525981   10208   22024.038799
22427   1525981   10208   22025.438299
23274   1525981   10208   22026.706662
21833   1525981   10208   22027.968077
23126   1525981   10208   22029.222217
22855   1525981   10208   22030.460968
24516   1525981   10208   22031.375855
24879   1525981   10208   22032.388910
22015   1525981   10208   22033.544295
23697   1525981   10208   22034.617415
22388   1525981   10208   22035.686090
25453   1525981   10208   22036.644308
25681   1525981   10208   22037.681322
24634   1525981   10208   22038.662897
23590   1525981   10208   22039.499943
25816   1525981   10208   22040.122553
23243   1525981   10208   22041.150254
22104   1525981   10208   22042.111507
24263   1525981   10208   22043.016443
23641   1525981   10208   22043.752082
22290   1525981   10208   22044.659284
24306   1525981   10208   22045.568533
21952   1525981   10208   22046.422022
24871   1525981   10208   22046.905512
22952   1525981   10208   22047.693792
22135   1525981   10208   22048.558725
23675   1525981   10208   22049.405453
25171   1525981   10208   22050.082430
24134   1525981   10208   22050.972073
23722   1525981   10208   22051.784955
21918   1525981   10208   22052.594069
25987   1525981   10208   22053.316344
23201   1525981   10208   22054.012243
24562   1525981   10208   22054.661563
23797   1525981   10208   22055.434744
23783   1525981   10208   22056.192120
25375   1525981   10208   22056.753554
21154   1525981   10208   22057.526760
24169   1525981   10208   22058.313146
22092   1525981   10208   22059.044177
23152   1525981   10208   22059.469328
23949   1525981   10208   22060.150633
21871   1525981   10208   22060.844819
22583   1525981   10208   22061.572778
22649   1525981   10208   22062.069405
21888   1525981   10208   22062.782609
23632   1525981   10208   22063.472120
25376   1525981   10208   22064.191023
21058   1525981   10208   22064.807151
23574   1525981   10208   22065.289055
23009   1525981   10208   22065.355121
22908   1525981   10208   22065.425538
21769   1525981   10208   22065.463603
22983   1525981   10208   22065.389465
22815   1525981   10208   22065.439695
21979   1525981   10208   22065.631627
20265   1525981   10208   22065.805837
24244   1525981   10208   22065.619059
21584   1525981   10208   22065.818718
21889   1525981   10208   22065.980689
21339   1525981   10208   22066.140800
22394   1525981   10208   22066.188155
23395   1525981   10208   22066.397396
21525   1525981   10208   22066.671423
21820   1525981   10208   22066.884697
20682   1525981   10208   22066.871522
22408   1525981   10208   22067.120250
22218   1525981   10208   22067.454743
22275   1525981   10208   22067.802030
22478   1525981   10208   22068.147487
23691   1525981   10208   22068.375483
22387   1525981   10208   22068.761610
23946   1525981   10208   22069.080093
21030   1525981   10208   22069.330903
24911   1525981   10208   22069.334029
22071   1525981   10208   22069.743123
24187   1525981   10208   22070.130935
23410   1525981   10208   22070.542789
22822   1525981   10208   22070.799953
21774   1525981   10208   22071.272135
22517   1525981   10208   22071.675426
21531   1525981   10208   22072.084169
25152   1525981   10208   22072.289352
22973   1525981   10208   22072.576766
21263   1525981   10208   22072.907133
22202   1525981   10208   22073.335309
19129   1525981   10208   22073.644081
22501   1525981   10208   22073.990103
21878   1525981   10208   22074.509244
23062   1525981   10208   22074.937944
20544   1525981   10208   22075.289939
24027   1525981   10208   22075.492797
23710   1525981   10208   22075.981001
23130   1525981   10208   22076.485654
22505   1525981   10208   22076.978706
22083   1525981   10208   22077.323815
22734   1525981   10208   22077.765744
23598   1525981   10208   22078.209872
21590   1525981   10208   22078.624526
21530   1525981   10208   22078.758254
23290   1525981   10208   22079.242815
22441   1525981   10208   22079.744999
24272   1525981   10208   22080.163494
22574   1525981   10208   22080.484968
23795   1525981   10208   22080.946790
19946   1525981   10208   22081.419247
22607   1525981   10208   22081.905696
23695   1525981   10208   22082.319434
22237   1525981   10208   22082.599452
21540   1525981   10208   22083.067824
25491   1525981   10208   22083.617446
23894   1525981   10208   22084.149363
23277   1525981   10208   22084.529336
21776   1525981   10208   22085.020390
25430   1525981   10208   22085.622380
23611   1525981   10208   22086.088939
24148   1525981   10208   22086.290222
23081   1525981   10208   22086.830645
21075   1525981   10208   22087.370077
24053   1525981   10208   22087.888678
24060   1525981   10208   22088.321876
23777   1525981   10208   22088.829250
24012   1525981   10208   22089.391591
23318   1525981   10208   22089.932437
20558   1525981   10208   22090.275565
23612   1525981   10208   22090.664993
22578   1525981   10208   22091.340231
23258   1525981   10208   22091.861395
17130   1525981   10208   22092.352291
20974   1525981   10208   22092.757596
24302   1525981   10208   22093.406347
21201   1525981   10208   22093.901347
24107   1525981   10208   22094.437545
22712   1525981   10208   22094.729098
22405   1525981   10208   22095.244561
22347   1525981   10208   22095.762524
22015   1525981   10208   22096.328339
22882   1525981   10208   22096.729855
23864   1525981   10208   22096.975190
23893   1525981   10208   22097.600231
24134   1525981   10208   22098.265938
22840   1525981   10208   22098.702936
25013   1525981   10208   22099.221458
23339   1525981   10208   22099.781760
22582   1525981   10208   22100.350147
22153   1525981   10208   22100.754970
22592   1525981   10208   22101.288087
23648   1525981   10208   22101.856257
23759   1525981   10208   22102.470075
21989   1525981   10208   22102.935550
21777   1525981   10208   22103.272728
26964   1525981   10208   22103.876184
21119   1525981   10208   22104.404933
21778   1525981   10208   22104.912027
21335   1525981   10208   22105.320787
23456   1525981   10208   22105.865694
21849   1525981   10208   22106.453617
26131   1525981   10208   22107.015269
24108   1525981   10208   22107.304112
24802   1525981   10208   22107.712742
25738   1525981   10208   22108.271192
26389   1525981   10208   22108.888249
22822   1525981   10208   22109.299336
24302   1525981   10208   22109.815362
24269   1525981   10208   22110.382459
24587   1525981   10208   22110.924819
18769   1525981   10208   22111.307548
23840   1525981   10208   22111.628010
21804   1525981   10208   22112.189701
21625   1525981   10208   22112.747189
26233   1525981   10208   22113.277754
24672   1525981   10208   22113.663034
23868   1525981   10208   22114.252538
24227   1525981   10208   22114.786261
23413   1525981   10208   22115.434474
23836   1525981   10208   22115.682295
22199   1525981   10208   22116.205136
23508   1525981   10208   22116.753195
22690   1525981   10208   22117.293307
23874   1525981   10208   22117.660594
25128   1525981   10208   22118.187159
23801   1525981   10208   22118.696636
20822   1525981   10208   22119.175458
20172   1525981   10208   22119.510988
21111   1525981   10208   22119.865768
23156   1525981   10208   22120.398231
25005   1525981   10208   22120.944441
19053   1525981   10208   22121.491226
22882   1525981   10208   22121.885663
24356   1525981   10208   22122.443118
24819   1525981   10208   22123.003860
23777   1525981   10208   22123.558938
22669   1525981   10208   22123.825416
22021   1525981   10208   22124.400022
21977   1525981   10208   22124.965220
23726   1525981   10208   22125.488107
21654   1525981   10208   22125.805236
23460   1525981   10208   22126.379047
23868   1525981   10208   22126.947369
21787   1525981   10208   22127.479657
21335   1525981   10208   22127.772320
21541   1525981   10208   22128.205036
20705   1525981   10208   22128.808115
21433   1525981   10208   22129.317652
20811   1525981   10208   22129.768636
21639   1525981   10208   22130.195790
24725   1525981   10208   22130.688089
22985   1525981   10208   22131.257821
23288   1525981   10208   22131.805758
22728   1525981   10208   22132.056552
24094   1525981   10208   22132.653412
23417   1525981   10208   22133.190662
24713   1525981   10208   22133.752639
25104   1525981   10208   22134.064259
24117   1525981   10208   22134.611508
24302   1525981   10208   22135.148906
24991   1525981   10208   22135.680465
17226   1525981   10208   22135.900425
22049   1525981   10208   22136.410286
25815   1525981   10208   22136.913518
24110   1525981   10208   22137.416159
24250   1525981   10208   22137.820989
24322   1525981   10208   22138.288402
21644   1525981   10208   22138.759792
22512   1525981   10208   22139.246119
23357   1525981   10208   22139.637340
20765   1525981   10208   22139.946066
21479   1525981   10208   22140.450939
24221   1525981   10208   22140.975151
25637   1525981   10208   22141.470825
23432   1525981   10208   22141.794016
24049   1525981   10208   22142.272993
22202   1525981   10208   22142.814842
21248   1525981   10208   22143.319656
20426   1525981   10208   22143.571543
22819   1525981   10208   22144.032750
21749   1525981   10208   22144.518429
21127   1525981   10208   22145.031275
23841   1525981   10208   22145.362797
23204   1525981   10208   22145.867436
24636   1525981   10208   22146.488368
21656   1525981   10208   22147.051620
23801   1525981   10208   22147.440379
24636   1525981   10208   22147.622317
24434   1525981   10208   22148.123426
23444   1525981   10208   22148.616635
74380   1525981   10208   22149.127184
18758   1525981   10208   22149.524663
20806   1525981   10208   22150.037447
18925   1525981   10208   22150.542682
19546   1525981   10208   22151.038197
20854   1525981   10208   22151.118989
15287   1627058   10208   22164.733858
