11,86
11,38
11,65
11,41
11,86
12,1
11,35
11,68
11,38
11,86
11,59
11,38
11,38
11,62
11,62
11,38
11,65
11,41
11,89
11,32
11,62
11,38
11,35
11,59
11,35
11,89
11,65
11,62
12,77
12,53
12,53
12,53
12,77
12,77
12,53
12,57
12,57
12,3
12,57
12,3
12,53
12,57
12,53
12,53
12,53
12,77
12,81
12,81
12,81
12,77
12,81
12,77
12,57
12,53
12,53
12,57
12,53
12,53
12,53
12,53
12,53
12,57
12,53
12,57
12,57
12,81
12,57
12,81
12,53
12,53
12,53
12,77
12,81
12,81
12,77
12,77
12,77
12,77
12,81
12,77
12,81
12,81
12,53
12,53
12,57
12,57
12,53
12,57
12,53
12,57
12,53
12,53
12,81
12,81
12,81
12,77
12,77
12,77
12,53
12,57
12,53
12,57
12,57
12,77
12,53
12,53
12,53
12,53
12,57
12,53
12,53
12,57
12,53
12,53
12,57
12,53
12,57
12,81
12,57
12,77
12,3
12,81
12,57
12,53
12,57
12,57
12,57
12,81
12,77
12,81
12,77
12,53
12,77
12,53
12,81
12,77
12,53
12,53
12,81
12,77
12,81
12,81
12,53
12,53
12,53
12,57
12,53
12,57
12,53
12,57
12,53
12,53
12,57
12,53
12,53
12,57
12,57
12,53
12,77
12,77
12,77
12,77
12,81
12,81
12,77
12,57
12,57
12,53
12,53
12,81
12,26
12,53
12,53
12,53
12,53
12,77
12,81
12,77
12,53
12,53
12,57
12,53
12,77
12,3
12,57
12,53
12,57
12,53
12,53
12,53
12,77
12,81
13,04
12,53
12,57
12,77
12,77
12,53
12,57
12,57
12,33
12,57
12,57
12,53
12,53
12,53
12,53
12,81
13,01
12,81
12,77
12,53
12,57
12,53
12,57
12,53
12,57
12,81
12,81
