100
100
100
100
100
100
100
100
100
100
100
100
100
100
100
100
100
100
100
100
100
100
100
100
80,81
11,31
11,9
12,12
20,35
23,35
11,87
12,59
13,13
13,6
26,38
18,84
14,18
16,41
15,7
14,39
10,08
16,92
11,59
11,62
12,12
19,4
11,9
15,66
11,87
12,56
12,34
11,39
11,87
28,72
13,45
12,63
20,96
12,34
14,07
8,33
12,31
11,34
12,63
12,63
11,87
13,13
11,9
14,86
11,9
15,15
15,44
12,37
10,83
11,11
10,89
34,85
15,15
12,88
26,08
11,34
11,59
18,69
11,87
12,09
12,09
13,89
11,36
18,99
10,86
18,94
11,31
11,87
13,35
29,11
11,87
11,59
12,34
12,09
12,85
25,63
15,7
12,12
12,85
12,12
11,87
15,44
11,9
12,34
11,14
11,9
12,37
24,75
16,12
11,9
11,9
13,16
11,62
15,66
12,59
12,15
11,62
12,37
16,62
9,3
12,56
12,31
11,65
11,9
19,65
12,41
12,12
12,85
11,87
24,56
8,56
12,37
12,88
13,89
12,63
11,87
15,08
12,06
12,12
11,62
8,84
20,3
20,4
11,87
11,87
15,91
11,9
13,6
12,09
13,6
18,39
12,85
11,81
12,88
11,39
12,15
12,41
11,9
8,59
12,12
12,09
15,58
13,38
14,39
13,13
12,34
11,62
12,37
11,65
37,34
13,38
11,36
12,12
11,36
12,15
16,2
12,34
12,37
11,9
14,86
12,37
16,75
25,57
14,68
20,15
12,66
21,97
13,38
12,15
12,12
12,34
11,62
19,44
14,61
14,65
11,65
12,41
11,81
81,11
21,32
23,17
85,64
83,84
27,71
22,22
28,1
27,02
25,32
33,42
29,95
25,25
25,76
32,07
24,56
23,48
27,53
23,1
23,6
