2,52
2,54
2,79
2,54
2,78
2,3
2,54
2,54
2,78
2,54
2,79
2,54
2,78
2,54
2,79
2,78
2,78
2,54
2,79
2,54
2,78
2,79
2,54
2,79
2,54
2,79
2,54
2,78
2,79
2,78
2,79
2,54
2,78
2,54
2,78
2,78
2,54
2,79
2,54
2,78
2,54
2,78
2,54
2,79
2,78
2,78
2,78
2,79
2,78
2,54
2,54
2,79
2,79
2,79
2,79
2,79
2,79
2,79
2,79
2,78
2,54
2,78
2,78
2,79
2,79
2,79
2,78
2,54
2,78
2,54
2,79
2,78
2,78
2,54
2,54
2,54
2,79
2,79
2,79
2,78
2,78
2,78
2,78
2,78
2,78
2,78
2,54
2,79
2,54
2,78
2,54
2,78
2,54
2,78
2,54
2,79
2,54
2,79
2,78
2,79
2,78
2,79
2,79
2,54
2,79
2,54
2,79
2,78
2,79
2,79
2,79
2,79
2,54
2,78
2,54
2,79
2,54
2,79
2,54
2,78
2,54
2,78
2,78
2,78
2,54
2,54
2,78
2,54
2,78
2,54
2,78
2,79
2,78
2,79
2,54
2,78
2,54
2,78
2,54
2,78
2,54
2,78
2,78
2,78
2,79
2,78
2,78
2,3
2,78
2,54
2,78
2,54
2,78
3,03
2,78
2,78
2,3
2,78
2,29
2,54
2,78
2,54
2,78
2,54
2,78
2,78
2,54
2,78
2,54
2,79
2,54
2,54
2,54
3,04
2,78
2,78
2,79
2,78
2,79
2,79
2,54
2,78
2,54
2,79
2,79
2,78
2,78
2,78
2,79
2,54
2,79
2,54
2,78
2,54
2,78
2,54
2,79
2,29
2,78
2,78
2,78
2,79
2,78
2,79
2,79
2,79
2,78
2,78
2,78
2,54
2,54
2,54
2,78
2,54
2,79
2,54
2,78
2,79
2,54
2,78
