Act   Max   Min   Avg
0   0   0   -nan
32870   114266   12479   28499.603397
34956   114266   12479   28009.447276
29467   114266   11644   27049.042319
21377   114266   11644   27683.575705
21481   142420   11644   27409.885275
24198   142420   11644   27210.996344
29886   142420   11644   27576.237138
21154   142420   11644   27522.721820
53052   142420   11644   27251.324390
37105   142420   11644   27606.354092
28505   142420   11644   27912.681847
27059   142420   11644   28089.936154
18046   142420   11644   28170.035983
29250   234182   11644   28394.007335
29500   234182   11644   28580.196849
16951   234182   11644   28673.264182
33817   234182   11644   28722.877362
31665   234182   11644   28795.051768
36132   234182   11644   28919.336869
33573   234182   11644   29038.568777
31049   234182   11644   29075.021717
31358   234182   11644   29176.161911
29651   234182   11644   29271.665148
34475   234182   11644   29354.387098
29586   234182   11644   29382.687218
33992   234182   11644   29361.226706
33101   234182   11644   29424.472991
30253   234182   11644   29494.531144
20063   234182   11644   29524.892744
31971   234182   11644   29567.546952
35402   234182   11644   29624.948763
29168   234182   11644   29683.361631
35577   234182   11644   29701.918432
34158   234182   11644   29711.648009
54349   234182   11644   29740.242896
32980   234182   11644   29767.496713
31392   234182   11644   29793.070143
33959   234182   11644   29794.022469
31363   234182   11644   29837.931042
32729   234182   11644   29873.069708
34864   234182   11644   29901.441649
31212   234182   11644   29882.605141
30273   234182   11644   29912.513251
33620   234182   11644   29943.424693
33249   234182   11644   29972.983842
33162   234182   11644   29965.352369
31731   234182   11644   29980.540740
19774   234182   11644   30001.683259
21212   234182   11644   30022.286128
33084   234182   11644   29984.240555
30884   234182   11644   30004.431691
33895   234182   11644   30021.586322
35181   234182   11644   30048.067721
31180   234182   11644   30039.303759
24358   234182   11644   30019.034383
32448   234182   11644   30008.158038
34534   234182   11644   30028.969539
31530   234182   11644   30012.990285
35754   234182   11644   30014.077520
24610   234182   11644   30030.427551
21493   234182   11644   30048.429608
19972   234182   11644   30043.677392
31987   234182   11644   30052.788529
33882   234182   11644   30066.103867
30722   234182   11644   30081.740498
31306   234182   11644   30048.471656
23997   234182   11644   29980.207104
25284   234182   11644   29915.650740
30203   234182   11644   29858.325727
19749   234182   11644   29788.831411
27428   234182   11644   29727.225580
27307   234182   11644   29677.545511
18479   234182   11644   29638.404401
30426   234182   11644   29590.838250
25263   234182   11644   29535.102636
21903   234182   11644   29495.872267
17381   234182   11644   29456.969808
19508   234182   11644   29411.707093
28380   234182   11644   29371.977604
22124   234182   11644   29350.348143
28034   234182   11644   29335.606033
23812   234182   11644   29313.048942
23129   234182   11644   29286.923865
31078   234182   11644   29281.125282
29464   234182   11644   29279.520527
30555   234182   11644   29276.002311
30532   234182   11644   29261.257270
33144   234182   11644   29265.964021
33778   234182   11644   29269.094639
23289   234182   11644   29270.541301
29108   234182   11644   29253.226239
30479   234182   11644   29261.263910
32244   234182   11644   29271.895056
29755   234182   11644   29280.925425
30654   234182   11644   29275.280187
29219   234182   11644   29287.108992
35177   234182   11644   29299.177792
23048   234182   11644   29311.311658
31640   234182   11644   29296.697029
36638   234182   11644   29307.918624
33355   234182   11644   29319.232498
32592   234182   11644   29333.037536
28975   234182   11644   29329.046463
31419   234182   11644   29341.080075
30292   234182   11644   29350.644028
28700   234182   11644   29361.126806
30581   234182   11644   29347.290641
31066   234182   11644   29357.533436
28497   234182   11644   29367.613347
22139   234182   11644   29363.534845
29244   234182   11644   29358.472461
33325   234182   11644   29369.938903
29516   234182   11644   29381.397556
33088   234182   11644   29393.266588
21094   234182   11644   29388.217880
29925   234182   11644   29392.747778
31091   234182   11644   29402.613829
29482   234182   11644   29411.752413
19993   234182   11644   29409.679652
34085   234182   11644   29419.192107
33389   234182   11644   29428.474558
21104   234182   11644   29439.326600
30191   234182   11644   29439.466277
21014   234182   11644   29439.004745
29002   234182   11644   29449.517481
44059   234182   11644   29459.617852
16178   234182   11644   29464.378209
35097   234182   11644   29467.146132
33110   234182   11644   29475.493945
30518   234182   11644   29484.672332
21571   234182   11644   29487.919609
28652   234182   11644   29483.329784
33153   234182   11644   29476.300427
34743   234182   11644   29485.474211
29971   234182   11644   29493.763450
27961   234182   11644   29493.280653
26799   234182   11644   29502.365338
30115   234182   11644   29509.756833
31106   234182   11644   29516.670696
32263   234182   11644   29509.196671
31369   234182   11644   29517.927487
29126   234182   10584   29520.808228
30320   234182   10565   29526.339460
32272   234182   10565   29522.293053
30484   234182   10565   29527.154663
31608   234182   10565   29533.685798
26574   234182   10565   29540.416003
33601   234182   10565   29530.663305
19372   234182   10565   29539.126772
32030   234182   10565   29546.220999
31300   234182   10565   29552.680106
31425   234182   10565   29549.909793
29334   234182   10565   29556.839269
29260   234182   10565   29564.507155
34557   234182   10565   29572.388753
33019   234182   10565   29562.366667
32814   234182   10565   29568.318339
31601   234182   10565   29574.504761
32178   234182   10565   29579.979340
30896   234182   10565   29577.803080
29400   234182   10565   29585.079751
35981   234182   10565   29592.505853
29925   234182   10565   29601.735627
18484   234182   10565   29601.068914
36150   234182   10565   29611.213817
33024   234182   10565   29623.190684
30284   234182   10565   29634.769964
32968   234182   10565   29636.956708
34865   234182   10565   29648.357742
31677   234182   10565   29659.134866
34300   234182   10565   29668.409322
23319   234182   10565   29672.155517
32513   234182   10565   29674.213276
23375   234182   10565   29684.850564
34189   234182   10565   29694.720771
25934   234182   10565   29699.458968
33338   234182   10565   29704.524251
35500   234182   10565   29713.934108
31764   234182   10565   29722.363774
29264   234182   10565   29727.216852
32053   234182   10565   29724.514475
33482   234182   10565   29732.727275
31225   234182   10565   29741.479197
33264   234182   10565   29748.139274
30884   234182   10565   29749.442995
31167   234182   10565   29756.928705
32079   234182   10565   29764.838756
34013   234182   10565   29769.998140
35081   234182   10565   29764.439261
31844   234182   10565   29770.518510
32455   234182   10565   29777.351666
37165   234182   10565   29784.634303
34019   234182   10565   29783.639784
29844   234182   10565   29790.030329
21392   234182   10565   29796.014536
22324   234182   10565   29802.194202
33681   234182   10565   29795.713839
32767   234182   10565   29803.321260
30456   234182   10565   29809.793499
35674   234182   10565   29816.152646
24901   234182   10565   29813.783891
31547   234182   10565   29819.529974
31608   234182   10565   29824.745709
34011   234182   10565   29831.002464
34076   234182   10565   29824.505159
33931   234182   10565   29830.595644
33956   234182   10565   29837.475072
32350   234182   10565   29844.225918
21610   234182   10565   29843.085401
30082   234182   10565   29848.875777
20549   234182   10565   29855.121020
23311   234182   10565   29861.753464
16948   234182   10565   29859.099536
30438   234182   10565   29862.370893
31831   234182   10565   29867.654190
30615   234182   10565   29872.555447
20623   234182   10565   29870.206727
29809   234182   10565   29868.309335
34571   234182   10565   29873.180465
34971   234182   10565   29878.820700
30084   234182   10565   29879.140537
30778   234182   10565   29878.587063
34267   234182   10565   29882.803670
29045   234182   10565   29887.405788
31938   234182   10565   29888.918255
32652   234182   10565   29890.906154
28647   234182   10565   29895.229185
30658   234182   10565   29900.121695
15136   234182   10565   29901.365840
30740   234182   10565   29898.934875
32909   234182   10565   29902.748746
29301   234182   10565   29907.552398
30161   234182   10565   29911.870478
21062   234182   10565   29910.775636
32506   234182   10565   29914.880959
31500   234182   10565   29919.878779
33009   234182   10565   29922.714778
35263   234182   10565   29918.769224
30276   234182   10565   29922.562563
32403   234182   10565   29926.808722
31536   234182   10565   29930.460733
32978   234182   10565   29928.039041
30637   234182   10565   29931.901092
29823   234182   10565   29936.895244
33640   234182   10565   29941.405883
30702   234182   10565   29935.631211
33821   234182   10565   29938.810247
31238   234182   10565   29942.692501
30824   234182   10565   29946.323419
32499   234182   10565   29944.507614
30317   234182   10565   29948.250018
30375   234182   10565   29953.017169
32778   234182   10565   29956.906677
28923   234182   10565   29950.991975
32952   234182   10565   29954.554902
30730   234182   10565   29958.235805
21875   234182   10565   29962.263325
30481   234182   10565   29960.575928
29845   234182   10565   29965.494659
29380   234182   10565   29969.838139
29815   234182   10565   29974.759355
25733   234182   10565   29973.221749
33071   234182   10565   29974.037008
34682   234182   10565   29978.065909
33617   234182   10565   29983.805770
23855   234182   10565   29982.216872
29961   234182   10565   29986.316569
34200   234182   10565   29990.396653
30332   234182   10565   29994.719860
32012   234182   10565   29993.829427
28904   234182   10565   29992.717682
31208   234182   10565   29996.758306
28825   234182   10565   30001.225074
14385   234182   10565   30002.727730
31902   234182   10565   30003.919087
29039   234182   10565   30008.115636
31419   234182   10565   30012.318296
32247   234182   10565   30013.030929
19774   234182   10565   30010.861554
46508   234182   10565   30014.920370
19368   234182   10565   30019.051717
33847   234182   10565   30022.473222
33827   234182   10565   30021.740786
29632   234182   10565   30025.183872
30745   234182   10565   30028.471943
30421   234182   10565   30030.848892
28554   234182   10565   30025.939385
36841   234182   10565   30029.671632
35869   234182   10565   30033.667041
32917   234182   10565   30038.295774
35036   234182   10565   30041.137722
35408   234182   10565   30055.001129
34567   234182   10565   30069.916024
20221   234182   10565   30083.188537
21740   234182   10565   30087.062645
23560   234182   10565   30099.955722
30720   234182   10565   30112.838166
21494   234182   10565   30125.113909
21679   234846   10565   30132.049895
23221   234846   10565   30143.310655
20443   234846   10565   30154.756694
21226   234846   10565   30166.072337
19977   234846   10565   30168.012451
22151   234846   10565   30178.022424
19550   234846   10565   30188.172696
20622   234846   10565   30197.946164
22988   234846   10565   30202.166918
27716   234846   10565   30211.302874
21806   234846   10565   30219.858301
21011   234846   10565   30227.615576
22495   234846   10565   30227.199252
21135   234846   10565   30235.413549
22460   234846   10565   30243.653369
23839   234846   10565   30251.271991
20549   234846   10565   30253.890454
22370   234846   10565   30261.925490
18271   234846   10565   30269.347951
21058   236831   10565   30276.893589
19852   236831   10565   30276.277898
20931   236831   10565   30282.185887
23466   236831   10565   30288.999792
24572   236831   10565   30295.150824
20698   236831   10565   30300.084116
22107   236831   10565   30301.805217
20099   236831   10565   30307.561073
20548   236831   10565   30308.821873
32945   236831   10565   30310.706009
31532   236831   10565   30311.819419
21606   236831   10565   30316.557712
32627   236831   10565   30321.824050
22492   236831   10565   30324.831762
23550   236831   10565   30327.352912
20476   236831   10565   30332.669619
18720   236831   10565   30338.017961
36657   236831   10565   30340.994693
23356   236831   10565   30339.952743
22270   236831   10565   30344.359436
20385   236831   10565   30348.899424
18958   236831   10565   30352.560757
18706   236831   10565   30352.737904
22089   236831   10565   30356.767092
20277   236831   10565   30360.566929
22163   236831   10565   30363.708397
22840   236831   10565   30360.409575
23226   236831   10565   30363.963516
20461   236831   10565   30367.861243
20626   236831   10565   30372.305459
30632   236831   10565   30372.027909
30579   236831   10565   30375.741403
31810   236831   10565   30379.437431
31561   236831   10565   30382.688901
29373   236831   10565   30378.458543
31199   236831   10565   30382.221530
31672   236831   10565   30385.401315
33780   236831   10565   30388.501168
31581   236831   10565   30387.367935
33598   236831   10565   30391.142464
32865   236831   10565   30394.347899
35008   236831   10565   30397.970263
20660   236831   10565   30394.085827
33090   236831   10565   30397.457558
31563   236831   10565   30401.302760
33061   236831   10565   30404.640780
30485   236831   10565   30403.602944
34133   236831   10565   30406.749511
32583   236831   10565   30409.220763
32566   243162   10565   30412.873534
22998   243162   10565   30409.948656
30937   243162   10565   30411.638028
20562   243162   10565   30414.327776
32763   243162   10565   30417.323311
23038   243162   10565   30416.140365
34678   243162   10565   30418.995510
32931   243162   10565   30421.267681
30712   243162   10565   30424.377164
33272   243162   10565   30423.727077
32409   243162   10565   30422.868939
37199   243162   10565   30425.286819
30514   243162   10565   30428.258514
20460   243162   10565   30428.998399
33620   243162   10565   30429.602160
20792   243162   10565   30431.871322
19880   243162   10565   30435.123943
36310   243162   10565   30436.370667
34036   243162   10565   30433.531775
30119   243162   10565   30436.038640
29407   243162   10565   30439.014535
30760   243162   10565   30441.527871
29564   243162   10565   30440.981141
32899   243162   10565   30443.098021
34093   243162   10565   30446.102729
22718   243162   10565   30448.144122
33288   243162   10565   30444.974277
32261   243162   10565   30446.982516
32126   243162   10565   30449.748755
30070   243162   10565   30452.356226
32887   243162   10565   30450.796041
29810   243162   10565   30453.692336
31733   243162   10565   30456.474963
35861   243162   10565   30459.071971
30754   243162   10565   30456.084204
30748   243162   10565   30458.909160
34045   243162   10565   30461.319493
22331   243162   10565   30462.662970
56775   243162   10565   30459.478561
19432   243162   10565   30461.802794
31893   243162   10565   30464.399061
33798   243162   10565   30466.657471
34669   243162   10565   30464.320680
31439   243162   10565   30464.941602
33342   243162   10565   30466.669867
29934   243162   10565   30468.785696
34624   243162   10565   30466.709683
33401   243162   10565   30468.739550
31710   243162   10565   30470.650412
30061   243162   10565   30473.050858
17613   243162   10565   30470.347075
29941   243162   10565   30470.626167
26001   243162   10565   30472.787661
22315   243162   10565   30474.679679
25272   243162   10565   30473.723664
26228   243162   10565   30475.203714
35193   243162   10565   30477.058852
31597   243162   10565   30478.967309
32203   243162   10565   30478.361870
32913   243162   10565   30476.623420
32180   243162   10565   30478.147766
33880   243162   10565   30479.389359
20560   243162   10565   30479.642489
29773   243162   10565   30478.709393
31662   243162   10565   30480.463397
30566   243162   10565   30482.714857
29561   243162   10565   30483.343731
16963   243162   10565   30478.027234
21470   243162   10565   30479.556938
32712   243162   10565   30481.633288
35376   243162   10565   30483.329497
29638   243162   10565   30481.831317
30124   243162   10565   30483.097774
30610   243162   10565   30485.023104
22158   243162   10565   30486.152077
30875   243162   10565   30479.932965
30201   243162   10565   30479.766423
33391   243162   10565   30480.336622
32994   243162   10565   30482.358514
25870   243162   10565   30480.503573
30915   243162   10565   30482.800858
37552   243162   10565   30484.822558
35180   243162   10565   30487.025606
36503   243162   10565   30482.948961
30015   243162   10565   30484.700612
30770   243162   10565   30486.010936
34862   243162   10565   30487.654038
29243   243162   10565   30485.247583
33312   243162   10565   30486.328769
35168   243162   10565   30487.645866
20861   243162   10565   30489.358866
20879   243162   10565   30484.770597
30963   243162   10565   30486.674147
34563   243162   10565   30487.688291
29804   243162   10565   30489.109095
30918   243162   10565   30486.871322
35464   243162   10565   30488.446898
32551   243162   10565   30490.108462
29783   243162   10565   30491.611446
41158   243162   10565   30489.588512
30571   243162   10565   30488.593503
33923   243162   10565   30489.852658
31596   243162   10565   30491.313535
20519   243162   10565   30489.763451
24232   243162   10565   30490.838864
31297   243162   10565   30492.314742
31387   243162   10565   30494.205273
30571   243162   10565   30493.079745
30517   243162   10565   30491.937474
31006   243162   10565   30493.526998
36083   243162   10565   30495.292493
32750   243162   10565   30495.912118
32218   243162   10565   30495.667074
30343   243162   10565   30497.612675
33776   243162   10565   30499.527378
19757   243162   10565   30500.223096
24939   243162   10565   30497.714969
33221   243162   10565   30498.041793
30879   243162   10565   30498.202276
33550   243162   10565   30498.025686
33665   243162   10565   30495.475112
29835   243162   10565   30495.612236
31808   243162   10565   30495.680801
31515   243162   10565   30495.318193
30615   243162   10565   30490.789819
29465   243162   10565   30491.074356
30532   243162   10565   30491.626657
26807   243162   10565   30491.837470
19756   243162   10565   30488.862085
24456   243162   10565   30488.996973
33284   243162   10565   30488.888371
19937   243162   10565   30488.995808
22984   243162   10565   30484.111935
30336   243162   10565   30485.175610
33733   255464   10565   30486.027372
31849   255464   10565   30486.715436
32622   255464   10565   30484.504683
31858   255464   10565   30485.268139
31893   255464   10565   30485.558194
36705   255464   10565   30485.847883
32890   255464   10565   30481.302773
34765   255464   10565   30481.897161
19019   255464   10565   30482.688749
21474   255464   10565   30483.766427
20559   255464   10565   30482.002512
29391   255464   10565   30483.349299
32870   255464   10565   30484.114306
31304   255464   10565   30484.996269
19734   255464   10565   30481.777288
34102   255464   10565   30481.492084
32838   255464   10565   30481.650266
29602   255464   10565   30482.842212
19064   255464   10565   30481.291155
27234   255464   10565   30481.171319
29863   255464   10565   30482.001378
34067   255464   10565   30482.374387
20574   255464   10565   30480.857171
28538   255464   10565   30479.198388
37017   255464   10565   30480.025364
33389   255464   10565   30480.909705
25500   255464   10565   30481.361804
31049   255464   10565   30480.391328
29400   255464   10565   30481.405883
33027   255464   10565   30482.577087
20015   255464   10565   30481.874773
31550   255464   10565   30479.501517
22991   255464   10565   30479.839371
20424   255464   10565   30480.346866
30166   255464   10565   30480.778501
30515   255464   10565   30479.202502
34551   255464   10565   30479.915110
30481   255464   10565   30480.849238
24490   255464   10565   30481.191741
29897   255464   10565   30477.779510
37650   255464   10565   30476.071301
30308   255464   10565   30477.117396
35359   255464   10565   30478.437671
20567   255464   10565   30476.727468
22440   255464   10565   30478.375238
31804   255464   10565   30479.339895
36859   255464   10565   30480.190050
32901   255464   10565   30476.781334
35062   255464   10565   30478.185455
29495   255464   10565   30479.535959
29772   255464   10565   30480.737656
29571   255464   10565   30479.373502
37209   255464   10565   30480.880394
30007   255464   10565   30481.888786
31262   255464   10565   30483.407252
54362   255464   10565   30479.830297
32070   255464   10565   30481.263658
34583   255464   10565   30482.351458
31446   255464   10565   30483.738018
32186   255464   10565   30482.365375
32986   255464   10565   30483.970083
31019   255464   10565   30485.358324
30983   255464   10565   30486.798289
24776   255464   10565   30484.426056
34021   255464   10565   30484.579332
30330   255464   10565   30485.828056
34218   255464   10565   30487.047188
18991   255464   10565   30485.861713
31325   255464   10565   30486.624092
34419   255464   10565   30487.495848
31141   255464   10565   30488.517792
33129   255464   10565   30487.634067
32333   255464   10565   30486.852828
34488   255464   10565   30488.108473
33436   255464   10565   30489.115300
16020   255464   10565   30489.539870
30786   255464   10565   30488.657472
30052   255464   10565   30489.815330
32738   255464   10565   30491.184728
19152   255464   10565   30491.697318
32031   255464   10565   30489.573289
31762   255464   10565   30491.032501
38250   255464   10565   30492.340529
30085   255464   10565   30493.418590
35898   255464   10565   30492.291808
31309   255464   10565   30494.051910
31637   255464   10565   30495.197617
33529   255464   10565   30496.442943
32675   255464   10565   30492.979994
31929   255464   10565   30493.784285
18000   255464   10565   30494.308339
33466   255464   10565   30496.123769
34868   255464   10565   30494.444745
36176   255464   10565   30495.730290
30029   255464   10565   30496.735438
33026   255464   10565   30497.792901
33663   255464   10565   30494.619589
29104   255464   10565   30495.874826
32196   255464   10565   30496.815390
29976   255464   10565   30497.663411
34404   255464   10565   30495.898492
33552   255464   10565   30496.813853
19479   255464   10565   30497.407058
29497   255464   10565   30498.545949
23008   255464   10565   30495.728460
34236   255464   10565   30496.606229
32240   255464   10565   30497.510195
31976   255464   10565   30498.622440
29306   255464   10565   30496.987235
30176   255464   10565   30497.903854
33017   255464   10565   30499.120526
52068   255464   10565   30500.060130
16016   255464   10565   30498.582278
19361   255464   10565   30497.530607
30772   255464   10565   30498.873739
30181   255464   10565   30499.571954
22304   255464   10565   30498.606485
28755   255464   10565   30498.568858
34858   255464   10565   30499.148044
28970   255464   10565   30500.057561
34430   255464   10565   30498.925366
31195   255464   10565   30497.342701
33021   255464   10565   30497.989178
33250   255464   10565   30499.111323
34297   255464   10565   30499.589735
22323   255464   10565   30498.533893
32019   255464   10565   30499.580826
32069   255464   10565   30500.345368
35316   255464   10565   30500.495464
32124   255464   10565   30498.291875
30549   255464   10565   30499.338055
31179   255464   10565   30500.156860
33045   255464   10565   30500.862832
30964   255464   10565   30499.843767
32682   255464   10565   30500.737616
31637   255464   10565   30501.575902
19860   255464   10565   30502.297833
29141   255464   10565   30498.946961
29994   255464   10565   30499.994716
32564   255464   10565   30501.053882
34273   255464   10565   30501.905664
32296   255464   10565   30500.740625
33057   255464   10565   30501.657424
32722   255464   10565   30502.152084
38484   255464   10565   30503.141564
33824   255464   10565   30499.839020
29596   255464   10565   30500.542153
33319   255464   10565   30501.248118
41507   255464   10565   30499.223673
31605   255464   10565   30497.763203
30621   255464   10565   30498.363203
31769   255464   10565   30498.963402
33987   255464   10565   30500.099702
36636   255464   10565   30496.797675
30553   255464   10565   30497.414538
31587   255464   10565   30498.047744
35005   255464   10565   30498.701222
35931   255464   10565   30496.890504
54929   255464   10565   30497.519843
19663   255464   10565   30497.930487
35480   255464   10565   30498.752731
33211   255464   10565   30496.950247
31790   255464   10565   30495.850190
31933   255464   10565   30496.350997
29148   255464   10565   30496.833459
34461   255464   10565   30495.913888
31463   255464   10565   30495.378086
32873   255464   10565   30495.845121
32401   255464   10565   30496.501795
27542   255464   10565   30495.135487
19860   255464   10565   30493.446905
23103   255464   10565   30494.007571
31122   255464   10565   30494.961799
33747   255464   10565   30495.218356
30978   255464   10565   30493.964634
32150   255464   10565   30494.625728
35952   255464   10565   30495.364190
27033   255464   10565   30494.974769
35225   255464   10565   30492.675561
29912   255464   10565   30493.218991
29188   255464   10565   30493.789102
15090   255464   10565   30494.620200
21127   255464   10565   30492.739290
31748   255464   10565   30493.443775
29022   255464   10565   30493.947833
31883   255464   10565   30494.534878
29086   255464   10565   30491.226757
32558   255464   10565   30491.726498
35869   255464   10565   30492.093894
31436   255464   10565   30492.751951
34995   255464   10565   30490.992751
32732   255464   10565   30491.469386
23514   255464   10565   30492.043895
19381   255464   10565   30492.714520
22713   255464   10565   30489.543756
32093   255464   10565   30490.400489
29332   255464   10565   30491.032572
31913   255464   10565   30491.770924
31530   255464   10565   30490.247394
30968   255464   10565   30491.301770
33692   255464   10565   30492.032680
32717   255464   10565   30492.884844
15233   255464   10565   30490.343430
29084   255464   10565   30490.614298
32284   255464   10565   30491.370738
29537   255464   10565   30492.347704
33338   255464   10565   30490.835760
32396   255464   10565   30491.484178
31425   255464   10565   30490.522962
32416   255464   10565   30489.690570
22490   255464   10565   30486.610016
29746   255464   10565   30484.365665
34721   255464   10565   30483.748564
28076   255464   10565   30483.437566
20287   255464   10565   30481.358845
31564   255464   10565   30480.577498
31299   255464   10565   30479.962688
28880   255464   10565   30479.677436
34484   255464   10565   30478.247128
20937   255464   10565   30476.142684
30403   255464   10565   30476.009843
30019   255464   10565   30475.971893
32341   255464   10565   30475.775147
34405   255464   10565   30473.941441
34026   255464   10565   30474.147861
32851   255464   10565   30474.499192
31936   255464   10565   30474.112775
34018   255464   10565   30471.843413
19723   255464   10565   30472.155872
22179   255464   10565   30472.486865
21203   255464   10565   30472.990321
17615   255464   10565   30468.453616
33611   255464   10565   30469.035599
30567   255464   10565   30469.939005
34910   255464   10565   30470.724126
29445   255464   10565   30467.957430
31209   255464   10565   30468.460243
28120   255464   10565   30468.607901
31637   255464   10565   30469.746622
32544   255464   10565   30468.166074
31574   255464   10453   30468.751895
22701   255464   10453   30468.222626
23292   255464   10453   30467.245777
29449   255464   10453   30464.243610
20980   255464   10453   30464.517943
30712   255464   10453   30465.003760
32419   255464   10453   30465.468012
33307   255464   10453   30463.867570
30457   255464   10453   30464.759509
29847   255464   10453   30465.192203
36481   255464   10453   30465.970097
16913   255464   10453   30463.426130
33146   255464   10453   30464.046176
32433   255464   10453   30464.687766
33186   255464   10453   30465.596261
45124   255464   10453   30464.286778
24684   255464   10453   30462.423928
33955   255464   10453   30463.099814
29391   255464   10453   30463.594201
29682   255464   10453   30462.758012
31996   255464   10453   30461.450171
32371   255464   10453   30461.907432
31713   255464   10453   30462.390378
20247   255464   10453   30461.660670
20293   255464   10453   30461.619520
34173   255464   10453   30462.376603
30141   255464   10453   30463.051299
23495   255464   10453   30462.237490
20078   255464   10453   30461.088586
27109   255464   10453   30461.941963
36107   255464   10453   30462.460859
31596   255464   10453   30462.747397
32137   255464   10453   30461.564635
14787   255464   10453   30462.195589
31706   255464   10453   30462.808722
32383   255464   10453   30462.730721
34321   255464   10453   30460.825920
33391   255464   10453   30461.725395
35326   255464   10453   30462.525840
19414   255464   10453   30463.036162
24864   255464   10453   30461.771870
31696   255464   10453   30462.483947
26420   255464   10453   30463.214501
29505   255464   10453   30464.252554
31843   255464   10453   30461.489537
31451   255464   10453   30462.200321
29158   255464   10453   30462.798907
29917   255464   10453   30463.423948
31464   255464   10453   30462.024027
31081   255464   10453   30462.586997
33660   255464   10453   30463.312349
30962   255464   10453   30464.157038
18977   255464   10453   30461.466438
21178   255464   10453   30461.896649
30447   255464   10453   30462.110433
34026   255464   10453   30462.705808
33193   255464   10453   30461.353887
29975   255464   10453   30462.027675
32534   255464   10453   30462.691609
31573   255464   10453   30463.521213
35041   255464   10453   30460.937230
30765   255464   10453   30461.622804
33139   255464   10453   30462.579110
30052   255464   10453   30463.626976
25130   255464   10453   30462.467785
22007   255464   10453   30464.394434
21337   255464   10453   30466.023473
21520   255464   10453   30467.626101
20816   255464   10453   30467.264616
33515   255464   10453   30467.559718
25171   255464   10453   30469.081365
31995   255464   10453   30470.622799
18435   255464   10453   30470.500326
34366   255464   10453   30471.179215
33532   255464   10453   30472.405831
29582   255464   10453   30473.604705
34381   255464   10453   30473.338299
31820   255464   10453   30472.718886
32800   255464   10453   30473.871017
33419   255464   10453   30474.875301
30063   255464   10453   30475.633174
51407   255464   10453   30474.769332
20390   255464   10453   30475.657700
32259   255464   10453   30476.829377
29514   255464   10453   30477.048613
32521   255464   10453   30475.546077
34337   255464   10453   30476.320807
34385   255464   10453   30477.113458
23602   255464   10453   30477.835028
21436   255464   10453   30476.549256
24869   255464   10453   30477.262389
33013   255464   10453   30478.402158
23881   255464   10453   30479.104156
20462   255464   10453   30476.919822
32799   255464   10453   30477.789750
33854   255464   10453   30478.785245
32581   255464   10453   30479.827878
29226   255464   10453   30478.510302
39889   255464   10453   30478.992648
29730   255464   10453   30479.821837
36386   255464   10453   30480.785085
32749   255464   10453   30478.714986
34140   255464   10453   30479.493270
24737   255464   10453   30480.284763
31617   255464   10453   30481.022297
33627   255464   10453   30479.892717
33852   255464   10453   30480.576405
32018   255464   10453   30481.222949
29182   255464   10453   30481.833692
32706   255464   10453   30480.185440
31516   255464   10453   30480.184304
29741   255464   10453   30480.909373
36540   255464   10453   30481.900619
32001   255464   10453   30480.730002
20321   255464   10453   30481.525067
23542   255464   10453   30482.296779
17099   255464   10453   30482.831271
21388   255464   10453   30481.810643
21723   255464   10453   30481.758492
30593   255464   10453   30482.581041
35438   255464   10453   30483.468614
23090   255464   10453   30482.684856
32344   255464   10453   30483.275379
33749   255464   10453   30483.957686
30719   255464   10453   30482.555024
35202   255464   10453   30481.605669
33054   255464   10453   30480.864515
30975   255464   10453   30481.674704
33732   255464   10453   30482.529246
18885   255464   10453   30482.580910
30900   255464   10453   30482.191105
30219   255464   10453   30482.903853
35373   255464   10453   30483.369487
32172   255464   10453   30483.467124
34127   255464   10453   30481.903986
33508   255464   10453   30482.531618
32629   255464   10453   30483.448363
31485   255464   10453   30483.930887
35056   255464   10453   30483.070698
30779   255464   10453   30483.903973
30121   255464   10453   30484.811080
22181   255464   10453   30485.435965
32116   255464   10453   30483.320780
33004   255464   10453   30483.880239
30355   255464   10453   30484.429077
31893   255464   10453   30485.097844
31324   255464   10453   30484.015246
30272   255464   10453   30484.360690
32580   255464   10453   30485.035989
29860   255464   10453   30485.555822
33488   255464   10453   30483.262325
31821   255464   10453   30483.899800
33195   255464   10453   30484.597124
19639   255464   10453   30485.175420
34677   255464   10453   30483.949232
28199   255464   10453   30484.580418
31948   255464   10453   30485.364323
33409   255464   10453   30485.772138
33728   255464   10453   30483.769195
32232   255464   10453   30484.312168
29654   255464   10453   30484.848795
29122   255464   10453   30485.420833
29295   255464   10453   30483.344306
30932   255464   10453   30482.931684
31038   255464   10453   30482.528860
30813   255464   10453   30482.160247
34120   255464   10453   30479.740082
32480   255464   10453   30477.777109
29579   255464   10453   30477.793028
35228   255464   10453   30477.525016
15795   255464   10453   30475.829424
29541   255464   10453   30475.396381
29488   255464   10453   30475.282840
29484   255464   10453   30475.188026
30771   255464   10453   30473.977171
20595   255464   10453   30472.567222
19827   255464   10453   30472.638099
21786   255464   10453   30472.574446
34888   255464   10453   30472.646291
28278   255464   10453   30471.279978
28601   255464   10453   30471.983114
31631   255464   10453   30472.279840
37222   255464   10453   30471.946835
32570   255464   10453   30470.068232
29789   255464   10453   30470.319620
36972   255464   10453   30470.707067
29119   255464   10453   30471.037791
33571   255464   10453   30469.465746
30251   255464   10453   30469.680342
19407   255464   10453   30470.135381
32993   255464   10453   30470.557200
33378   255464   10453   30467.925703
30602   255464   10453   30468.180790
30194   255464   10453   30468.621954
33297   255464   10453   30468.951623
28606   255464   10453   30467.343730
32205   255464   10453   30467.448284
31609   255464   10453   30467.753491
29777   255464   10453   30468.261740
28056   255464   10453   30465.969198
32270   255464   10453   30466.479337
21088   255464   10453   30467.078562
29486   255464   10453   30467.470246
30522   255464   10453   30466.281875
32006   255464   10453   30466.687144
31538   255464   10453   30467.258964
30175   255464   10453   30467.758176
32912   255464   10453   30465.252343
34852   255464   10453   30465.398901
36226   255464   10453   30465.671269
33427   255464   10453   30465.908759
20427   255464   10453   30464.524746
46876   255464   10453   30464.981359
30485   255464   10453   30465.360921
31054   255464   10453   30465.585462
19137   255464   10453   30464.076753
29045   255464   10453   30463.746663
33021   255464   10453   30464.230140
34007   255464   10453   30464.732896
33354   255464   10453   30464.024457
31434   255464   10453   30464.227938
24526   255464   10453   30464.579664
32749   255464   10453   30464.992040
33520   255464   10453   30464.140481
19158   255464   10453   30463.060148
32922   255464   10453   30463.461658
30014   255464   10453   30463.680992
34872   255464   10453   30463.855682
33717   255464   10453   30462.872183
30687   255464   10453   30463.225069
30348   255464   10453   30463.762126
20964   255464   10453   30463.394462
32444   255464   10453   30460.463800
20565   255464   10453   30460.879989
24130   255464   10453   30461.087013
28144   255464   10453   30461.382938
20392   255464   10453   30460.004987
20721   255464   10453   30460.191338
23215   255464   10453   30460.756396
29470   255464   10453   30461.129023
30002   255464   10453   30458.727537
30254   255464   10453   30459.091280
34676   255464   10453   30459.366228
30314   255464   10453   30459.568620
31147   255464   10453   30458.199994
33405   255464   10453   30458.544159
30074   255464   10453   30458.941299
33739   255464   10453   30459.347011
35604   255464   10453   30457.013501
25484   255464   10453   30457.409310
36688   255464   10453   30457.775957
31076   255464   10453   30457.962928
31558   255464   10453   30456.793053
31853   255464   10453   30456.840321
31477   255464   10453   30457.129361
31350   255464   10453   30457.371874
19098   255464   10453   30455.065611
29554   255464   10453   30455.461983
32049   255464   10453   30456.687354
34342   255464   10453   30457.844637
35116   255464   10453   30457.304684
36495   255464   10453   30458.453425
32670   255464   10453   30459.491751
32797   255464   10453   30460.449878
17179   255464   10453   30459.495122
19003   255464   10453   30459.590447
29387   255464   10453   30460.575595
31607   255464   10453   30461.354430
18806   255464   10453   30461.005818
30063   255464   10453   30461.262520
29015   255464   10453   30461.953513
36654   255464   10453   30462.828050
22717   255464   10453   30462.264272
30321   255464   10453   30461.618432
32036   255464   10453   30462.314451
35553   255464   10453   30462.998618
22293   255464   10453   30463.444029
27757   255464   10453   30462.957534
31433   255464   10453   30463.598145
32670   255464   10453   30464.275631
15637   255464   10453   30464.561944
33871   255464   10453   30463.019986
30202   255464   10453   30463.612989
32756   255464   10453   30464.356510
36592   255464   10453   30464.973875
30238   255464   10453   30463.868838
29969   255464   10453   30464.439803
20934   255464   10453   30464.901701
20113   255464   10453   30465.540364
30669   255464   10453   30463.655664
31426   255464   10453   30464.208931
32696   255464   10453   30464.527002
32576   255464   10453   30465.110169
34374   255464   10453   30464.029807
33549   255464   10453   30464.437169
35796   255464   10453   30465.025225
28029   255464   10453   30465.522388
23954   255464   10453   30463.486835
22251   255464   10453   30463.829443
30557   255464   10453   30464.339589
27886   255464   10453   30464.293247
30877   255464   10453   30462.396610
33824   255464   10453   30462.977650
30053   255464   10453   30463.361065
29198   255464   10453   30463.675943
17806   255464   10453   30461.853298
32379   255464   10453   30462.089268
35549   255464   10453   30462.588874
31494   255464   10453   30462.991290
29056   255464   10453   30461.943436
33968   255464   10453   30462.161049
20834   255464   10453   30462.672429
19817   255464   10453   30463.141253
29652   255464   10453   30462.449333
22023   255464   10453   30461.646477
30653   255464   10453   30462.066809
30446   255464   10453   30462.373359
36250   255464   10453   30462.047677
33153   255464   10453   30461.630120
32710   255464   10453   30461.937788
30771   255464   10453   30462.297884
19976   255464   10453   30461.912702
31682   255464   10453   30460.721744
34625   255464   10453   30461.342174
20259   255464   10453   30461.993385
25222   255464   10453   30462.314998
30608   255464   10453   30461.607935
29905   255464   10453   30462.048840
31503   255464   10453   30462.631319
35903   255464   10453   30462.710406
33451   255464   10453   30461.149211
32823   255464   10453   30461.905367
34086   255464   10453   30462.441882
32777   255464   10453   30463.202330
20991   255464   10453   30462.214789
21475   255464   10453   30462.530611
32389   255464   10453   30463.153352
29121   255464   10453   30463.585164
34702   255464   10453   30461.933446
35381   255464   10453   30460.547091
28440   255464   10453   30460.956855
33663   255464   10453   30461.542284
33119   255464   10453   30460.515163
33693   255464   10453   30461.005476
34382   255464   10453   30461.575177
30676   255464   10453   30462.075239
31691   255464   10453   30460.199012
37581   255464   10453   30460.650412
34394   255464   10453   30461.336808
33015   255464   10453   30462.004834
32613   255464   10453   30461.033465
30431   255464   10453   30461.533048
31650   255464   10453   30462.052416
31061   255464   10453   30462.613514
19201   255464   10453   30460.748826
31862   255464   10453   30461.010608
34583   255464   10453   30461.552626
33762   255464   10453   30461.965279
16950   255464   10453   30461.201936
23417   255464   10453   30461.561840
23042   255464   10453   30462.269229
19389   255464   10453   30462.758324
22936   255464   10453   30462.225341
20158   255464   10453   30461.550971
21399   255464   10453   30462.226777
28934   255464   10453   30462.856393
30791   255464   10453   30463.243613
30494   255464   10453   30462.600306
36547   255464   10453   30463.078827
33707   255464   10453   30463.606959
22077   255464   10453   30463.300472
33820   255464   10453   30462.593416
32188   255464   10453   30463.449416
32210   255464   10453   30464.019799
28233   255464   10453   30464.488515
30865   255464   10453   30463.745655
16396   255464   10453   30464.478837
34098   255464   10453   30465.126553
32587   255464   10453   30465.174412
34583   255464   10453   30463.812473
29644   255464   10453   30464.425876
30320   255464   10453   30464.917181
30523   255464   10453   30465.587609
31615   255464   10453   30464.677904
34293   255464   10453   30465.304452
34462   255464   10453   30465.935940
32274   255464   10453   30466.555015
20104   255464   10453   30464.846609
35635   255464   10453   30465.422829
35629   255464   10453   30465.804379
32107   255464   10453   30466.447739
30006   255464   10453   30465.626745
34169   255464   10453   30466.446943
31901   255464   10453   30467.001789
29300   255464   10453   30467.468919
29915   255464   10453   30465.669060
32038   255464   10453   30466.188755
58217   255464   10453   30466.838692
25833   255464   10453   30467.489904
29928   255464   10453   30466.701405
33225   255464   10453   30467.315554
32668   255464   10453   30467.862741
31144   255464   10453   30468.313446
21003   255464   10453   30466.733145
31169   255464   10453   30467.123362
32027   255464   10453   30467.604456
33517   255464   10453   30468.122501
32494   255464   10453   30467.169877
33100   255464   10453   30467.671301
35132   255464   10453   30468.387476
32575   255464   10453   30468.788516
23553   255464   10453   30468.056294
30026   255464   10453   30467.723945
29707   255464   10453   30468.219330
31317   255464   10453   30468.743032
15647   255464   10453   30468.515127
31621   255464   10453   30468.344524
31111   255464   10453   30469.015006
32569   255464   10453   30469.426731
17435   255464   10453   30469.174107
29324   255464   10453   30468.079157
30642   255464   10453   30468.578770
19818   255464   10453   30469.041304
29911   255464   10453   30469.358774
30463   255464   10453   30468.517306
33945   255464   10453   30469.024564
27217   255464   10453   30469.404242
31080   255464   10453   30469.561289
32050   255464   10453   30467.997588
33609   255464   10453   30468.615346
30409   255464   10453   30469.010594
31080   255464   10453   30469.484063
35298   255464   10453   30468.582967
19539   255464   10453   30469.161178
20279   255464   10453   30469.872019
27133   255464   10453   30470.416338
30988   255464   10453   30468.611929
34757   255464   10453   30469.104869
34273   255464   10453   30469.658852
32101   255464   10453   30470.162152
30675   255464   10453   30469.309190
32201   255464   10453   30469.884338
35183   255464   10453   30470.365727
35732   255464   10453   30470.986369
29773   255464   10453   30469.141651
21481   255464   10453   30469.736077
18862   255464   10453   30470.149097
29971   255464   10453   30468.989079
31469   255464   10453   30468.265514
34250   255464   10453   30468.647212
30122   255464   10453   30468.967822
30181   255464   10453   30469.495048
19515   255464   10453   30467.984508
35370   255464   10453   30468.156287
30263   255464   10453   30468.586458
34274   255464   10453   30468.999274
20262   255464   10453   30468.018493
18368   255464   10453   30468.600586
27150   255464   10453   30468.788785
34022   255464   10453   30469.380778
24063   255464   10453   30468.824766
29592   255464   10453   30467.839087
31852   255464   10453   30468.188335
30523   255464   10453   30468.547803
33243   255464   10453   30468.407366
29334   255464   10453   30468.068800
34713   255464   10453   30468.362251
31466   255464   10453   30468.703054
32655   255464   10453   30468.321334
33256   255464   10453   30467.430206
19643   255464   10453   30467.726466
31591   255464   10453   30468.351853
32784   255464   10453   30468.678007
31551   255464   10453   30467.936735
35650   255464   10453   30468.483774
30788   255464   10453   30468.787747
19504   255464   10453   30469.210956
34813   255464   10453   30467.646075
32242   255464   10453   30468.005605
26904   255464   10453   30468.425421
30406   255464   10453   30468.903106
26310   255464   10453   30468.064050
25579   255464   10453   30468.449479
20529   255464   10453   30468.825575
21686   255464   10453   30469.314127
18908   255464   10453   30467.579554
30213   255464   10453   30468.012045
33260   255464   10453   30468.542906
29034   255464   10453   30468.924726
29972   255464   10453   30467.929702
31549   255464   10453   30468.434538
30767   255464   10453   30468.815748
30965   255464   10453   30469.274693
30785   255464   10453   30467.592100
32383   255464   10453   30467.850836
31713   255464   10453   30468.304026
20972   255464   10453   30468.600031
31563   255464   10453   30467.782734
36170   255464   10453   30468.178688
34076   255464   10453   30468.659993
32336   255464   10453   30469.147422
24160   255464   10453   30467.364944
29795   255464   10453   30467.666850
29297   255464   10453   30468.053905
33486   255464   10453   30468.439284
28045   255464   10453   30467.665875
30922   255464   10453   30467.912532
25282   255464   10453   30468.390101
20596   255464   10453   30468.630287
32678   255464   10453   30467.996199
34963   255464   10453   30467.028121
28878   255464   10453   30467.439637
33374   255464   10453   30467.809384
29958   255464   10453   30467.794813
31240   255464   10453   30467.278234
30341   255464   10453   30467.608876
36642   255464   10453   30467.882146
32430   255464   10453   30467.468357
23467   255464   10453   30466.422804
22295   255464   10453   30466.668045
22723   255464   10453   30466.940129
33185   255464   10453   30467.042099
34860   255464   10453   30466.259198
29921   255464   10453   30466.369126
29391   255464   10453   30466.686621
19913   255464   10453   30466.752629
31143   255464   10453   30464.975342
29648   255464   10453   30465.322461
32959   255464   10453   30465.501353
28370   255464   10453   30465.681383
48534   255464   10453   30464.699147
23429   255464   10453   30464.918606
27297   255464   10453   30465.072897
29368   255464   10453   30465.187850
33273   255464   10453   30463.253335
34945   255464   10453   30463.409646
33544   255464   10453   30463.519556
31758   255464   10453   30463.762896
33831   255464   10453   30462.509896
31625   255464   10453   30462.553371
31040   255464   10453   30462.725202
32543   255464   10453   30462.813645
32800   255464   10453   30460.785689
20069   255464   10453   30460.871133
30962   255464   10453   30461.083371
30744   255464   10453   30461.289423
37346   255464   10453   30460.165264
29993   255464   10453   30460.155603
30036   255464   10453   30460.475161
32927   255464   10453   30460.708431
17894   255464   10453   30459.695666
32625   255464   10453   30459.092345
34039   255464   10453   30459.268366
31713   255464   10453   30459.393676
17923   255464   10453   30458.382257
33788   255464   10453   30457.129792
31213   255464   10453   30457.249876
29592   255464   10453   30457.403130
34000   255464   10453   30457.025463
31526   255464   10453   30455.876819
30113   255464   10453   30455.939937
34996   255464   10453   30456.165020
22399   255464   10453   30455.826430
32281   255464   10453   30455.205776
30558   255464   10453   30455.465766
31890   255464   10453   30455.588802
22701   255464   10453   30455.089524
19976   255464   10453   30454.000092
31350   255464   10453   30454.093609
35963   255464   10453   30454.194353
31883   255464   10453   30454.160390
29144   255464   10453   30453.326761
35179   255464   10453   30453.552318
31231   255464   10453   30453.858852
31335   255464   10453   30454.094212
31124   255464   10453   30452.664383
30992   255464   10453   30452.972253
31926   255464   10453   30453.312192
30312   255464   10453   30453.712122
22451   255464   10453   30452.867130
31931   255464   10453   30453.185531
32971   255464   10453   30453.527846
32851   255464   10453   30453.755990
32686   255464   10453   30451.872437
32205   255464   10453   30452.176714
30366   255464   10453   30452.451601
31224   255464   10453   30452.781647
34816   255464   10453   30451.753273
28648   255464   10453   30451.922156
31059   255464   10453   30452.235929
20119   255464   10453   30452.362523
30565   255464   10453   30449.474811
30545   255464   10453   30449.690147
33007   255464   10453   30450.044372
33822   255464   10453   30450.336018
33184   255464   10453   30449.493617
31608   255464   10453   30449.818231
34133   255464   10453   30450.188662
30561   255464   10453   30450.620924
24968   255464   10453   30449.487509
32205   255464   10453   30448.865890
38336   255464   10453   30448.523187
23590   255464   10453   30448.519673
32027   255464   10453   30448.136806
29429   255464   10453   30448.177358
30706   255464   10453   30448.395691
31286   255464   10453   30448.815592
34468   255464   10453   30448.237083
21898   255464   10453   30447.628910
24754   255464   10453   30447.991219
21195   255464   10453   30448.379302
20011   255464   10453   30448.253861
31108   255464   10453   30447.946168
31810   255464   10453   30448.214388
36568   255464   10453   30448.530510
22229   255464   10453   30448.135134
31521   255464   10453   30447.262201
30420   255464   10453   30447.685872
34537   255464   10453   30447.993983
32054   255464   10453   30448.121609
28933   255464   10453   30447.586517
29748   255464   10453   30448.004174
31157   255464   10453   30448.405768
19201   255464   10453   30448.708469
29938   255464   10453   30447.229234
30618   255464   10453   30447.547485
37736   255464   10453   30447.982261
32965   255464   10453   30448.305997
29863   255464   10453   30447.465512
33336   255464   10453   30447.675460
28611   255464   10453   30447.915601
33962   255464   10453   30448.169169
35261   255464   10453   30446.500696
34999   255464   10453   30446.764238
31580   255464   10453   30447.067796
33682   255464   10453   30447.484194
19228   255464   10453   30446.764608
28350   255464   10453   30447.124554
32262   255464   10453   30447.476239
30917   255464   10453   30447.791313
29943   255464   10453   30446.257644
34249   255464   10453   30446.790826
30767   255464   10453   30447.172363
24638   255464   10453   30447.574200
35424   255464   10453   30446.838058
30416   255464   10453   30447.356697
33172   255464   10453   30447.881610
48589   255464   10453   30448.277132
18211   255464   10453   30447.277984
32055   255464   10453   30447.346179
32205   255464   10453   30447.675274
30472   255464   10453   30447.987011
19329   255464   10453   30447.549411
29607   255464   10453   30447.690708
35871   255464   10453   30448.031193
30740   255464   10453   30448.375000
24578   255464   10453   30448.080284
33703   255464   10453   30447.230711
19534   255464   10453   30447.604937
21062   255464   10453   30448.031307
19761   255464   10453   30448.032769
33253   255464   10453   30447.707116
30496   255464   10453   30448.037138
31207   255464   10453   30446.874180
34570   255464   10453   30446.829833
31644   255464   10453   30445.612831
33411   255464   10453   30445.851168
29620   255464   10453   30446.175509
22010   255464   10453   30446.359719
33784   255464   10453   30445.632488
31097   255464   10453   30446.095246
20971   255464   10453   30446.536752
32721   255464   10453   30447.203833
33886   255464   10453   30445.740045
32243   255464   10453   30446.135684
31254   255464   10453   30446.624792
32598   255464   10453   30447.086563
33463   255464   10453   30446.496368
30811   255464   10453   30446.825280
30247   255464   10453   30447.166520
33223   255464   10453   30447.578413
47971   255464   10453   30445.842238
25146   255464   10453   30446.118599
26493   255464   10453   30446.362086
32673   255464   10453   30446.682680
33524   255464   10453   30445.855612
31795   255464   10453   30446.089871
33637   255464   10453   30446.357925
37188   255464   10453   30446.713922
34523   255464   10453   30445.090011
29374   255464   10453   30445.256588
33968   255464   10453   30445.591535
29215   255464   10453   30445.790545
56623   255464   10453   30444.913342
22289   255464   10453   30445.272633
27679   255464   10453   30445.585015
30125   255464   10453   30445.967436
24000   255464   10453   30445.217310
29734   255464   10453   30444.729935
34053   255464   10453   30444.978512
31459   255464   10453   30445.407214
19410   255464   10453   30445.048524
30503   255464   10453   30445.188063
34377   255464   10453   30445.616687
31735   255464   10453   30446.043216
31684   255464   10453   30445.625511
24854   255464   10453   30445.005152
31057   255464   10453   30445.496068
25098   255464   10453   30444.376179
26607   255464   10453   30441.668443
28511   255464   10453   30438.764576
27304   255464   10453   30436.723038
28701   255464   10453   30434.294292
28343   255464   10453   30431.488576
28927   255464   10453   30428.074017
29397   255464   10453   30425.626989
27303   255464   10453   30423.494299
28489   255464   10453   30421.628598
31797   255464   10453   30419.225829
28269   255464   10453   30417.895925
19049   255464   10453   30416.762643
24480   255464   10453   30415.807722
21310   255464   10453   30413.264790
21497   255464   10453   30412.529435
15967   255464   10453   30412.048209
18618   255464   10453   30411.656344
19923   255464   10453   30410.106207
19077   255464   10453   30409.658216
21264   255464   10453   30409.441309
22406   255464   10453   30409.174847
19421   255464   10453   30407.197495
16836   255464   10453   30407.044379
20384   255464   10453   30406.904589
21143   255464   10453   30406.924464
17080   255464   10453   30405.805406
16752   255464   10453   30405.862322
21168   255464   10453   30405.884992
16099   255464   10453   30405.951262
23282   255464   10453   30404.198321
16958   255464   10453   30404.437915
28548   255464   10453   30404.675788
19053   255464   10453   30404.883204
17402   255464   10453   30403.942676
17741   255464   10453   30404.267583
17984   255464   10453   30404.678540
28779   255464   10453   30405.037123
30904   255464   10453   30404.010896
29781   255464   10453   30404.023996
32309   255464   10453   30404.295293
29008   255464   10453   30404.609291
32659   255464   10453   30404.001044
36987   255464   10453   30404.282574
36681   255464   10453   30404.530942
29981   255464   10453   30404.695747
24520   255464   10453   30403.751081
35229   255464   10453   30403.244153
31349   255464   10453   30403.430143
32714   255464   10453   30403.720264
24905   255464   10453   30403.403345
29546   255464   10453   30403.127910
33328   255464   10453   30403.384150
30075   255464   10453   30403.623239
18130   255464   10453   30403.253937
34196   255464   10453   30402.370057
30115   255464   10453   30402.543402
35628   255464   10453   30402.763236
31263   255464   10453   30403.003675
30390   255464   10453   30402.494549
32351   255464   10453   30402.789839
19551   255464   10453   30403.047367
32828   255464   10453   30403.232945
33029   255464   10453   30401.089095
40287   255464   10453   30405.221892
41167   255464   10453   30410.901663
37886   255464   10453   30415.832361
36468   255464   10453   30419.123840
36303   255464   10453   30422.981435
36341   255464   10453   30426.488917
35774   255464   10453   30429.649600
42137   255464   10453   30430.738376
34235   255464   10453   30433.377308
32649   255464   10453   30435.733275
35860   255464   10453   30438.011410
21297   255464   10453   30438.806422
35217   255464   10453   30440.757682
31993   255464   10453   30442.376607
35327   255464   10453   30443.994285
17270   255464   10453   30443.613280
25699   255464   10453   30444.960833
19460   255464   10453   30446.124436
28470   255464   10453   30447.291778
34180   255464   10453   30447.261031
21194   255464   10453   30448.305734
20852   255464   10453   30449.222293
21181   255464   10453   30450.198039
26010   255464   10453   30450.115573
19637   255464   10453   30450.007418
25642   255464   10453   30450.795894
18125   255464   10453   30451.584716
32211   255464   10453   30451.350868
35695   255464   10453   30452.120859
33184   255464   10453   30452.720390
32348   255464   10453   30453.406116
24884   255464   10453   30452.951705
30491   255464   10453   30452.563424
25207   255464   10453   30450.815871
25421   255464   10453   30448.330854
21357   255464   10453   30445.400159
26272   255464   10453   30442.765837
32605   255464   10453   30440.662698
28951   255464   10453   30438.843520
18512   255464   10453   30436.719310
26454   255464   10453   30434.366541
20015   255464   10453   30433.089426
47878   255464   10453   30431.879165
17692   255464   10453   30430.752318
33746   255464   10453   30429.051945
28263   255464   10453   30428.239250
30039   255464   10453   30427.616553
33478   255464   10453   30426.905848
29845   255464   10453   30424.848023
29110   255464   10453   30424.423798
29720   255464   10453   30424.081323
29680   255464   10453   30423.979278
31720   255464   10453   30422.739287
30561   255464   10453   30422.631562
30064   255464   10453   30422.517507
27667   255464   10453   30422.418488
19603   255464   10453   30420.593095
29809   255464   10453   30420.566869
33813   255464   10453   30420.614794
29870   255464   10453   30420.615246
32076   255464   10453   30419.621949
34075   255464   10453   30419.571885
31785   255464   10453   30419.507536
31220   255464   10453   30419.476456
34598   255464   10453   30418.079805
40998   255464   10453   30422.391533
38504   255464   10453   30427.782550
32220   255464   10453   30432.610682
37249   255464   10453   30436.078619
28202   255464   10453   30439.542500
41031   255464   10453   30442.856021
37017   255464   10453   30445.783319
38925   255464   10453   30447.057793
41746   255464   10453   30449.025091
34174   255464   10453   30451.167755
34547   255464   10453   30453.099776
33650   255464   10453   30453.886440
36707   255464   10453   30455.546973
34287   255464   10453   30456.801925
32472   255464   10453   30457.993415
31612   255464   10453   30458.310078
36787   255464   10453   30458.464018
31454   255464   10453   30459.340524
31532   255464   10453   30460.272116
35678   255464   10453   30460.676061
28891   255464   10453   30460.764434
34495   255464   10453   30461.384383
33266   255464   10453   30462.023820
17508   255464   10453   30462.230365
32626   273455   10453   30461.739387
27139   273455   10453   30462.240948
21523   273455   10453   30462.804642
32850   273455   10453   30463.265423
33490   273455   10453   30462.934504
30635   273455   10453   30463.532539
30146   273455   10453   30464.157332
23358   273455   10453   30464.690795
29285   273455   10453   30463.369736
33664   273455   10453   30463.729370
32385   273455   10453   30464.121981
35909   273455   10453   30464.539069
30231   273455   10453   30463.903948
34369   273455   10453   30464.364750
32296   273455   10453   30464.667308
37153   273455   10453   30465.032849
18948   273455   10453   30463.871131
13989   273455   10453   30462.944055
33890   273455   10453   30463.135254
30828   273455   10453   30463.443501
34617   273455   10453   30462.726431
35527   273455   10453   30463.044837
30069   273455   10453   30463.283999
29866   273455   10453   30463.615204
30500   273455   10453   30462.570606
31103   273455   10453   30462.332106
34074   273455   10453   30462.570707
35870   273455   10453   30462.817669
33527   273455   10453   30462.318171
28865   273455   10453   30462.626569
31496   273455   10453   30463.047745
25824   273455   10453   30463.430240
23703   273455   10453   30462.800137
35395   273455   10453   30462.462537
31318   273455   10453   30462.735566
31341   273455   10453   30463.083018
16754   273455   10453   30462.433248
33904   273455   10453   30462.748083
20052   273455   10453   30463.046039
27099   273455   10453   30462.670531
20822   273455   10453   30461.087911
28301   273455   10453   30459.652568
20887   273455   10453   30459.176291
37397   273455   10453   30458.802573
23177   273455   10453   30458.112979
27701   273455   10453   30457.270547
19003   273455   10453   30456.985056
17442   273455   10453   30456.771889
20003   273455   10453   30455.887349
22401   273455   10453   30454.854701
20267   273455   10453   30454.667326
34345   273455   10453   30454.685403
18001   273455   10453   30454.268911
21491   273455   10453   30453.418532
28931   273455   10453   30453.236812
19191   273455   10453   30453.171907
22271   273455   10453   30452.894542
22239   273455   10453   30451.665229
21825   273455   10453   30451.849664
35059   273455   10453   30451.978099
29727   273455   10453   30452.108499
32555   273455   10453   30451.262996
34295   273455   10453   30451.546813
32322   273455   10453   30451.849855
28889   273455   10453   30452.003594
30472   273455   10453   30450.678705
31127   273455   10453   30450.901012
30000   273455   10453   30451.119169
29440   273455   10453   30451.206222
21656   273455   10453   30450.423776
32051   273455   10453   30450.716700
32331   273455   10453   30450.972897
30539   273455   10453   30451.298450
18509   273455   10453   30450.144247
34864   273455   10453   30450.292352
35770   273455   10453   30450.680335
31183   273455   10453   30451.030368
36810   273455   10453   30450.312229
30294   273455   10453   30450.760892
34555   273455   10453   30451.175439
30852   273455   10453   30451.549223
27010   273455   10453   30450.392875
35018   273455   10453   30450.786044
32727   273455   10453   30451.155479
31633   273455   10453   30451.593701
31831   273455   10453   30450.989592
31480   273455   10453   30451.433002
31983   273455   10453   30451.812813
35590   273455   10453   30452.201426
29545   273455   10453   30451.695239
35668   273455   10453   30451.345434
33386   273455   10453   30451.650116
31431   273455   10453   30452.084635
19902   273455   10453   30451.854539
33813   273455   10453   30451.893773
31252   273455   10453   30452.226508
32435   273455   10453   30452.680395
24399   273455   10453   30452.289885
32989   273455   10453   30451.945360
32179   273455   10453   30452.339782
36189   273455   10453   30452.821006
22195   273455   10453   30453.075430
31650   273455   10453   30452.884190
36253   273455   10453   30453.291780
19242   273455   10453   30453.727541
21373   273455   10453   30453.832784
33310   273455   10453   30452.991110
32037   273455   10453   30453.385378
31207   273455   10453   30453.891556
29337   273455   10453   30454.247937
30908   273455   10453   30453.805653
34874   273455   10453   30454.238741
30280   273455   10453   30454.675083
31943   273455   10453   30455.018906
28535   273455   10453   30453.918678
22211   273455   10453   30454.369260
19389   273455   10453   30454.783597
28634   273455   10453   30455.251007
35119   273455   10453   30454.866578
28770   273455   10453   30455.305467
31996   273455   10453   30455.704020
30443   273455   10453   30456.068512
30671   273455   10453   30455.289822
34161   273455   10453   30455.480582
32636   273455   10453   30455.953051
33210   273455   10453   30455.048727
32851   273455   10453   30454.557862
34791   273455   10453   30454.847484
21850   273455   10453   30455.109645
35053   273455   10453   30455.558475
18438   273455   10453   30454.608406
30545   273455   10453   30454.889740
30049   273455   10453   30455.323652
35845   273455   10453   30455.759256
30425   273455   10453   30455.221697
31498   273455   10453   30455.618969
33289   273455   10453   30455.995139
29689   273455   10453   30455.463613
18088   273455   10453   30454.109294
29824   273455   10453   30452.960368
26306   273455   10453   30452.449270
29783   273455   10453   30452.042549
29413   273455   10453   30451.088742
32378   273455   10453   30450.440848
26520   273455   10453   30450.133479
29014   273455   10453   30449.849436
23461   273455   10453   30449.077071
33050   273455   10453   30448.007793
28834   273455   10453   30447.808587
34809   273455   10453   30447.716338
29351   273455   10453   30447.504644
31966   273455   10453   30446.665075
18718   273455   10453   30446.669804
21348   273455   10453   30446.699807
30744   273455   10453   30446.666228
31573   273455   10453   30445.338493
29826   273455   10453   30445.369693
29719   273455   10453   30445.370013
29253   273455   10453   30445.518696
29749   273455   10453   30444.690573
31973   273455   10453   30444.778968
34760   273455   10453   30444.812605
29272   273455   10453   30445.210865
29615   273455   10453   30443.918108
32647   273455   10453   30444.178085
20286   273455   10453   30444.352550
29808   273455   10453   30444.681731
20916   273455   10453   30444.136548
29172   273455   10453   30444.275484
30181   273455   10453   30444.588880
33812   273455   10453   30444.882519
30596   273455   10453   30443.680015
34918   273455   10453   30444.006749
32682   273455   10453   30444.414639
33365   273455   10453   30444.800062
36318   273455   10453   30444.164076
29484   273455   10453   30444.606640
18447   273455   10453   30444.997373
18749   273455   10453   30445.323550
20369   273455   10453   30444.108232
20063   273455   10453   30444.408576
31631   273455   10453   30444.729005
33567   273455   10453   30445.077582
31235   273455   10453   30444.410283
29884   273455   10453   30444.818364
33815   273455   10453   30445.148596
29341   273455   10453   30445.497567
18486   273455   10453   30444.773565
35260   273455   10453   30444.469972
32367   273455   10453   30444.841398
30531   273455   10453   30445.076905
19843   273455   10453   30444.700655
20088   273455   10453   30444.647547
29588   273455   10453   30444.984242
32326   273455   10453   30445.277053
31196   273455   10453   30444.930067
30890   273455   10453   30444.330885
