100
100
100
100
100
100
100
100
100
100
100
100
100
100
100
100
100
100
100
99,48
100
100
100
100
100
100
100
100
100
100
34,02
9,44
16,54
7,65
7,42
7,18
7,44
8,91
8,4
7,42
9,02
7,65
22,45
11,86
14,65
16,58
7,44
8,21
7,93
7,42
7,91
7,42
10,51
7,91
8,44
13,52
8,95
6,65
16,45
7,42
6,91
9,21
21,23
7,18
7,65
8,16
6,92
17,65
7,69
7,67
7,42
15,68
7,91
7,65
13,55
7,67
8,18
7,93
7,63
8,44
9,74
12,08
9,97
7,69
6,68
7,14
15,35
6,14
6,15
6,65
6,14
7,4
6,87
6,67
6,39
6,65
6,65
9,44
14,36
6,67
6,91
6,15
14,1
6,39
12,85
6,41
7,14
6,63
8,14
6,39
5,61
6,38
8,18
6,14
9,72
7,97
7,18
8,16
17,01
6,14
7,14
6,67
12,53
7,2
6,91
6,41
6,65
9,16
6,63
6,92
6,15
6,91
7,67
6,89
6,38
7,14
7,16
13,62
7,42
14,07
6,41
6,68
8,65
6,91
6,62
7,44
6,41
6,41
6,63
13,85
15,35
7,69
6,38
6,91
9,41
9
7,14
9,21
6,91
7,42
7,14
15,38
5,88
24,1
6,89
8,21
6,38
7,67
6,92
13,74
6,14
7,38
8,44
7,42
6,39
7,14
17,05
7,14
7,44
7,14
7,42
6,91
6,39
7,14
6,68
6,39
6,91
15,6
6,17
18,11
6,39
9,18
8,16
6,67
7,42
7,14
14,54
6,65
6,92
6,67
7,91
7,4
17,35
6,15
7,91
6,91
6,65
6,92
13,52
6,91
13,52
7,4
6,39
6,67
6,65
12,76
6,65
8,23
6,91
6,39
6,38
6,41
7,2
6,65
6,63
6,67
6,65
6,65
