Act   Max   Min   Avg
0   0   0   -nan
35652   7655119   8409   523921.988012
24962   7655119   8409   550199.407850
29161   10023812   8409   550217.007469
38735   10023812   8409   429542.138161
26323   10033201   8409   393901.570548
32469   10045557   8409   402803.141508
16821   10045557   8409   352104.226302
25852   10045557   8409   314549.892985
21088   10045557   8409   464745.938830
27206   10045557   8409   559380.861157
132781   10045557   8409   588778.304130
19659   10045557   8409   657798.511039
22446   10045557   8409   669193.453131
24737   10045557   8409   626101.222733
22312   10045557   8409   587479.087655
33987   10045557   8409   593015.850153
27654   10045557   8409   574575.692379
9965   10045557   8409   588983.457925
10480   10045557   8409   592641.787115
9959   10045557   8409   617537.429932
12178   10045557   8409   590585.502456
10270   10045557   8409   566071.146963
10629   14961580   8409   584565.819920
10232   14961580   8409   561147.955976
9931   14961580   8409   551731.490403
10195   14961580   8409   540500.155538
27246   14961580   8409   521412.208125
10277   14961580   8409   509495.708772
10072   14961580   8409   492591.101658
23351   14961580   8409   477104.426154
11975   14961580   8409   463783.582744
21742   14961580   8409   450021.099246
10041   14961580   8409   437139.882543
15104   14961580   8409   424843.922412
27956   14961580   8409   413273.615028
9775   14961580   8409   402425.478171
9906   14961580   8409   392000.837052
24102   14961580   8409   382088.205087
12409   14962404   8409   383985.987708
19152   14962404   8409   374756.612310
10511   14962404   8409   365997.439347
10150   14962404   8409   357675.707233
22918   14962404   8409   349702.686686
12021   14962404   8409   342301.880293
10088   14962404   8409   335441.574523
10243   14962404   8409   328436.763515
9607   14962404   8409   321795.351810
13674   14962404   8409   315392.007607
11369   14962404   8409   309444.140496
18220   14962404   8409   303659.875712
36070   14962404   8409   298066.355027
29813   14962404   8409   292880.674150
10277   14962404   8409   287726.731787
30124   14962404   8409   282705.848151
10096   14962404   8409   277815.789502
9203   14962404   8204   273064.898019
19381   14962404   8204   268530.298764
23907   14962404   8204   264235.366085
22855   14962404   8204   260152.400946
15188   14962404   8204   256291.256508
19999   14962404   8204   252725.288614
21436   14962404   8204   249063.691796
28910   14962404   8204   245548.671480
25977   14962404   8204   242126.107052
14505   14962404   8204   238802.462758
28359   14962404   8204   235678.308849
43594   14962404   8204   232616.115545
35156   14962404   8204   229692.117552
27653   14962404   8204   226826.712232
26331   14962404   8204   223975.568312
20227   14962404   8204   221176.743880
20202   14962404   8204   218465.014356
23958   14962404   8204   216191.797190
21654   14962404   8204   213619.438419
14529   14962404   8204   211054.557053
15250   14962404   8204   208552.302144
19157   14962404   8204   206176.802807
16055   14962404   8204   203836.917753
14397   14962404   8204   201493.970811
14607   14962404   8204   199167.460571
13954   14962404   8204   196908.505046
13816   14962404   8204   194699.066321
14461   14962404   8204   192586.646175
14621   14962404   8204   190498.097989
28732   14962404   8204   188518.424960
23561   14962404   8204   186513.530504
21633   14962404   8204   184629.509480
16745   14962404   8204   182730.099855
11650   14962404   8204   180874.138694
12331   14962404   8204   179033.399253
38513   14962404   8204   177262.039880
28589   14962404   8204   175596.644366
34200   14962404   8204   173999.523451
11702   14962404   8204   172371.517316
50892   14962404   8204   170841.474630
15607   14962404   8204   169236.683577
31163   14962404   8204   167689.005110
11453   14962404   8204   166129.921473
11885   14962404   8204   164589.530266
11425   14962404   8204   163101.179632
12218   14962404   8204   161647.054027
31727   14962404   8204   160263.929507
32461   14962404   8204   158890.077931
11259   14962404   8204   157591.365093
11474   14962404   8204   156223.238243
10643   14962404   8204   154877.939456
10262   14962404   8204   153554.275037
14065   14962404   8204   152254.842279
10014   14962404   8204   150978.370412
9820   14962404   8204   149742.182470
14208   14962404   8204   148514.699689
13093   14962404   8204   147320.252154
10283   14962404   8204   146170.940274
14852   14962404   8204   145014.438170
10853   14962404   8204   143870.004764
12762   14962404   8204   142755.066320
14917   14962404   8204   141700.511711
15613   14962404   8204   140657.629495
15754   14962404   8204   139633.365821
16843   14962404   8204   138621.601850
21119   14962404   8204   137637.921203
10532   14962404   8204   136625.479216
19044   14962404   8204   135617.215112
16930   14962404   8204   134621.327146
10825   14962404   8204   133646.354988
10831   14962404   8204   132683.293131
35493   14962404   8204   131835.882073
23540   14962404   8204   131048.292519
40123   14962404   8204   130268.267021
30984   14962404   8204   129430.819998
39201   14962404   8204   128550.596338
40520   14962404   8204   127782.613451
49379   14962404   8204   127043.157140
17550   14962404   8204   126319.147255
23609   14962404   8204   125600.491606
27060   14962404   8204   124903.479913
15129   14962404   8204   124223.249895
30561   14962404   8204   123545.559893
22192   14962404   8204   122879.654735
20565   14962404   8204   122231.382856
28985   14962404   8204   121581.363010
34537   14962404   8204   120943.701789
46463   14962404   8204   120317.490224
36232   14962404   8204   119699.403878
14281   14962404   8204   119091.881175
29279   14962404   8204   118494.652554
36925   14962404   8204   117906.050217
34499   14962404   8204   117328.380028
37304   14962404   8204   116753.677967
18428   14962404   8204   116189.407304
20469   14962404   8204   115634.950066
29080   14962404   8204   115082.028184
32559   14962404   8204   114527.848587
26341   14962404   8204   113994.648300
21079   14962404   8204   113380.151208
12823   14962404   8204   112787.557877
9064   14962404   8204   112198.523412
12680   14962404   8087   111643.192918
9057   14962404   8087   111024.859088
9670   14962404   8087   110429.435470
8561   14962404   8087   109846.371431
15621   14962404   8087   109268.188758
9270   14962404   8087   108719.804658
9343   14962404   8087   108184.812364
8594   14962404   8087   107651.005276
10013   14962404   8087   107117.974144
9528   14962404   8087   106540.794927
9351   14962404   8087   105968.374791
11953   14962404   8087   105413.730978
30112   14962404   8087   104903.371115
42596   14962404   8087   104386.221979
33232   14962404   8087   103896.277957
13726   14962404   8087   103404.604446
26699   14962404   8087   102938.268905
17441   14962404   8087   102486.010048
10406   14962404   8087   102011.257487
10284   14962404   8087   101528.199890
21214   14962404   8087   101080.323300
27351   14962404   8087   100673.919148
15739   14962404   8087   100237.902102
21680   14962404   8087   99824.411318
23010   14962404   8087   99413.265906
31251   14962404   8087   98974.711969
9663   14962404   8087   98580.453183
10087   14962404   8087   98137.352591
33753   14962404   8087   97687.582182
9566   14962404   8087   97242.678045
9720   14962404   8087   96797.865518
14417   14962404   8087   96366.563500
13950   14962404   8087   95937.154848
9831   14962404   8087   95517.434792
9394   14962404   8087   95101.162882
10050   14962404   8087   94661.954157
10213   14962404   8087   94225.579814
9817   14962404   8087   93820.197637
10648   14962404   8087   93394.172459
9403   14962404   8087   92971.978092
9843   14962404   8087   92553.181236
9616   14962404   8087   92150.813471
10243   14962404   8087   91740.828439
10014   14962404   8087   91334.641978
10049   14962404   8087   90935.784615
9829   14962404   8087   90551.053203
10245   14962404   8087   90169.836187
10252   14962404   8087   89779.795513
9537   14962404   8087   89393.194227
10014   14962404   8087   89022.149134
8961   14962404   8087   88642.463155
9773   14962404   8087   88278.645217
9640   14962404   8087   87906.217018
10283   14962404   8087   87546.328913
9602   14962404   8087   87190.236085
9957   14962404   8087   86828.702786
10042   14962404   8087   86473.417861
10178   14962404   8087   86129.265880
10060   14962404   8087   85777.459014
10177   14962404   8087   85429.157450
9900   14962404   8087   85083.450853
9720   14962404   8087   84749.467316
9716   14962404   8087   84419.030984
8555   14962404   8087   84082.863479
9236   14962404   8087   83750.635083
20367   14962404   8087   83427.726801
9538   14962404   8087   83103.984185
9725   14962404   8087   82780.210461
9710   14962404   8087   82458.622541
10363   14962404   8087   82148.431210
9693   14962404   8087   81841.440436
9348   14962404   8087   81528.949335
9060   14962404   8087   81218.602555
9935   14962404   8087   80912.657053
9193   14962404   8087   80615.555576
9710   14962404   8087   80313.705727
10227   14962404   8087   80013.828970
20247   14962404   8087   79719.363718
10095   14962404   8087   79437.907692
10444   14962404   8087   79146.543446
10136   14962404   8087   78856.509288
10343   14962404   8087   78569.842401
10941   14962404   8087   78294.763989
9986   14962404   8087   78012.030356
9596   14962404   8087   77731.865166
10494   14962404   8087   77453.808751
9788   14962404   8087   77193.317886
9936   14962404   8087   76920.547428
10546   14962404   8087   76649.374864
10098   14962404   8087   76379.998351
10234   14962404   8087   76122.553027
9714   14962404   8087   75857.776606
10002   14962404   8087   75595.281145
10141   14962404   8087   75334.946025
9763   14962404   8087   75091.071581
10146   14962404   8087   74835.120322
10052   14962404   8087   74580.609858
9949   14962404   8087   74328.079454
9978   14962404   8087   74086.606986
9533   14962404   8087   73838.027949
10213   14962404   8087   73592.434652
9528   14962404   8087   73347.256955
10200   14962404   8087   73120.517384
9752   14962404   8087   72879.960034
9863   14962404   8087   72640.940694
10078   14962404   8087   72403.840984
10370   14962404   8087   72178.004163
9775   14962404   8087   71944.336004
10182   14962404   8087   71712.436342
9917   14962404   8087   71482.017359
10417   14962404   8087   71267.307640
9948   14962404   8087   71040.240728
9615   14962404   8087   70815.147432
9872   14962404   8087   70591.498655
9872   14962404   8087   70377.625355
9367   14962404   8087   70157.144816
9408   14962404   8087   69940.468498
9747   14962404   8087   69723.561878
21249   14962404   8087   69518.137230
9849   14962404   8087   69307.358290
9348   14962404   8087   69095.385344
9241   14962404   8087   68884.301162
9484   14962404   8087   68683.364893
9510   14962404   8087   68475.657947
9647   14962404   8087   68270.792230
9800   14962404   8087   68066.931118
10888   14962404   8087   67870.519960
11041   14962404   8087   67676.361216
11557   14962404   8087   67477.153739
10768   14962404   8087   67278.913686
31889   14962404   8087   67085.611751
11093   14962404   8087   66914.072660
10863   14962404   8087   66719.922099
10806   14962404   8087   66526.669279
24685   14962404   8087   66340.834401
10851   14962404   8087   66157.092557
10688   14962404   8087   65968.679698
10367   14962404   8087   65780.680061
10390   14962404   8087   65595.085178
10221   14962404   8087   65416.664292
10264   14962404   8087   65232.514231
10946   14962404   8087   65052.766737
17760   14962404   8087   64874.319546
10809   14962404   8087   64704.617538
10760   14962404   8087   64525.299888
10858   14962404   8087   64347.184376
10204   14962404   8087   64169.794176
10251   14962404   8087   64001.454289
10290   14962404   8087   63978.062338
10032   14962404   8087   64678.689556
11321   14962404   8087   65528.646463
10387   14962404   8087   65364.634250
15514   14962404   8087   65189.414788
10404   14962404   8087   65020.390264
10113   14962404   8087   64846.493491
10137   14962404   8087   64680.452433
10035   14962404   8087   64507.530616
10094   14962404   8087   64343.565933
10153   14962404   8087   64172.858134
10751   14962404   8087   64014.917782
10128   14962404   8087   63846.853800
10239   14962404   8087   63679.109289
9752   14962404   8087   63512.621537
9741   14962404   8087   63354.825147
9772   14962404   8087   63190.185670
9824   14962404   8087   63026.826085
9547   14962404   8087   62864.675599
10308   14962404   8087   62714.593855
10053   14962404   8087   62554.228924
9701   14962404   8087   62395.162269
9676   14962404   8087   62236.236402
9388   14962404   8087   62085.662475
9875   14962404   8087   61928.784571
9513   14962404   8087   61772.985000
10028   14962404   8087   61618.111819
10636   14962404   8087   61475.074491
10197   14962404   8087   61323.653685
10148   14962404   8087   61171.742426
10764   14962404   8087   61020.200377
10410   14962404   8087   60876.477729
10344   14962404   8087   60726.808025
10094   14962404   8087   60578.134074
10511   14962404   8087   60430.097522
33209   14962404   8087   60290.861762
10044   14962404   8087   60149.514348
10119   14962404   8087   60004.624393
10593   14962404   8087   59860.037733
10616   14962404   8087   59723.285840
10107   14962404   8087   59580.376394
9934   14962404   8087   59438.331058
9917   14962404   8087   59296.829851
10166   14962404   8087   59161.229051
10210   14962404   8087   59026.785898
10458   14962404   8087   58888.157382
10632   14962404   8087   58749.829393
10944   14962404   8087   58613.452912
10120   14962404   8087   58482.350945
10315   14962404   8087   58346.565463
10109   14962404   8087   58211.195146
10589   14962404   8087   58079.435558
9980   14962404   8087   57954.490923
10273   14962404   8087   57821.924418
9924   14962404   8087   57689.667930
10150   14962404   8087   57558.919364
9777   14962404   8087   57433.496772
9889   14962404   8087   57303.649748
9907   14962404   8087   57174.060563
14890   14962404   8087   57046.277647
9955   14962404   8087   56927.742809
9939   14962404   8087   56800.804587
10074   14962404   8087   56674.217970
10014   14962404   8087   56548.551053
8788   14962404   8087   56429.391439
9350   14962404   8087   56305.139615
9218   14962404   8087   56181.299351
9266   14962404   8087   56058.029624
9974   14962404   8087   55945.538404
9318   14962404   8087   55823.781737
10452   14962404   8087   55702.328133
9475   14962404   8087   55581.479598
10877   14962404   8087   55467.653122
9083   14962404   8087   55348.322284
9198   14962404   8087   55229.469879
9164   14962404   8087   55111.297455
9130   14962404   8087   55003.634950
10064   14962404   8087   54886.888357
10532   14962404   8087   54770.759751
10231   14962404   8087   54654.775981
10473   14962404   8087   54545.929091
10227   14962404   8087   54431.331233
10547   14962404   8087   54317.326236
10742   14962404   8087   54203.874820
10697   14962404   8087   54100.740235
9978   14962404   8087   53988.719789
10490   14962404   8087   53877.011626
10605   14962404   8087   53765.966883
30586   14962404   8087   53662.280648
9738   14962404   8087   53552.709458
10353   14962404   8087   53443.391706
10173   14962404   8087   53334.317537
21859   14962404   8087   53234.127763
9989   14962404   8087   53127.369319
9716   14962404   8087   53020.468272
9600   14962404   8087   52913.458542
10837   14962404   8087   52812.990678
9848   14962404   8087   52707.418396
9732   14962404   8087   52602.456328
10515   14962404   8087   52497.575206
10643   14962404   8087   52399.218780
10222   14962404   8087   52299.169434
9924   14962404   8087   52196.328582
10021   14962404   8087   52093.448982
31542   14962404   8087   51996.142671
9869   14962404   8087   51895.204753
9846   14962404   8087   51793.988533
10164   14962404   8087   51693.030841
10754   14962404   8087   51597.038848
10207   14962404   8087   51502.110178
10123   14962404   8087   51402.906687
10638   14962404   8087   51303.975817
10292   14962404   8087   51206.564113
9478   14962404   8087   51113.529480
9187   14962404   8087   51016.163203
9380   14962404   8087   50924.871644
9793   14962404   8087   50830.125574
9158   14962404   8087   50741.554398
9124   14962404   8087   50646.205645
9165   14962404   8087   50550.947079
9936   14962404   8087   50456.102954
9503   14962404   8087   50367.622883
9187   14962404   8087   50273.796356
9159   14962404   8087   50180.295984
9395   14962404   8087   50087.350567
9310   14962404   8087   50003.563663
10539   14962404   8087   49911.504030
10208   14962404   8087   49819.684288
9834   14962404   8087   49728.391658
10318   14962404   8087   49643.140246
10340   14962404   8087   49552.555768
10330   14962404   8087   49462.395262
10183   14962404   8087   49372.839727
10089   14962404   8087   49291.939682
10118   14962404   8087   49203.160253
10582   14962404   8087   49114.811382
10150   14962404   8087   49026.804673
10392   14962404   8087   48944.317279
10618   14962404   8087   48857.592798
10432   14962404   8087   48770.754867
10256   14962404   8087   48684.323312
10162   14962404   8087   48607.083873
9906   14962404   8087   48521.372463
9847   14962404   8087   48436.068111
9839   14962404   8087   48350.978548
16373   14962404   8087   48268.902748
9894   14962404   8087   48189.179308
10517   14962404   8087   48105.414744
10015   14962404   8087   48023.141349
10044   14962404   8087   47948.310704
9831   14962404   8087   47865.613514
9817   14962404   8087   47783.116624
9953   14962404   8087   47700.915681
9933   14962404   8087   47624.367576
10089   14962404   8087   47542.762586
9950   14962404   8087   47461.832736
9945   14962404   8087   47380.914062
34579   14962404   8087   47308.422075
10141   14962404   8087   47228.597648
9949   14962404   8087   47149.044339
10069   14962404   8087   47069.522903
10133   14962404   8087   46996.056844
9897   14962404   8087   46917.548719
9181   14962404   8087   46839.115675
9376   14962404   8087   46761.013495
9508   14962404   8087   46687.214057
9585   14962404   8087   46613.794265
9841   14962404   8087   46536.975245
9407   14962404   8087   46460.206482
20065   14962404   8087   46386.105380
9294   14962404   8087   46312.704735
9159   14962404   8087   46237.079045
9813   14962404   8087   46161.530809
25616   14962404   8087   46089.784976
9058   14962404   8087   46019.624104
9330   14962404   8087   45945.161477
10713   14962404   8087   45870.750841
9913   14962404   8087   45797.646767
10467   14962404   8087   45727.936948
10723   14962404   8087   45654.777988
10507   14962404   8087   45581.801087
21179   14962404   8087   45510.421487
10445   14962404   8087   45444.423535
9902   14962404   8087   45372.551090
10083   14962404   8087   45300.652762
10648   14962404   8087   45229.205806
10459   14962404   8087   45163.048639
10279   14962404   8087   45092.359747
10575   14962404   8087   45021.472013
10138   14962404   8087   44951.088299
10097   14962404   8087   44888.708910
10143   14962404   8087   44818.991664
9968   14962404   8087   44749.501331
9844   14962404   8087   44680.061417
9844   14962404   8087   44615.637205
9939   14962404   8087   44546.851432
10239   14962404   8087   44478.318359
10114   14962404   8087   44410.266288
10034   14962404   8087   44350.054725
10846   14962404   8087   44282.509172
9339   14962404   8087   44215.345191
9688   14962404   8087   44148.089913
10208   14962404   8087   44085.833790
10074   14962404   8087   44019.438385
10036   14962404   8087   43953.002586
9904   14962404   8087   43886.816327
10198   14962404   8087   43828.589448
10467   14962404   8087   43762.919118
9968   14962404   8087   43698.743933
10134   14962404   8087   43633.724990
9829   14962404   8087   43573.396927
10099   14962404   8087   43508.932557
9772   14962404   8087   43444.548398
8504   14962404   8087   43380.178448
9802   14962404   8087   43323.425614
9384   14962404   8087   43259.864872
9246   14962404   8087   43196.590156
9309   14962404   8087   43133.375756
9680   14962404   8087   43074.884923
9262   14962404   8087   43012.243970
9663   14962404   8087   42949.946267
9268   14962404   8087   42892.498554
16083   14962404   8087   42834.500302
9421   14962404   8087   42775.804212
9521   14962404   8087   42714.355757
10153   14962404   8087   42652.936893
10508   14962404   8087   42596.319838
10204   14962404   8087   42535.413581
10334   14962404   8087   42474.906006
10301   14962404   8087   42414.412951
10756   14962404   8087   42357.578749
10165   14962404   8087   42301.121952
10383   14962404   8087   42241.617887
9957   14962404   8087   42182.129933
22829   14962404   8087   42124.458530
10249   14962404   8087   42067.483669
10362   14962404   8087   42008.449255
10107   14962404   8087   41949.466857
31170   14962404   8087   41892.251313
8769   14962404   8087   41837.980240
9007   14962404   8087   41779.111112
9091   14962404   8087   41720.001034
9077   14962404   8087   41661.968346
9183   14962404   8087   41606.940902
9089   14962404   8087   41548.367610
9065   14962404   8087   41490.084841
9684   14962404   8087   41432.854925
9042   14962404   8087   41380.830440
8995   14962404   8087   41323.517842
9265   14962404   8087   41266.136373
9248   14962404   8087   41209.005253
9216   14962404   8087   41156.488224
9287   14962404   8087   41100.033316
9002   14962404   8087   41043.597978
9484   14962404   8087   40987.506243
9069   14962404   8087   40938.000723
9839   14962404   8087   40882.421891
9498   14962404   8087   40826.852724
9707   14962404   8087   40771.788132
9199   14962404   8087   40720.895976
9155   14962404   8087   40666.151273
9007   14962404   8087   40611.284183
9406   14962404   8087   40556.665506
9283   14962404   8087   40508.692114
9078   14962404   8087   40454.335302
9340   14962404   8087   40400.070275
9841   14962404   8087   40346.078572
9292   14962404   8087   40296.208766
10089   14962404   8087   40243.517966
9093   14962404   8087   40189.995486
9895   14962404   8087   40136.593192
9333   14962404   8087   40090.017030
9649   14962404   8087   40037.062353
9315   14962404   8087   39984.565075
9480   14962404   8087   39932.028819
9039   14962404   8087   39883.746854
9390   14962404   8087   39831.663916
9521   14962404   8087   39779.739551
9612   14962404   8087   39728.062945
10036   14962404   8087   39681.375366
9099   14962404   8087   39631.706648
9365   14962404   8087   39580.663257
9060   14962404   8087   39529.711609
9724   14962404   8087   39483.330191
9117   14962404   8087   39432.675984
9706   14962404   8087   39382.395499
9284   14962404   8087   39332.034392
29343   14962404   8087   39286.212259
9920   14962404   8087   39238.660840
9823   14962404   8087   39189.279599
9594   14962404   8087   39139.742352
16684   14962404   8087   39094.381952
9681   14962404   8087   39045.236910
9716   14962404   8087   38996.522635
9814   14962404   8087   38947.855252
25463   14962404   8087   38902.060680
9176   14962404   8087   38857.020807
9381   14962404   8087   38809.033881
9508   14962404   8087   38761.978672
24594   14962404   8087   38715.196382
9826   14962404   8087   38754.423662
9892   14962404   8087   39163.142150
8643   14962404   8087   39659.450085
9946   14962404   8087   39611.775935
9834   14962404   8087   39567.834301
9242   14962404   8087   39519.418178
9902   14962404   8087   39470.883005
9787   14962404   8087   39423.092558
9849   14962404   8087   39378.233195
10107   14962404   8087   39330.270907
9754   14962404   8087   39282.421427
9413   14962404   8087   39235.354608
9777   14962404   8087   39193.211904
9781   14962404   8087   39145.877160
9690   14962404   8087   39098.648515
9746   14962404   8087   39051.577150
9053   14962404   8087   39008.443536
10344   14962404   8087   38961.754564
9441   14962404   8087   38915.341091
9571   14962404   8087   38868.860096
9374   14962404   8087   38828.769543
9092   14962404   8087   38782.808016
9409   14962404   8087   38736.810097
9740   14962404   8087   38690.762165
9598   14962404   8087   38648.657646
10091   14962404   8087   38603.216387
9919   14962404   8087   38557.728161
10240   14962404   8087   38512.737912
10199   14962404   8087   38474.498344
9327   14962404   8087   38433.239976
9831   14962404   8087   38388.529034
9486   14962404   8087   38343.663730
9426   14962404   8087   38302.761291
9414   14962404   8087   38258.528159
10055   14962404   8087   38214.198025
9746   14962404   8087   38169.938482
9643   14962404   8087   38131.722668
9622   14962404   8087   38087.909326
9570   14962404   8087   38044.337274
9485   14962404   8087   38000.667112
36568   14962404   8087   37959.027227
10033   14962404   8087   37917.677661
9702   14962404   8087   37874.575015
9921   14962404   8087   37831.351106
10334   14962404   8087   37794.000484
9875   14962404   8087   37751.148529
9819   14962404   8087   37708.738422
9664   14962404   8087   37666.296506
10079   14962404   8087   37627.414077
9665   14962404   8087   37585.099454
9196   14962404   8087   37543.113811
9570   14962404   8087   37500.953325
23054   14962404   8087   37462.276729
10156   14962404   8087   37423.374483
9453   14962404   8087   37381.965923
9546   14962404   8087   37340.455152
10496   14962404   8087   37302.556196
9543   14962404   8087   37261.299137
9868   14962404   8087   37220.261072
9817   14962404   8087   37179.208668
9657   14962404   8087   37140.984741
9547   14962404   8087   37103.557351
10150   14962404   8087   37063.137919
10225   14962404   8087   37022.610685
9991   14962404   8087   36982.908196
9183   14962404   8087   36945.380740
9497   14962404   8087   36905.336320
9332   14962404   8087   36865.254398
10832   14962404   8087   36826.295112
9578   14962404   8087   36791.119064
9802   14962404   8087   36751.713116
9667   14962404   8087   36712.108835
11414   14962404   8087   36673.248784
10064   14962404   8087   36636.956180
9744   14962404   8087   36597.738320
9482   14962404   8087   36558.626863
33783   14962404   8087   36519.723524
9597   14962404   8087   36486.361227
9529   14962404   8087   36448.031361
10366   14962404   8087   36409.924238
9662   14962404   8087   36371.508798
9845   14962404   8087   36336.547930
9647   14962404   8087   36298.273924
9803   14962404   8087   36260.170762
10187   14962404   8087   36222.112560
10205   14962404   8087   36189.712543
9682   14962404   8087   36152.050440
9426   14962404   8087   36114.313854
10083   14962404   8087   36077.595057
9811   14962404   8087   36043.518650
10119   14962404   8087   36006.108515
9767   14962404   8087   35968.765693
9963   14962404   8087   35931.507537
9708   14962404   8087   35899.806039
9971   14962404   8087   35862.736402
9918   14962404   8087   35826.015835
9670   14962404   8087   35789.216576
10190   14962404   8087   35755.978469
9914   14962404   8087   35719.570276
9416   14962404   8087   35683.022251
9650   14962404   8087   35646.750367
10324   14962404   8087   35615.953367
10360   14962404   8087   35579.736951
10189   14962404   8087   35543.817775
10234   14962404   8087   35507.834122
9776   14962404   8087   35475.329012
10065   14962404   8087   35439.621850
9820   14962404   8087   35404.034864
9547   14962404   8087   35368.496843
9897   14962404   8087   35338.443201
9554   14962404   8087   35303.100570
10069   14962404   8087   35267.933241
9470   14962404   8087   35232.718003
9916   14962404   8087   35201.088119
9648   14962404   8087   35166.170864
9921   14962404   8087   35131.426701
10452   14962404   8087   35096.550092
20233   14962404   8087   35064.786132
9440   14962404   8087   35032.462100
9986   14962404   8087   34998.069352
9421   14962404   8087   34963.614286
20604   14962404   8087   34932.394903
10446   14962404   8087   34898.132335
9266   14962404   8087   34864.224726
10136   14962404   8087   34830.086189
9914   14962404   8087   34798.808966
9999   14962404   8087   34767.689692
9951   14962404   8087   34734.028443
10285   14962404   8087   34700.304646
9912   14962404   8087   34667.318950
9935   14962404   8087   34636.374216
10508   14962404   8087   34603.147875
9694   14962404   8087   34569.782399
10289   14962404   8087   34537.769915
9937   14962404   8087   34508.801446
10233   14962404   8087   34479.418795
10299   14962404   8087   34446.438209
18024   14962404   8087   34414.206948
9815   14962404   8087   34384.556665
9989   14962404   8087   34351.972248
10564   14962404   8087   34319.536196
10053   14962404   8087   34286.949155
10073   14962404   8087   34259.780635
10083   14962404   8087   34227.592573
9773   14962404   8087   34195.366715
10355   14962404   8087   34163.239201
9910   14962404   8087   34134.403315
9734   14962404   8087   34102.546664
9635   14962404   8087   34071.432708
9942   14962404   8087   34039.704642
9967   14962404   8087   34013.154948
9976   14962404   8087   33981.623054
9623   14962404   8087   33950.018971
10110   14962404   8087   33918.557049
9543   14962404   8087   33890.348214
9951   14962404   8087   33859.143751
10280   14962404   8087   33827.996577
9884   14962404   8087   33796.829397
9990   14962404   8087   33770.637276
9761   14962404   8087   33739.699599
9918   14962404   8087   33708.741472
9841   14962404   8087   33677.993373
9614   14962404   8087   33650.204279
9306   14962404   8087   33619.618900
9552   14962404   8087   33589.020062
9684   14962404   8087   33558.475336
10042   14962404   8087   33533.097562
9393   14962404   8087   33502.718900
9793   14962404   8087   33472.529435
9781   14962404   8087   33442.237267
19574   14962404   8087   33414.315647
9404   14962404   8087   33385.267295
9588   14962404   8087   33355.299212
9568   14962404   8087   33325.540116
10459   14962404   8087   33300.663124
10385   14962404   8087   33270.881365
9713   14962404   8087   33241.354930
10250   14962404   8087   33211.777881
9672   14962404   8087   33185.200261
9723   14962404   8087   33155.797845
9750   14962404   8087   33126.609538
10346   14962404   8087   33097.209775
37218   14962404   8087   33070.814379
10215   14962404   8087   33043.815696
10364   14962404   8087   33014.829451
10396   14962404   8087   32985.776006
10544   14962404   8087   32958.999865
10030   14962404   8087   32931.090312
10238   14962404   8087   32902.488377
10031   14962404   8087   32873.782401
29938   14962404   8087   32846.879453
9822   14962404   8087   32821.607554
10039   14962404   8087   32793.380663
9872   14962404   8087   32764.964684
10356   14962404   8087   32737.256337
9750   14962404   8087   32711.450533
10529   14962404   8087   32683.352587
9735   14962404   8087   32655.213932
36866   14962404   8087   32628.338193
10096   14962404   8087   32604.868090
10080   14962404   8087   32577.184492
9683   14962404   8087   32549.378850
10101   14962404   8087   32521.636156
10002   14962404   8087   32496.864021
10178   14962404   8087   32469.467239
10017   14962404   8087   32442.047931
9880   14962404   8087   32414.494643
10103   14962404   8087   32391.815955
10087   14962404   8087   32365.267703
9854   14962404   8087   32337.941752
9837   14962404   8087   32310.871662
9160   14962404   8087   32286.700157
9298   14962404   8087   32259.719641
9866   14962404   8087   32232.739872
10026   14962404   8087   32205.721769
9084   14962404   8087   32183.479278
9449   14962404   8087   32156.802145
9259   14962404   8087   32130.068148
9352   14962404   8087   32103.407903
9477   14962404   8087   32079.628856
9265   14962404   8087   32053.102774
9311   14962404   8087   32026.655366
9635   14962404   8087   32000.364795
9603   14962404   8087   31978.450347
10010   14962404   8087   31952.160421
10529   14962404   8087   31926.120177
9858   14962404   8087   31899.854081
10492   14962404   8087   31876.482473
10545   14962404   8087   31850.510462
10232   14962404   8087   31824.557496
10269   14962404   8087   31798.557303
10885   14962404   8087   31777.349860
10192   14962404   8087   31751.507949
10600   14962404   8087   31725.918661
10176   14962404   8087   31700.207727
10261   14962404   8087   31677.535135
10512   14962404   8087   31652.094014
10092   14962404   8087   31626.603272
9884   14962404   8087   31601.059884
9912   14962404   8087   31577.743978
9981   14962404   8087   31554.900374
10328   14962404   8087   31529.778593
9803   14962404   8087   31507.514865
10055   14962404   8087   31485.206662
10241   14962404   8087   31460.112742
9998   14962404   8087   31435.160275
10162   14962404   8087   31410.236046
10384   14962404   8087   31387.625834
9843   14962404   8087   31364.972320
9951   14962404   8087   31340.225086
9999   14962404   8087   31315.451979
32461   14962404   8087   31291.488344
10713   14962404   8087   31268.971252
9789   14962404   8087   31244.514258
9809   14962404   8087   31219.922377
10028   14962404   8087   31196.311876
9997   14962404   8087   31175.486442
10132   14962404   8087   31151.181089
10513   14962404   8087   31126.995080
9948   14962404   8087   31103.235777
9669   14962404   8087   31081.384159
9812   14962404   8087   31057.227771
10041   14962404   8087   31033.108121
21094   14962404   8087   31009.256742
10010   14962404   8087   30989.398301
10606   14962404   8087   30965.548395
9326   14962404   8087   30941.630144
9971   14962404   8087   30917.787145
10105   14962404   8087   30897.401462
9767   14962404   8087   30873.824040
10020   14962404   8087   30850.209231
10068   14962404   8087   30826.654344
10122   14962404   8087   30807.543526
9986   14962404   8087   30784.118348
10073   14962404   8087   30760.652107
10608   14962404   8087   30737.198410
9882   14962404   8087   30717.544285
14683   14962404   8087   30694.434756
10723   14962404   8087   30671.192590
9748   14962404   8087   30647.926388
10071   14962404   8087   30629.188614
10296   14962404   8087   30606.177648
9913   14962404   8087   30583.098037
10177   14962404   8087   30560.141238
10507   14962404   8087   30539.813337
9709   14962404   8087   30516.917672
9926   14962404   8087   30494.164699
9927   14962404   8087   30471.263117
9960   14962404   8087   30452.826322
10032   14962404   8087   30430.124140
9992   14962404   8087   30407.570049
9939   14962404   8087   30385.000248
10016   14962404   8087   30365.037643
10433   14962404   8087   30342.506542
10126   14962404   8087   30320.260845
9679   14962404   8087   30297.923216
9890   14962404   8087   30279.782569
9757   14962404   8087   30257.439634
9838   14962404   8087   30235.301576
9947   14962404   8087   30212.992434
10091   14962404   8087   30244.601743
10070   14962404   8087   30527.983718
9950   14962404   8087   30860.375666
10277   14962404   8087   30837.590832
9844   14962404   8087   30816.854951
10110   14962404   8087   30796.242610
9903   14962404   8087   30773.713929
9974   14962404   8087   30751.077244
10208   14962404   8087   30731.162392
10177   14962404   8087   30708.641170
9877   14962404   8087   30686.295555
10152   14962404   8087   30663.813470
10160   14962404   8087   30643.500697
9428   14962404   8087   30623.262910
9120   14962404   8087   30601.135828
9912   14962404   8087   30578.881557
9733   14962404   8087   30557.140765
9081   14962404   8087   30537.137296
10205   14962404   8087   30515.246088
9522   14962404   8087   30493.238144
10168   14962404   8087   30472.269022
9281   14962404   8087   30453.506785
10022   14962404   8087   30431.725482
9804   14962404   8087   30409.820666
21544   14962404   8087   30388.224770
10249   14962404   8087   30368.794832
10421   14962404   8087   30347.214349
10278   14962404   8087   30325.507825
10384   14962404   8087   30304.502612
10483   14962404   8087   30286.936952
10461   14962404   8087   30265.495188
10429   14962404   8087   30243.992962
10885   14962404   8087   30222.634629
10140   14962404   8087   30203.827614
10479   14962404   8087   30182.569846
10719   14962404   8087   30161.240332
10240   14962404   8087   30139.895179
9324   14962404   8087   30122.750569
10024   14962404   8087   30101.640358
10957   14962404   8087   30080.489468
10239   14962404   8087   30059.363168
9857   14962404   8087   30040.782328
9873   14962404   8087   30019.946468
9849   14962404   8087   29998.959684
10136   14962404   8087   29978.052442
10127   14962404   8087   29961.226980
10377   14962404   8087   29940.565232
9738   14962404   8087   29919.738131
10004   14962404   8087   29901.810534
10032   14962404   8087   29883.631371
10292   14962404   8087   29863.097809
10087   14962404   8087   29842.494320
10454   14962404   8087   29821.835936
9837   14962404   8087   29805.361598
10483   14962404   8087   29784.914462
9635   14962404   8087   29764.489127
10179   14962404   8087   29744.153196
10041   14962404   8087   29726.277666
10233   14962404   8087   29705.974119
10063   14962404   8087   29685.691665
11348   14962404   8087   29665.464970
49552   14962404   8087   29647.510258
17945   14962404   8087   29628.925258
10158   14962404   8087   29608.919067
9937   14962404   8087   29588.775950
10203   14962404   8087   29571.168869
9112   14962404   8087   29551.177329
9535   14962404   8087   29531.376474
8945   14962404   8087   29511.414492
20450   14962404   8087   29493.643642
9069   14962404   8087   29475.791176
9657   14962404   8087   29456.070590
10061   14962404   8087   29436.266296
20701   14962404   8087   29418.157206
10276   14962404   8087   29399.289628
10374   14962404   8087   29379.754878
10420   14962404   8087   29360.087932
10369   14962404   8087   29341.456653
9997   14962404   8087   29325.382251
10495   14962404   8087   29305.982258
10234   14962404   8087   29286.565510
9734   14962404   8087   29267.640215
9802   14962404   8087   29250.263837
10512   14962404   8087   29230.945716
10320   14962404   8087   29211.670296
23057   14962404   8087   29192.967817
9572   14962404   8087   29176.990274
10099   14962404   8087   29157.942641
9987   14962404   8087   29139.286750
10344   14962404   8087   29120.097493
9564   14962404   8087   29103.338681
10219   14962404   8087   29084.388887
9924   14962404   8087   29065.364787
10254   14962404   8087   29046.492299
9794   14962404   8087   29031.279085
9807   14962404   8087   29012.446151
10345   14962404   8087   28993.579525
10114   14962404   8087   28974.790333
9968   14962404   8087   28958.364084
10283   14962404   8087   28939.752070
10438   14962404   8087   28921.026906
10122   14962404   8087   28902.335189
10180   14962404   8087   28887.420180
10083   14962404   8087   28868.827405
10090   14962404   8087   28850.260549
10368   14962404   8087   28831.810404
10621   14962404   8087   28815.586253
9808   14962404   8087   28797.218257
9863   14962404   8087   28778.805164
9755   14962404   8087   28760.396833
8752   14962404   8087   28745.853722
9121   14962404   8087   28727.450384
9204   14962404   8087   28709.280741
9723   14962404   8087   28691.048606
9853   14962404   8087   28675.171822
9740   14962404   8087   28657.093104
9831   14962404   8087   28639.004374
9130   14962404   8087   28620.949358
9647   14962404   8087   28606.685530
9354   14962404   8087   28588.610032
9765   14962404   8087   28570.681471
9215   14962404   8087   28552.640117
9699   14962404   8087   28537.019301
10285   14962404   8087   28519.149688
9866   14962404   8087   28501.326090
10198   14962404   8087   28483.401873
10528   14962404   8087   28468.491593
9996   14962404   8087   28451.640913
10305   14962404   8087   28433.925675
10067   14962404   8087   28416.196879
10507   14962404   8087   28400.931520
10477   14962404   8087   28383.231230
10481   14962404   8087   28365.767290
10354   14962404   8087   28348.146693
9882   14962404   8087   28332.259311
10459   14962404   8087   28316.591142
10311   14962404   8087   28299.184414
9944   14962404   8087   28281.677016
34910   14962404   8087   28265.676250
10278   14962404   8087   28249.330720
10310   14962404   8087   28232.130234
9639   14962404   8087   28214.736069
31428   14962404   8087   28199.046583
10300   14962404   8087   28183.906178
10148   14962404   8087   28166.822852
9479   14962404   8087   28149.565062
9724   14962404   8087   28132.829647
10310   14962404   8087   28117.661172
10167   14962404   8087   28101.107957
9998   14962404   8087   28084.012283
9768   14962404   8087   28067.398366
9621   14962404   8087   28053.568107
9956   14962404   8087   28036.821798
9813   14962404   8087   28019.798942
10072   14962404   8087   28005.528819
10014   14962404   8087   27990.949493
9963   14962404   8087   27974.215348
10055   14962404   8087   27957.376536
10423   14962404   8087   27940.595398
9381   14962404   8087   27927.366556
9057   14962404   8087   27910.693316
9626   14962404   8087   27894.005685
9649   14962404   8087   27877.288330
10341   14962404   8087   27862.876484
9734   14962404   8087   27846.314192
9835   14962404   8087   27829.800529
9769   14962404   8087   27813.209717
9982   14962404   8087   27800.284478
9947   14962404   8087   27783.881743
9810   14962404   8087   27767.435368
9511   14962404   8087   27750.967298
9641   14962404   8087   27737.008711
10409   14962404   8087   27720.678697
10502   14962404   8087   27704.381421
10271   14962404   8087   27688.098566
10296   14962404   8087   27675.376098
10336   14962404   8087   27659.105633
9639   14962404   8087   27642.972240
9788   14962404   8087   27626.906489
10091   14962404   8087   27612.950891
9634   14962404   8087   27596.963865
9623   14962404   8087   27580.925482
9995   14962404   8087   27564.810932
10682   14962404   8087   27552.308629
10797   14962404   8087   27536.301584
10065   14962404   8087   27520.397149
10179   14962404   8087   27504.407720
10385   14962404   8087   27490.612256
9904   14962404   8087   27474.730850
9660   14962404   8087   27458.878175
9741   14962404   8087   27442.992539
28665   14962404   8087   27430.727085
9704   14962404   8087   27414.976450
10248   14962404   8087   27399.280079
9898   14962404   8087   27383.545805
10045   14962404   8087   27370.023671
9744   14962404   8087   27354.300296
10146   14962404   8087   27338.730961
9912   14962404   8087   27323.230209
10109   14962404   8087   27309.196959
9898   14962404   8087   27295.489988
9977   14962404   8087   27279.974167
10046   14962404   8087   27264.472096
31277   14962404   8087   27249.710940
9684   14962404   8087   27235.749248
10117   14962404   8087   27220.349862
10115   14962404   8087   27204.933763
22181   14962404   8087   27190.424611
9945   14962404   8087   27178.040815
9576   14962404   8087   27162.807597
9084   14962404   8087   27147.523467
9856   14962404   8087   27132.590414
9588   14962404   8087   27119.104132
9742   14962404   8087   27103.949044
9253   14962404   8087   27088.760699
9514   14962404   8087   27073.991432
37658   14962404   8087   27062.040516
9157   14962404   8087   27047.053964
9238   14962404   8087   27031.949672
9640   14962404   8087   27016.870733
9190   14962404   8087   27004.021760
9435   14962404   8087   26989.080177
10337   14962404   8087   26974.097962
10334   14962404   8087   26959.083756
10298   14962404   8087   26947.535128
9870   14962404   8087   26932.666644
10443   14962404   8087   26917.799811
10302   14962404   8087   26902.994375
10265   14962404   8087   26890.316203
9827   14962404   8087   26875.540766
10167   14962404   8087   26860.791230
9929   14962404   8087   26846.008529
10421   14962404   8087   26834.602167
9966   14962404   8087   26820.061224
10351   14962404   8087   26805.423077
9725   14962404   8087   26790.684148
10042   14962404   8087   26778.145382
9704   14962404   8087   26763.646661
9802   14962404   8087   26749.053574
9738   14962404   8087   26734.551585
10028   14962404   8087   26723.385779
9941   14962404   8087   26708.844631
9755   14962404   8087   26694.463121
9745   14962404   8087   26680.020430
10369   14962404   8087   26667.693539
9960   14962404   8087   26653.332447
10114   14962404   8087   26639.032126
9109   14962404   8087   26624.654693
10032   14962404   8087   26613.655569
9758   14962404   8087   26599.355732
10194   14962404   8087   26585.153734
9891   14962404   8087   26570.855923
10036   14962404   8087   26557.114078
10282   14962404   8087   26544.702429
9995   14962404   8087   26530.564421
10290   14962404   8087   26516.340627
29543   14962404   8087   26504.074782
9718   14962404   8087   26491.363574
10111   14962404   8087   26477.473381
9293   14962404   8087   26463.456162
20267   14962404   8087   26451.390351
9821   14962404   8087   26439.674030
9707   14962404   8087   26425.735125
9738   14962404   8087   26411.694087
9951   14962404   8087   26399.419685
9663   14962404   8087   26387.213947
9641   14962404   8087   26373.435263
9600   14962404   8087   26359.548489
9168   14962404   8087   26346.528505
9558   14962404   8087   26334.371416
10229   14962404   8087   26320.769947
9095   14962404   8087   26306.938884
10239   14962404   8087   26293.815998
10309   14962404   8087   26282.686687
10772   14962404   8087   26269.015319
9840   14962404   8087   26255.299079
37396   14962404   8087   26241.754553
10421   14962404   8087   26230.176992
10483   14962404   8087   26216.639940
10533   14962404   8087   26203.058417
10105   14962404   8087   26189.406219
9761   14962404   8087   26179.125262
10392   14962404   8087   26165.717703
9587   14962404   8087   26152.182127
9636   14962404   8087   26138.673865
10266   14962404   8087   26127.221027
10084   14962404   8087   26113.854714
10111   14962404   8087   26100.457683
10097   14962404   8087   26087.108834
10042   14962404   8087   26076.941779
10054   14962404   8087   26063.648594
10037   14962404   8087   26050.301650
10436   14962404   8087   26036.978781
10149   14962404   8087   26025.739254
9655   14962404   8087   26012.558455
10048   14962404   8087   25999.285993
9767   14962404   8087   25986.002249
9918   14962404   8087   25976.032126
10368   14962404   8087   25963.533038
9811   14962404   8087   25950.417574
10179   14962404   8087   25975.635154
9552   14962404   8087   26186.670333
10440   14962404   8087   26441.352485
10502   14962404   8087   26427.838962
10040   14962404   8087   26414.335584
10217   14962404   8087   26404.049602
10351   14962404   8087   26390.634756
10381   14962404   8087   26377.264051
9924   14962404   8087   26363.771140
9137   14962404   8087   26352.321812
9797   14962404   8087   26339.007172
10055   14962404   8087   26325.675917
9637   14962404   8087   26312.436366
9743   14962404   8087   26302.247137
9930   14962404   8087   26288.953070
9549   14962404   8087   26275.749168
9477   14962404   8087   26262.507567
9572   14962404   8087   26251.237459
9461   14962404   8087   26238.128532
10092   14962404   8087   26225.252828
9500   14962404   8087   26212.111901
22453   14962404   8087   26200.425043
9740   14962404   8087   26189.808501
10023   14962404   8087   26176.817750
10476   14962404   8087   26163.711316
24515   14962404   8087   26152.053982
9720   14962404   8087   26139.663354
10263   14962404   8087   26126.683543
10245   14962404   8087   26114.076587
26468   14962404   8087   26102.544564
10485   14962404   8087   26091.242748
10179   14962404   8087   26078.361670
10285   14962404   8087   26065.444494
9867   14962404   8087   26052.812639
9721   14962404   8087   26041.546673
9532   14962404   8087   26028.783630
10250   14962404   8087   26015.913253
22375   14962404   8087   26003.637000
10243   14962404   8087   25993.502980
9928   14962404   8087   25980.806654
9607   14962404   8087   25968.033513
10088   14962404   8087   25955.262631
10170   14962404   8087   25944.430940
10405   14962404   8087   25931.813611
10229   14962404   8087   25919.132973
9197   14962404   8087   25906.394957
10242   14962404   8087   25896.703632
9978   14962404   8087   25884.148804
9990   14962404   8087   25871.553726
9953   14962404   8087   25859.016429
9664   14962404   8087   25848.440572
9700   14962404   8087   25835.935909
10349   14962404   8087   25823.425230
9726   14962404   8087   25810.912224
10341   14962404   8087   25801.606317
9590   14962404   8087   25789.256879
9921   14962404   8087   25776.782205
10171   14962404   8087   25764.357109
8968   14962404   8087   25753.806395
9980   14962404   8087   25741.434414
9880   14962404   8087   25729.126124
9291   14962404   8087   25716.756744
9499   14962404   8087   25707.536331
10696   14962404   8087   25695.236195
9906   14962404   8087   25683.019124
9841   14962404   8087   25670.786844
9134   14962404   8087   25660.451730
9693   14962404   8087   25650.515536
9742   14962404   8087   25638.356703
9714   14962404   8087   25626.144140
10409   14962404   8087   25616.937330
10191   14962404   8087   25604.742540
10185   14962404   8087   25592.719684
9935   14962404   8087   25580.527753
10448   14962404   8087   25570.362659
10383   14962404   8087   25558.329041
10171   14962404   8087   25546.271443
10363   14962404   8087   25534.218713
23022   14962404   8087   25524.929860
10118   14962404   8087   25513.468413
10388   14962404   8087   25501.682203
10044   14962404   8087   25489.637873
20584   14962404   8087   25479.221175
10057   14962404   8087   25467.638300
9938   14962404   8087   25455.765473
10120   14962404   8087   25443.842771
9833   14962404   8087   25433.542108
10398   14962404   8087   25423.247096
9979   14962404   8087   25411.902441
10281   14962404   8087   25400.042285
28549   14962404   8087   25388.992618
10120   14962404   8087   25378.328163
10186   14962404   8087   25366.625979
9809   14962404   8087   25354.791605
32799   14962404   8087   25343.705119
10125   14962404   8087   25334.164436
9732   14962404   8087   25322.540642
9941   14962404   8087   25310.865233
10009   14962404   8087   25299.517870
10164   14962404   8087   25289.377309
9697   14962404   8087   25277.867815
10145   14962404   8087   25266.250465
9924   14962404   8087   25255.023803
10249   14962404   8087   25246.207185
10242   14962404   8087   25234.688201
9894   14962404   8087   25223.149653
10033   14962404   8087   25211.639232
9069   14962404   8087   25201.962237
9611   14962404   8087   25190.530928
9576   14962404   8087   25179.076850
9060   14962404   8087   25167.721187
9264   14962404   8087   25159.205956
9062   14962404   8087   25147.810831
10170   14962404   8087   25136.410516
9230   14962404   8087   25125.044257
9578   14962404   8087   25115.535875
9008   14962404   8087   25104.247303
9919   14962404   8087   25092.927494
9158   14962404   8087   25081.569212
9762   14962404   8087   25073.057409
10183   14962404   8087   25061.778478
10506   14962404   8087   25050.517388
10407   14962404   8087   25039.334263
10596   14962404   8087   25029.954831
10318   14962404   8087   25018.742388
10390   14962404   8087   25007.543204
10201   14962404   8087   24996.312596
10640   14962404   8087   24988.025755
9823   14962404   8087   24976.838673
10488   14962404   8087   24965.750436
10680   14962404   8087   24954.615030
10182   14962404   8087   24945.314592
10173   14962404   8087   24934.209781
10015   14962404   8087   24923.171666
10085   14962404   8087   24912.177524
10010   14962404   8087   24904.014843
9575   14962404   8087   24893.008738
9873   14962404   8087   24882.057301
9873   14962404   8087   24871.199737
9826   14962404   8087   24862.013242
9784   14962404   8087   24851.171126
9494   14962404   8087   24840.299480
10265   14962404   8087   24829.364591
29367   14962404   8087   24820.378440
10157   14962404   8087   24810.529317
10187   14962404   8087   24799.693341
9654   14962404   8087   24788.803512
27061   14962404   8087   24779.303256
10034   14962404   8087   24769.385512
10121   14962404   8087   24758.588170
9956   14962404   8087   24747.830889
38509   14962404   8087   24737.906412
10336   14962404   8087   24729.093618
10056   14962404   8087   24718.400282
10031   14962404   8087   24707.634200
10034   14962404   8087   24697.143695
9899   14962404   8087   24687.936476
10263   14962404   8087   24677.310945
10049   14962404   8087   24666.613425
10474   14962404   8087   24656.407300
9336   14962404   8087   24648.216010
9923   14962404   8087   24637.626578
10124   14962404   8087   24627.023555
9327   14962404   8087   24616.381930
9802   14962404   8087   24607.565894
9185   14962404   8087   24597.042637
9674   14962404   8087   24586.457462
9589   14962404   8087   24575.880617
9987   14962404   8087   24568.179654
8971   14962404   8087   24557.706810
10518   14962404   8087   24547.210067
9812   14962404   8087   24536.824372
9964   14962404   8087   24528.088944
10387   14962404   8087   24519.743333
10889   14962404   8087   24509.408074
10499   14962404   8087   24498.950819
10467   14962404   8087   24491.494738
10431   14962404   8087   24481.146263
10023   14962404   8087   24470.769726
10502   14962404   8087   24460.367042
10572   14962404   8087   24451.758960
10044   14962404   8087   24441.524431
9924   14962404   8087   24431.226599
10239   14962404   8087   24420.970141
9909   14962404   8087   24413.438023
10038   14962404   8087   24403.129211
9824   14962404   8087   24392.920267
9759   14962404   8087   24382.645061
9845   14962404   8087   24374.101986
10284   14962404   8087   24363.900249
10119   14962404   8087   24353.755393
10418   14962404   8087   24343.506852
10702   14962404   8087   24336.120946
10312   14962404   8087   24325.937891
10169   14962404   8087   24315.806671
9702   14962404   8087   24305.635145
9979   14962404   8087   24297.320711
10149   14962404   8087   24287.215780
9564   14962404   8087   24277.240895
9808   14962404   8087   24267.119689
24673   14962404   8087   24259.412903
9670   14962404   8087   24249.821962
10403   14962404   8087   24239.851526
9618   14962404   8087   24229.834786
9965   14962404   8087   24221.611427
10319   14962404   8087   24211.594500
10331   14962404   8087   24201.663075
9589   14962404   8087   24191.662616
10121   14962404   8087   24183.551604
10109   14962404   8087   24175.055949
9783   14962404   8087   24165.234726
10138   14962404   8087   24155.347221
15341   14962404   8087   24145.923605
9274   14962404   8087   24137.289076
9291   14962404   8087   24127.502440
9177   14962404   8087   24117.610105
20693   14962404   8087   24108.300437
9348   14962404   8087   24100.580569
9972   14962404   8087   24090.849158
9687   14962404   8087   24080.987632
10190   14962404   8087   24071.519722
10525   14962404   8087   24063.172130
10361   14962404   8087   24053.446075
10178   14962404   8087   24043.733768
9978   14962404   8087   24034.210827
10036   14962404   8087   24026.908686
9875   14962404   8087   24017.239123
9662   14962404   8087   24007.548753
10514   14962404   8087   23997.821342
10462   14962404   8087   23989.763336
10470   14962404   8087   23980.123804
10416   14962404   8087   23970.511995
9176   14962404   8087   23960.887651
10009   14962404   8087   23954.030523
9606   14962404   8087   23944.545973
10334   14962404   8087   23934.950237
10546   14962404   8087   23925.372749
9885   14962404   8087   23917.548707
9707   14962404   8087   23908.050151
10024   14962404   8087   23898.491411
9854   14962404   8087   23888.981586
10001   14962404   8087   23882.172444
10069   14962404   8087   23872.665739
9830   14962404   8087   23863.215122
10007   14962404   8087   23853.785697
9879   14962404   8087   23845.923965
9506   14962404   8087   23836.540200
9837   14962404   8087   23827.097077
9889   14962404   8087   23817.634982
10131   14962404   8087   23810.828387
10106   14962404   8087   23801.414647
9840   14962404   8087   23792.110293
10041   14962404   8087   23782.782512
10313   14962404   8087   23775.056199
9878   14962404   8087   23765.748182
9708   14962404   8087   23756.433145
10055   14962404   8087   23747.109936
9215   14962404   8087   23740.370169
10262   14962404   8087   23731.185034
9620   14962404   8087   23721.925531
9750   14962404   8087   23712.743741
9680   14962404   8087   23703.765517
9266   14962404   8087   23695.861381
9710   14962404   8087   23686.702832
9572   14962404   8087   23677.449184
21597   14962404   8087   23669.933801
9687   14962404   8087   23661.776970
9413   14962404   8087   23652.612497
9592   14962404   8087   23643.777081
23004   14962404   8087   23636.275048
9769   14962404   8087   23627.178412
10431   14962404   8087   23618.011169
10466   14962404   8087   23608.871400
10177   14962404   8087   23600.951704
9742   14962404   8087   23593.209617
10351   14962404   8087   23584.203929
10096   14962404   8087   23575.034933
13910   14962404   8087   23566.237047
10453   14962404   8087   23558.624425
9829   14962404   8087   23549.640349
10540   14962404   8087   23542.479514
10053   14962404   8087   23534.006862
9685   14962404   8087   23527.113903
9877   14962404   8087   23518.193493
10110   14962404   8087   23509.123137
34840   14962404   8087   23500.266738
9569   14962404   8087   23492.796340
10297   14962404   8087   23483.871890
9699   14962404   8087   23474.928611
9851   14962404   8087   23465.964404
10011   14962404   8087   23459.579129
9855   14962404   8087   23450.680072
9959   14962404   8087   23441.756885
10287   14962404   8087   23432.947093
9107   14962404   8087   23425.688534
9705   14962404   8087   23416.792939
9846   14962404   8087   23407.952477
10249   14962404   8087   23399.095849
10040   14962404   8087   23392.819328
9878   14962404   8087   23384.036212
10196   14962404   8087   23406.084707
9734   14962404   8087   23580.982998
9897   14962404   8087   23787.231688
10062   14962404   8087   23778.179616
10408   14962404   8087   23769.113756
10145   14962404   8087   23760.110226
9836   14962404   8087   23753.781543
9487   14962404   8087   23744.772669
9773   14962404   8087   23735.816406
9451   14962404   8087   23726.792346
9830   14962404   8087   23719.423634
9986   14962404   8087   23710.433533
10147   14962404   8087   23701.511798
9462   14962404   8087   23692.555634
9960   14962404   8087   23686.237201
9204   14962404   8087   23677.283701
10039   14962404   8087   23668.392478
9694   14962404   8087   23659.496232
9922   14962404   8087   23652.368616
9102   14962404   8087   23643.472554
10381   14962404   8087   23634.688340
10011   14962404   8087   23625.773249
9914   14962404   8087   23619.400132
10488   14962404   8087   23610.559312
9981   14962404   8087   23601.835650
10037   14962404   8087   23593.024951
10536   14962404   8087   23585.766791
10387   14962404   8087   23576.977134
10287   14962404   8087   23568.608196
10343   14962404   8087   23559.820992
22137   14962404   8087   23552.381625
10388   14962404   8087   23544.907042
10150   14962404   8087   23536.203518
9652   14962404   8087   23527.454666
9658   14962404   8087   23518.958529
10232   14962404   8087   23511.554931
9863   14962404   8087   23502.883591
10145   14962404   8087   23494.181261
9795   14962404   8087   23486.652283
9919   14962404   8087   23479.218544
10264   14962404   8087   23470.628528
10508   14962404   8087   23461.963335
9701   14962404   8087   23453.672360
10196   14962404   8087   23446.371413
10375   14962404   8087   23437.772274
9985   14962404   8087   23429.157803
46313   14962404   8087   23420.939798
9961   14962404   8087   23414.408633
10159   14962404   8087   23405.975521
9850   14962404   8087   23397.392735
9743   14962404   8087   23388.845635
9969   14962404   8087   23381.837110
9833   14962404   8087   23373.277329
9923   14962404   8087   23364.806635
9905   14962404   8087   23356.376143
9945   14962404   8087   23350.442249
10309   14962404   8087   23341.999994
9905   14962404   8087   23333.517187
9525   14962404   8087   23325.039932
9746   14962404   8087   23318.082361
9921   14962404   8087   23309.694533
9604   14962404   8087   23301.378587
10430   14962404   8087   23293.038995
9541   14962404   8087   23287.078211
9435   14962404   8087   23278.785146
9884   14962404   8087   23270.418959
9785   14962404   8087   23262.170737
9520   14962404   8087   23255.359676
9921   14962404   8087   23247.022511
9653   14962404   8087   23238.683884
9893   14962404   8087   23230.338269
10534   14962404   8087   23224.455408
9850   14962404   8087   23216.172115
10479   14962404   8087   23207.939676
9903   14962404   8087   23199.612683
10400   14962404   8087   23192.971029
10185   14962404   8087   23184.659947
10445   14962404   8087   23176.415272
10269   14962404   8087   23168.315041
10016   14962404   8087   23162.731747
10432   14962404   8087   23154.576104
10256   14962404   8087   23146.417572
11757   14962404   8087   23138.197092
9868   14962404   8087   23131.567172
9732   14962404   8087   23123.440287
9762   14962404   8087   23115.297294
9946   14962404   8087   23108.863029
27433   14962404   8087   23103.285307
10562   14962404   8087   23095.558352
10094   14962404   8087   23087.469398
10011   14962404   8087   23079.346866
10215   14962404   8087   23072.780998
9676   14962404   8087   23064.638228
9749   14962404   8087   23056.592287
8991   14962404   8087   23048.445239
34831   14962404   8087   23041.857391
9839   14962404   8087   23034.816536
9690   14962404   8087   23026.817650
10142   14962404   8087   23018.747330
25694   14962404   8087   23011.360097
9783   14962404   8087   23004.160577
9691   14962404   8087   22996.173291
10156   14962404   8087   22988.104174
40806   14962404   8087   22980.982004
10125   14962404   8087   22974.545027
9893   14962404   8087   22966.626470
9847   14962404   8087   22958.648112
9944   14962404   8087   22950.912438
9416   14962404   8087   22944.180091
9997   14962404   8087   22936.242025
9433   14962404   8087   22928.330335
10950   14962404   8087   22920.713121
9751   14962404   8087   22914.864191
9902   14962404   8087   22907.033152
9939   14962404   8087   22899.145984
9781   14962404   8087   22891.306718
9654   14962404   8087   22884.914275
9236   14962404   8087   22877.065529
9305   14962404   8087   22869.198841
10363   14962404   8087   22861.276119
9910   14962404   8087   22855.908090
10511   14962404   8087   22848.130946
9813   14962404   8087   22840.314394
10301   14962404   8087   22832.479090
10104   14962404   8087   22826.179320
10529   14962404   8087   22818.352839
10220   14962404   8087   22810.598613
9646   14962404   8087   22802.863254
10224   14962404   8087   22797.481708
10405   14962404   8087   22789.816633
9950   14962404   8087   22782.051246
10647   14962404   8087   22774.287785
10210   14962404   8087   22768.064619
10512   14962404   8087   22760.321749
9747   14962404   8087   22752.659606
9908   14962404   8087   22744.926138
10177   14962404   8087   22739.503026
9908   14962404   8087   22731.838537
9846   14962404   8087   22724.321718
10158   14962404   8087   22716.680286
10137   14962404   8087   22710.558358
10382   14962404   8087   22702.892376
10211   14962404   8087   22695.267142
10342   14962404   8087   22687.603771
9210   14962404   8087   22682.239243
9758   14962404   8087   22674.638433
9890   14962404   8087   22667.122477
10182   14962404   8087   22659.511461
23931   14962404   8087   22652.976609
10144   14962404   8087   22646.226284
10272   14962404   8087   22638.714171
10248   14962404   8087   22631.116636
25256   14962404   8087   22625.545714
9715   14962404   8087   22618.355917
10022   14962404   8087   22610.870743
9879   14962404   8087   22603.316391
10716   14962404   8087   22597.238237
9618   14962404   8087   22589.721780
9941   14962404   8087   22582.252528
9862   14962404   8087   22574.743469
10129   14962404   8087   22568.388144
9791   14962404   8087   22562.194817
9461   14962404   8087   22554.768969
8983   14962404   8087   22547.342963
19760   14962404   8087   22540.553799
9184   14962404   8087   22533.963332
9826   14962404   8087   22526.558015
10060   14962404   8087   22519.097686
34963   14962404   8087   22512.175540
10121   14962404   8087   22506.559310
9891   14962404   8087   22499.250346
10415   14962404   8087   22491.821061
11238   14962404   8087   22484.648111
10295   14962404   8087   22478.551824
10421   14962404   8087   22471.214924
10545   14962404   8087   22463.869175
16238   14962404   8087   22456.785523
10494   14962404   8087   22451.491756
10426   14962404   8087   22444.200137
10503   14962404   8087   22436.873035
10463   14962404   8087   22429.568969
9870   14962404   8087   22423.668395
9913   14962404   8087   22416.388452
10054   14962404   8087   22409.165943
10292   14962404   8087   22401.827586
9741   14962404   8087   22396.858221
10031   14962404   8087   22389.664173
10335   14962404   8087   22382.394557
10354   14962404   8087   22375.189260
10652   14962404   8087   22369.401119
10028   14962404   8087   22362.182933
9145   14962404   8087   22355.025094
9980   14962404   8087   22347.758245
30619   14962404   8087   22343.092122
10161   14962404   8087   22337.046641
10047   14962404   8087   22329.878948
9542   14962404   8087   22322.684842
10325   14962404   8087   22316.961940
10189   14962404   8087   22309.886296
10166   14962404   8087   22302.753450
9812   14962404   8087   22295.713601
9907   14962404   8087   22290.833663
9755   14962404   8087   22283.735117
9838   14962404   8087   22276.644477
9027   14962404   8087   22269.484455
9710   14962404   8087   22263.808805
9475   14962404   8087   22256.674463
9078   14962404   8087   22249.614323
9601   14962404   8087   22242.844057
10034   14962404   8087   22238.145850
9371   14962404   8087   22231.142284
9195   14962404   8087   22224.181714
10047   14962404   8087   22217.072210
9335   14962404   8087   22211.480230
10358   14962404   8087   22204.438645
9711   14962404   8087   22197.417789
9311   14962404   8087   22190.374037
31601   14962404   8087   22184.818245
10399   14962404   8087   22178.579396
9737   14962404   8087   22171.682003
10034   14962404   8087   22164.642262
10196   14962404   8087   22159.093111
10127   14962404   8087   22152.113894
10452   14962404   8087   22145.166092
9720   14962404   8087   22138.165592
10497   14962404   8087   22132.653036
10349   14962404   8087   22126.569637
10308   14962404   8087   22119.744226
10325   14962404   8087   22112.811366
23890   14962404   8087   22106.269395
10645   14962404   8087   22100.277040
9652   14962404   8087   22093.375814
10302   14962404   8087   22086.455374
9933   14962404   8087   22080.013015
10163   14962404   8087   22074.913636
9649   14962404   8087   22068.090450
10432   14962404   8087   22061.205862
9848   14962404   8087   22054.593241
10068   14962404   8087   22048.925801
10373   14962404   8087   22042.116150
10163   14962404   8087   22035.257924
42295   14962404   8087   22028.507570
9770   14962404   8087   22023.825509
9672   14962404   8087   22017.069609
9612   14962404   8087   22010.250685
9878   14962404   8087   22003.472370
9750   14962404   8087   21998.193678
9841   14962404   8087   21991.403742
9754   14962404   8087   21984.622391
9621   14962404   8087   21977.866518
9708   14962404   8087   21973.275807
10410   14962404   8087   21966.545499
10347   14962404   8087   21959.795537
9760   14962404   8087   21953.079366
10410   14962404   8087   21947.677899
9493   14962404   8087   21940.977355
9745   14962404   8087   21934.264765
9833   14962404   8087   21927.508441
9889   14962404   8087   21923.119951
10105   14962404   8087   21916.448947
9966   14962404   8087   21909.836004
9663   14962404   8087   21903.205512
9535   14962404   8087   21897.940576
9938   14962404   8087   21891.263373
9687   14962404   8087   21884.583228
9010   14962404   8087   21877.886841
9766   14962404   8087   21873.468461
9914   14962404   8087   21866.870920
9926   14962404   8087   21860.594679
10388   14962404   8087   21853.957755
10496   14962404   8087   21848.760054
10227   14962404   8087   21842.152023
9748   14962404   8087   21835.565270
9899   14962404   8087   21829.026699
10467   14962404   8087   21824.565071
10213   14962404   8087   21817.992105
10422   14962404   8087   21811.480903
10243   14962404   8087   21804.880954
9915   14962404   8087   21799.680149
10315   14962404   8087   21793.089987
9736   14962404   8087   21786.562168
10152   14962404   8087   21779.997210
29033   14962404   8087   21774.574202
10084   14962404   8087   21769.077254
10057   14962404   8087   21762.652569
10063   14962404   8087   21756.098184
31930   14962404   8087   21750.921310
9668   14962404   8087   21744.529756
10049   14962404   8087   21738.056453
10006   14962404   8087   21731.556593
10849   14962404   8087   21726.077531
29006   14962404   8087   21727.518760
