100
99,5
100
100
99,73
100
100
100
100
100
100
100
100
100
100
100
99,5
100
100
100
100
98,91
100
100
99,5
100
100
99,47
98,9
98,91
99,19
98,94
19,54
9,28
9,25
9,54
17,49
11,95
10,14
9,04
9,91
74,93
28,24
26,86
21,04
24,64
25,43
24,86
31,83
24,57
23,01
23,56
24,15
26,14
31,27
24,79
23,01
24,37
25,49
24,93
29,34
22,45
26,26
24,5
24,08
24,22
23,28
23,93
23,51
22,73
25,35
25,64
31,16
25,64
23,93
24,57
27,68
26,48
23,65
23,43
25,85
21,68
23,05
24,36
30,29
25
22,38
21,9
22,57
30,84
20,87
25,14
24,43
25,5
22,92
23,34
22
23,43
34,36
23,92
22,74
22,35
23,14
23,85
23,36
22,99
22,99
25,92
23,19
25,5
25,5
34,56
23,73
23,78
23,78
24,36
22,57
22,61
23,92
25,21
21,05
25,21
21,87
26,04
21,35
24,36
26,91
22,48
25
22,54
24,57
24,29
24,07
25,84
24,29
20,35
28,12
25,21
29,19
23,21
24,58
22,77
24,36
21,55
30,11
24,44
23,78
24
29,66
24,79
23,65
24,93
25,35
24,15
32,39
25,63
29,02
23,36
24,07
23,8
21,49
24,15
20,93
27,07
29,63
22,99
24,86
23,85
22,99
24,5
22,86
24,79
22,99
23,56
29,18
22,73
24,29
33,9
24,72
23,43
24,65
25,78
22,54
30,23
23,28
25,21
23,86
23,51
25,77
23,56
34,64
28,7
23,78
24,72
23,99
30,03
24,28
31,34
25,14
23,28
27,84
23,12
22,06
24,58
22,7
23,16
22,41
24,51
25,98
24
24,29
27,42
23,92
23,34
25,14
26,61
23,96
24,23
23,8
22,32
27,46
22,48
22,83
21,74
23,05
24,65
24,07
25,84
