Act   Max   Min   Avg
0   0   0   -nan
12899   10046508   8665   248018.821018
14158   10046508   8665   152739.350382
13602   10046508   8665   312852.835578
22348   10046508   8665   349732.490959
13030   10046508   8665   410600.006077
14385   10046508   8665   358173.679010
15593   10046508   8665   311989.656460
14551   10046508   8665   276480.382922
20126   10046508   5508   248626.181199
20869   10046508   5508   226082.460397
13440   10046508   5508   234757.370163
12223   10046508   5508   326253.782233
13250   10046508   5508   419716.022197
12410   10046508   5508   492107.261788
12864   10046508   5508   514737.137157
9391   10046508   5508   485948.576792
13083   10046508   5508   458737.165031
13786   10046508   5508   487213.091903
12997   10046508   5508   462902.497002
9332   10046508   5508   487826.425032
12972   15681077   5508   538259.463793
9667   15681077   5508   526034.351161
8638   15681077   5508   548723.366651
12758   15681077   5508   527289.077355
13788   15681077   5508   508919.489057
8386   15681077   5508   494528.524777
8764   15681077   5508   482673.904164
8757   15681077   5508   471123.396069
8737   15681077   5508   458908.440764
8961   15681077   5508   444228.086315
11437   15681077   5508   436774.102311
12617   15681077   5508   423633.674480
24322   15681077   5508   411399.559277
13301   15681077   5508   399866.752076
9136   15681077   5508   388920.515322
9267   15681077   5508   378538.555990
9419   15681077   5508   368692.530712
12082   15880558   5508   370882.167357
9301   15880558   5508   361756.692673
9582   15880558   5508   353052.700416
14715   15880558   5508   344777.592547
13262   15880558   5508   336898.105549
9155   15880558   5508   329382.543782
12850   15880558   5508   322240.526000
13814   15880558   5508   315453.275759
9218   15880558   5508   309099.405094
9279   15880558   5508   302788.650657
8533   15880558   5508   296743.175929
12458   15880558   5508   290979.793143
9195   15880558   5508   285460.572845
9888   15880558   5508   280132.460474
15852   15880558   5508   275033.143563
9777   15880558   5508   270123.762135
9487   15880558   5508   265367.905098
9148   15880558   5508   260762.072883
8810   15880558   5508   256312.793007
9025   15880558   5508   252017.983007
13657   15880558   5508   247913.652305
14544   15880558   5508   243982.476966
20377   15880558   5508   240189.956114
19510   15880558   5508   236544.100636
13250   15880558   5508   233175.401096
11883   15880558   5508   229749.629426
13029   15880558   5508   226281.612319
12424   15880558   5508   223041.724756
13574   15880558   5508   220252.833702
13353   15880558   5508   217182.035084
20897   15880558   5508   214210.877024
11594   15880558   5508   211425.007048
12115   15880558   5508   208606.737562
10530   15880558   5508   205860.777891
11125   15880558   5508   203195.330123
13847   15880558   5508   200594.792332
12159   15880558   5508   198074.949879
11697   15880558   5508   195618.981725
11468   15880558   5508   193229.277215
11425   15880558   5508   190885.573710
12375   15880558   5508   188627.829738
12898   15880558   5508   186752.920013
13490   15880558   5508   184603.390432
12240   15880558   5508   182501.353822
13094   15880558   5508   180451.471194
13879   15880558   5508   178448.034361
13563   15880558   5508   176506.072234
13005   15880558   5508   174607.724715
12539   15880558   5508   172743.955925
12995   15880558   5508   170922.550470
14008   15880558   5508   169141.823006
13144   15880558   5508   167398.160855
13575   15880558   5508   165694.896848
13637   15880558   5508   164029.615249
8590   15880558   5508   162381.643899
9161   15880558   5508   160760.139378
9714   15880558   5508   159171.661749
9762   15880558   5508   157613.779772
9685   15880558   5508   156086.291703
8739   15880558   5508   154591.507208
9200   15880558   5508   153128.814757
9735   15880558   5508   151693.443980
15136   15880558   5508   150287.263714
11254   15880558   5508   148907.269992
12444   15880558   5508   147557.063981
16380   15880558   5508   146242.486365
13082   15880558   5508   144942.650159
9287   15880558   5508   143667.509970
9307   15880558   5508   142417.210619
9064   15880558   5508   141189.033098
9477   15880558   5508   139983.591526
9679   15880558   5508   138800.587232
9146   15880558   5508   137637.999009
9002   15880558   5508   136495.145200
12461   15880558   5508   135377.965487
9342   15880558   5508   134282.142610
12909   15880558   5508   133201.213720
15349   15880558   5508   132142.325706
9764   15880558   5508   131106.733095
9226   15880558   5508   130082.766376
9462   15880558   5508   129075.125317
11993   15880558   5508   128087.406987
12388   15880558   5508   127131.098471
12587   15880558   5508   126182.016335
9499   15880558   5508   125247.932863
13566   15880558   5508   124327.067463
9483   15880558   5508   123412.908824
9243   15880558   5508   122512.243281
9036   15880558   5508   121628.239964
11857   15880558   5508   120764.693388
9566   15880558   5508   119920.974616
11569   15880558   5508   119087.388551
12646   15880558   5508   118271.186778
16630   15880558   5508   117457.470555
9131   15880558   5508   116648.709496
13964   15880558   5508   115872.369398
13067   15880558   5508   115113.178484
11680   15880558   5508   114364.904115
9399   15880558   5508   113627.857037
25707   15880558   5508   112902.090814
13818   15880558   5508   112188.004560
13644   15880558   5508   111483.814910
16637   15880558   5508   110789.532309
13225   15880558   5508   110105.008390
11396   15880558   5508   109430.744712
14329   15880558   5508   108766.501321
13783   15880558   5508   108109.049025
15103   15880558   5508   107460.439729
13904   15880558   5508   106824.100202
13370   15880558   5508   106195.549602
12678   15880558   5508   105574.318540
13958   15880558   5508   104962.073684
12726   15880558   5508   104358.849415
13845   15880558   5508   103762.556908
13156   15880558   5508   103174.187126
13519   15880558   5508   102592.683289
13464   15880558   5508   102019.716396
16016   15880558   5508   101452.896083
17232   15880558   5508   100893.163900
20095   15880558   5508   100340.727954
14541   15880558   5508   99796.428837
12521   15880558   5508   99258.323952
14390   15880558   5508   98727.873195
13850   15880558   5508   98203.837840
12807   15880558   5508   97685.429613
13338   15880558   5508   97180.889598
13350   15880558   5508   96675.789732
10572   15880558   5508   96163.111541
15016   15880558   5508   95659.961999
8719   15880558   5508   95171.596539
10950   15880558   5508   94676.443310
9258   15880558   5508   94184.787057
13375   15880558   5508   93705.454132
9837   15880558   5508   93228.487876
12877   15880558   5508   92756.166517
8683   15880558   5508   92285.764667
9449   15880558   5508   91813.684739
9891   15880558   5508   91346.538731
9925   15880558   5508   90888.215499
9280   15880558   5508   90440.370134
12237   15880558   5508   89995.302837
11115   15880558   5508   89558.481575
9322   15880558   5508   89127.600955
14134   15880558   5508   88699.934249
11161   15880558   5508   88280.074206
15657   15880558   5508   87861.993727
9803   15880558   5508   87446.799114
8617   15880558   5508   87033.647764
14143   15880558   5508   86626.284556
13408   15880558   5508   86228.894177
12578   15880558   5508   85837.580988
9310   15880558   5508   85448.805610
13270   15880558   5508   85063.400688
12245   15880558   5508   84684.037769
8655   15880558   5508   84304.514524
11499   15880558   5508   83929.143024
9859   15880558   5508   83555.531192
9916   15880558   5508   83182.195587
9101   15880558   5508   82811.495446
9892   15880558   5508   82443.113227
8776   15880558   5508   82079.376532
13007   15880558   5508   81731.459285
12283   15880558   5508   81388.663647
9997   15880558   5508   81044.941407
12062   15880558   5508   80696.688833
9680   15880558   5508   80359.669025
9503   15880558   5508   80019.380188
9393   15880558   5508   79676.683164
9984   15880558   5508   79336.672534
9794   15880558   5508   79000.391187
9228   15880558   5508   78670.590333
9990   15880558   5508   78340.331501
9200   15880558   5508   78017.128299
9272   15880558   5508   77693.458164
9656   15880558   5508   77376.925384
9171   15880558   5508   77059.294552
8804   15880558   5508   76744.179701
9189   15880558   5508   76432.117451
9585   15880558   5508   76126.908734
9302   15880558   5508   75820.473978
9562   15880558   5508   75516.801222
9192   15880558   5508   75215.888167
9737   15880558   5508   74923.131317
9181   15880558   5508   74627.672703
9714   15880558   5508   74335.074178
9237   15880558   5508   74045.041633
9502   15880558   5508   73761.006786
9669   15880558   5508   73475.888118
9516   15880558   5508   73193.700223
9690   15880558   5508   72913.695676
8918   15880558   5508   72640.938609
9687   15880558   5508   72365.759208
9495   15880558   5508   72092.926035
9209   15880558   5508   71822.338402
9350   15880558   5508   71557.435821
9449   15880558   5508   71292.789689
9714   15880558   5508   71029.304440
9255   15880558   5508   70768.034790
9550   15880558   5508   70513.724617
8920   15880558   5508   70256.751136
9066   15880558   5508   70001.987282
9217   15880558   5508   69749.278821
13459   15880558   5508   69499.965146
9659   15880558   5508   69253.909138
8580   15880558   5508   69007.528141
9024   15880558   5508   68763.026345
9979   15880558   5508   68522.375253
9323   15880558   5508   68284.606983
9812   15880558   5508   68522.329317
8559   15880558   5508   68283.921793
9804   15880558   5508   68050.303404
9155   15880558   5508   67815.611166
9457   15880558   5508   67582.819458
8772   15880558   5508   67351.883085
9990   15880558   5508   67124.604312
9643   15880558   5508   66900.089558
9628   15880558   5508   66674.645492
9211   15880558   5508   66451.510571
13315   15880558   5508   66230.212038
9621   15880558   5508   66011.808818
9324   15880558   5508   65793.139520
9750   15880558   5508   65576.216663
12998   15880558   5508   65361.709538
9374   15880558   5508   65151.560913
9695   15880558   5508   64940.587593
9681   15880558   5508   64730.795489
9648   15880558   5508   64523.104873
9454   15880558   5508   64319.055179
8939   15880558   5508   64114.141429
10140   15880558   5508   63910.657463
9517   15880558   5508   63708.892204
9480   15880558   5508   63512.251318
9578   15880558   5508   63313.314172
9589   15880558   5508   63115.740822
9333   15880558   5508   62919.710891
9598   15880558   5508   62727.627159
9596   15880558   5508   62534.450768
9590   15880558   5508   62342.594631
9523   15880558   5508   62152.372810
8836   15880558   5508   61967.040573
10006   15880558   5508   61784.939086
11420   15880558   5508   61609.315510
13124   15880558   5508   61434.369782
13954   15880558   5508   61262.642751
13040   15880558   5508   61093.111613
10798   15880558   5508   60925.617830
14749   15880558   5508   60747.412171
12846   15880558   5508   60574.621681
12669   15880558   5508   60399.063393
9773   15880558   5508   60224.314700
9207   15880558   5508   60050.623656
9484   15880558   5508   59880.911944
9387   15880558   5508   59709.651508
9393   15880558   5508   59539.740762
10105   15880558   5508   59370.823377
9487   15880558   5508   59206.636570
9859   15880558   5508   59040.014630
9296   15880558   5508   58874.608746
9372   15880558   5508   58710.242953
9426   15880558   5508   58549.499558
9369   15880558   5508   58387.362523
9899   15880558   5508   58226.367997
9774   15880558   5508   58067.982505
11729   15880558   5508   57912.796961
9791   15880558   5508   57755.463281
9116   15880558   5508   57598.778581
9377   15880558   5508   57442.881636
9397   15880558   5508   57289.920240
9607   15880558   5508   57136.159416
8861   15880558   5508   56983.486241
9757   15880558   5508   56831.768074
9917   15880558   5508   56682.972597
13279   15880558   5508   56535.653536
13058   15880558   5508   56393.951738
10990   15880558   5508   56246.452208
13305   15880558   5508   56100.784436
9011   15880558   5508   55955.970036
9534   15880558   5508   55811.105487
9604   15880558   5508   55666.921237
12276   15880558   5508   55525.075334
8714   15880558   5508   55386.899452
10049   15880558   5508   55245.442066
9653   15880558   5508   55104.845476
9380   15880558   5508   54965.438968
9958   15880558   5508   54828.790452
9272   15880558   5508   54690.827785
9194   15880558   5508   54553.667366
9739   15880558   5508   54417.728735
9431   15880558   5508   54285.317167
9420   15880558   5508   54150.714196
9302   15880558   5508   54016.809889
12900   15880558   5508   53883.963449
10013   15880558   5508   53754.006933
9470   15880558   5508   53622.489450
10009   15880558   5508   53491.902251
10314   15880558   5508   53362.000503
9336   15880558   5508   53236.489553
13242   15880558   5508   53108.132797
12791   15880558   5508   52980.698780
13222   15880558   5508   52853.702450
9335   15880558   5508   52729.956147
9730   15880558   5508   52604.546489
8715   15880558   5508   52480.427405
9171   15880558   5508   52356.790136
9850   15880558   5508   52237.360525
9587   15880558   5508   52114.824460
9347   15880558   5508   51993.095840
8707   15880558   5508   51872.021275
9423   15880558   5508   51754.119553
9331   15880558   5508   51634.445120
9923   15880558   5508   51515.438840
9896   15880558   5508   51396.931873
12746   15880558   5508   51282.106101
9478   15880558   5508   51165.106159
9920   15880558   5508   51048.936173
11815   15880558   5508   50933.296817
12833   15880558   5508   50820.146945
13355   15880558   5508   50705.837135
12087   15880558   5508   50592.088114
12729   15880558   5508   50478.865258
19373   15880558   5508   50369.302056
9828   15880558   5508   50257.651777
9501   15880558   5508   50146.573323
9413   15880558   5508   50035.904601
9134   15880558   5508   49927.846684
9761   15880558   5508   49818.376790
9176   15880558   5508   49709.675364
9388   15880558   5508   49601.439305
12042   15880558   5508   49495.301239
9156   15880558   5508   49389.694757
9749   15880558   5508   49283.185847
9208   15880558   5508   49177.194605
13084   15880558   5508   49073.229449
9554   15880558   5508   48969.064859
8703   15880558   5508   48864.811313
12742   15880558   5508   48761.066496
13112   15880558   5508   48658.939187
13126   15880558   5508   48871.777366
9475   15880558   5508   48768.977575
9208   15880558   5508   48666.826617
9629   15880558   5508   48565.407474
8779   15880558   5508   48465.791639
9352   15880558   5508   48365.327011
9499   15880558   5508   48265.169996
9399   15880558   5508   48165.843456
9084   15880558   5508   48069.403689
9963   15880558   5508   47971.054516
9335   15880558   5508   47872.930762
9902   15880558   5508   47775.443960
9798   15880558   5508   47680.111003
9205   15880558   5508   47583.407299
10071   15880558   5508   47487.448522
12703   15880558   5508   47391.919298
13545   15880558   5508   47298.915664
9316   15880558   5508   47203.940704
9172   15880558   5508   47109.658732
8591   15880558   5508   47015.656688
12683   15880558   5508   46923.839145
9232   15880558   5508   46831.193870
9829   15880558   5508   46738.698937
9330   15880558   5508   46646.560820
8587   15880558   5508   46557.557494
9586   15880558   5508   46466.499347
9283   15880558   5508   46376.070768
9190   15880558   5508   46286.008027
12723   15880558   5508   46197.858891
8739   15880558   5508   46108.452499
9547   15880558   5508   46019.638816
9711   15880558   5508   45931.362788
9092   15880558   5508   45845.936879
9222   15880558   5508   45758.352395
9129   15880558   5508   45671.246454
9982   15880558   5508   45584.488120
9675   15880558   5508   45500.088346
9740   15880558   5508   45414.247704
9165   15880558   5508   45328.902394
9063   15880558   5508   45243.820402
9896   15880558   5508   45161.442802
9196   15880558   5508   45077.203738
13416   15880558   5508   44993.411368
13083   15880558   5508   44909.861380
9210   15880558   5508   44828.657726
9766   15880558   5508   44746.065773
9077   15880558   5508   44663.939678
9573   15880558   5508   44582.034788
12387   15880558   5508   44502.222698
9779   15880558   5508   44422.095961
9442   15880558   5508   44343.092472
9540   15880558   5508   44262.793022
9815   15880558   5508   44184.582112
8904   15880558   5508   44105.037003
9363   15880558   5508   44025.826493
9357   15880558   5508   43946.910343
13233   15880558   5508   43869.496677
12794   15880558   5508   43792.899370
12627   15880558   5508   43715.224236
9927   15880558   5508   43637.820837
12253   15880558   5508   43561.391309
9390   15880558   5508   43485.650646
9395   15880558   5508   43409.308459
9168   15880558   5508   43333.288878
9580   15880558   5508   43257.917777
9671   15880558   5508   43184.702985
9079   15880558   5508   43109.796091
9244   15880558   5508   43035.171269
9244   15880558   5508   42961.047733
9846   15880558   5508   42888.535758
9786   15880558   5508   42815.032242
9716   15880558   5508   42741.769588
9292   15880558   5508   42668.937848
9505   15880558   5508   42598.668141
10975   15880558   5508   42526.280633
9852   15880558   5508   42454.265701
9242   15880558   5508   42382.492073
9449   15880558   5508   42312.946075
9933   15880558   5508   42241.930347
9381   15880558   5508   42171.254835
9569   15880558   5508   42100.981967
9823   15880558   5508   42033.535002
9690   15880558   5508   41963.764837
9306   15880558   5508   41894.406873
9615   15880558   5508   41825.190342
9043   15880558   5508   41757.992235
9247   15880558   5508   41689.418027
9332   15880558   5508   41621.154384
9272   15880558   5508   41553.096824
9221   15880558   5508   41487.803075
12870   15880558   5508   41420.300268
9227   15880558   5508   41353.396761
9332   15880558   5508   41286.562685
9681   15880558   5508   41221.503950
9567   15880558   5508   41155.230530
9173   15880558   5508   41089.275108
9327   15880558   5508   41023.608764
9446   15880558   5508   40960.590686
9846   15880558   5508   40895.371602
9103   15880558   5508   40830.505790
9489   15880558   5508   40765.888424
9297   15880558   5508   40703.077332
9623   15880558   5508   40639.008730
9768   15880558   5508   40575.165197
12053   15880558   5508   40511.562038
8785   15880558   5508   40450.110998
17207   15880558   5508   40387.806740
11467   15880558   5508   40325.018654
9247   15880558   5508   40262.440544
9149   15880558   5508   40201.721286
9406   15880558   5508   40139.637621
9728   15880558   5508   40077.941898
8702   15880558   5508   40016.383034
9996   15880558   5508   39956.052955
9803   15880558   5508   39896.410806
9719   15880558   5508   39835.663149
9542   15880558   5508   39775.168317
8876   15880558   5508   39716.018527
9292   15880558   5508   39656.391411
9267   15880558   5508   39596.613027
9351   15880558   5508   39537.145935
9477   15880558   5508   39478.580626
13234   15880558   5508   39420.671020
9551   15880558   5508   39361.874535
9464   15880558   5508   39303.247418
8875   15880558   5508   39245.130476
9418   15880558   5508   39188.340845
9470   15880558   5508   39130.558336
9032   15880558   5508   39072.975236
9746   15880558   5508   39015.837845
8502   15880558   5508   38960.736197
9728   15880558   5508   38903.804375
9239   15880558   5508   38846.991302
9246   15880558   5508   38790.682153
9400   15880558   5508   38735.595616
9403   15880558   5508   38679.526682
13842   15880558   5508   38623.649190
13285   15880558   5508   38568.096679
21596   15880558   5508   38514.730925
11008   15880558   5508   38459.525206
12786   15880558   5508   38404.550118
9159   15880558   5508   38349.745367
10124   15880558   5508   38296.656577
9469   15880558   5508   38242.330888
9474   15880558   5508   38188.161025
9255   15880558   5508   38134.156598
9691   15880558   5508   38082.602439
9202   15880558   5508   38029.117792
9090   15880558   5508   37975.867158
9764   15880558   5508   37922.723210
9513   15880558   5508   37871.284505
9267   15880558   5508   37818.849130
9247   15880558   5508   37766.353220
9676   15880558   5508   37714.105719
9728   15880558   5508   37664.099212
9195   15880558   5508   37612.213074
14469   15880558   5508   37560.481095
10326   15880558   5508   37510.255399
9327   15880558   5508   37460.514872
9713   15880558   5508   37409.380686
9525   15880558   5508   37358.448942
9178   15880558   5508   37307.707521
8669   15880558   5508   37259.369797
9864   15880558   5508   37209.032664
9030   15880558   5508   37158.946543
9773   15880558   5508   37108.925317
9788   15880558   5508   37060.549699
8627   15880558   5508   37010.935957
9588   15880558   5508   36961.535262
9344   15880558   5508   36912.215637
13393   15880558   5508   36864.925446
12198   15880558   5508   36816.449310
12985   15880558   5508   36767.782970
13987   15880558   5508   36719.143504
11076   15880558   5508   36672.143512
9386   15880558   5508   36623.945846
9408   15880558   5508   36576.007598
9714   15880558   5508   36528.157008
9393   15880558   5508   36481.354435
9655   15880558   5508   36435.071512
8831   15880558   5508   36387.823406
9453   15880558   5508   36340.581614
12892   15880558   5508   36294.339664
9414   15880558   5508   36248.127828
9281   15880558   5508   36201.495100
9229   15880558   5508   36154.948267
12822   15880558   5508   36109.158888
9407   15880558   5508   36064.536874
9449   15880558   5508   36018.567256
9157   15880558   5508   35972.780545
17763   15880558   5508   35927.292659
10639   15880558   5508   35882.946567
9907   15880558   5508   35837.629212
9245   15880558   5508   35792.457434
9472   15880558   5508   35747.591202
9834   15880558   5508   35704.509960
9190   15880558   5508   35659.828227
9720   15880558   5508   35615.307546
9264   15880558   5508   35570.934634
9866   15880558   5508   35527.941674
9549   15880558   5508   35483.908291
9118   15880558   5508   35440.076799
9324   15880558   5508   35396.317189
9426   15880558   5508   35354.876831
9367   15880558   5508   35311.361691
9726   15880558   5508   35268.052720
9608   15880558   5508   35224.841187
9301   15880558   5508   35182.838633
9200   15880558   5508   35139.996154
10687   15880558   5508   35097.200801
9601   15880558   5508   35054.536325
8719   15880558   5508   35014.487644
9004   15880558   5508   34972.108499
9073   15880558   5508   34930.050218
9372   15880558   5508   34887.991273
9403   15880558   5508   34847.231811
9051   15880558   5508   34805.485999
9890   15880558   5508   34763.903609
9519   15880558   5508   34722.404799
9801   15880558   5508   34682.864278
9926   15880558   5508   34641.687768
9178   15880558   5508   34600.639715
9145   15880558   5508   34559.693412
9418   15880558   5508   34520.146210
9522   15880558   5508   34479.473053
13650   15880558   5508   34438.934651
12866   15880558   5508   34398.546437
9254   15880558   5508   34359.709483
8868   15880558   5508   34320.190452
9828   15880558   5508   34280.211512
9446   15880558   5508   34240.276643
12467   15880558   5508   34201.484182
9223   15880558   5508   34161.932830
9190   15880558   5508   34122.496112
9264   15880558   5508   34083.228399
9362   15880558   5508   34044.805145
9824   15880558   5508   34006.753365
9289   15880558   5508   33967.810041
8748   15880558   5508   33929.002321
12717   15880558   5508   33890.473634
9245   15880558   5508   33852.737336
9966   15880558   5508   33814.254042
10890   15880558   5508   33775.865598
13166   15880558   5508   33737.816973
9426   15880558   5508   33701.460179
9470   15880558   5508   33663.502916
9735   15880558   5508   33625.585254
9954   15880558   5508   33587.986138
9642   15880558   5508   33551.433769
9320   15880558   5508   33514.032521
9854   15880558   5508   33476.634940
9259   15880558   5508   33439.515655
9844   15880558   5508   33403.937695
9808   15880558   5508   33366.946773
9933   15880558   5508   33330.021683
9840   15880558   5508   33293.220681
9774   15880558   5508   33257.546516
9623   15880558   5508   33221.007216
9947   15880558   5508   33184.543548
13439   15880558   5508   33148.194681
11379   15880558   5508   33113.699805
9256   15880558   5508   33077.543128
9172   15880558   5508   33041.592329
9457   15880558   5508   33005.770486
9461   15880558   5508   32971.873963
9646   15880558   5508   32936.183428
9296   15880558   5508   32900.696207
9463   15880558   5508   32865.249184
9222   15880558   5508   32831.592419
9343   15880558   5508   32796.361519
9342   15880558   5508   32761.311414
9270   15880558   5508   32726.418401
9690   15880558   5508   32692.695170
9363   15880558   5508   32657.867967
9360   15880558   5508   32623.235691
9317   15880558   5508   32588.640936
10955   15880558   5508   32555.988556
12697   15880558   5508   32521.691476
9802   15880558   5508   32487.454542
9504   15880558   5508   32453.261691
9719   15880558   5508   32420.375346
9363   15880558   5508   32386.422678
9519   15880558   5508   32352.649489
9706   15880558   5508   32318.882331
12310   15880558   5508   32286.666206
9606   15880558   5508   32253.435746
9355   15880558   5508   32219.967661
9198   15880558   5508   32186.593715
9660   15880558   5508   32154.266317
8819   15880558   5508   32121.158734
9691   15880558   5508   32088.169616
9418   15880558   5508   32055.179297
12552   15880558   5508   32022.958648
9153   15880558   5508   31991.130708
12747   15880558   5508   31958.542843
9815   15880558   5508   31925.921176
9342   15880558   5508   31893.612100
9295   15880558   5508   31862.280679
9979   15880558   5508   31830.010020
9856   15880558   5508   31797.771277
11744   15880558   5508   32114.445631
9708   15880558   5508   32429.147570
9170   15880558   5508   32568.887079
9750   15880558   5508   32535.904783
9524   15880558   5508   32503.046639
9803   15880558   5508   32471.072627
9844   15880558   5508   32438.325452
9238   15880558   5508   32405.688612
13487   15880558   5508   32373.249435
11582   15880558   5508   32342.124421
13593   15880558   5508   32309.620601
12220   15880558   5508   32277.311200
9341   15880558   5508   32245.097902
9813   15880558   5508   32214.060732
9538   15880558   5508   32182.060768
9210   15880558   5508   32150.132041
8743   15880558   5508   32118.244444
9416   15880558   5508   32088.036536
9185   15880558   5508   32056.396330
9206   15880558   5508   32024.915238
9589   15880558   5508   31993.450228
8625   15880558   5508   31962.962495
9958   15880558   5508   31931.845409
9277   15880558   5508   31900.681501
9262   15880558   5508   31869.524659
12939   15880558   5508   31840.224208
20005   15880558   5508   31809.318259
9717   15880558   5508   31778.555750
9353   15880558   5508   31747.769283
13004   15880558   5508   31718.163991
14051   15880558   5508   31687.538888
9419   15880558   5508   31657.250692
9946   15880558   5508   31626.781646
9899   15880558   5508   31598.042717
9242   15880558   5508   31567.786384
9431   15880558   5508   31537.670482
9229   15880558   5508   31507.535624
9200   15880558   5508   31478.617324
9673   15880558   5508   31448.730524
9145   15880558   5508   31418.908318
9243   15880558   5508   31389.088442
13352   15880558   5508   31360.825234
9345   15880558   5508   31331.432689
9910   15880558   5508   31301.934551
9140   15880558   5508   31272.511568
9212   15880558   5508   31244.197963
10308   15880558   5508   31214.920221
13198   15880558   5508   31185.780039
12901   15880558   5508   31156.610191
14218   15880558   5508   31128.406891
9130   15880558   5508   31100.322953
8740   15880558   5508   31071.467619
9474   15880558   5508   31042.604540
12841   15880558   5508   31014.551741
12120   15880558   5508   30986.189371
12642   15880558   5508   30957.651100
10469   15880558   5508   30929.206260
12881   15880558   5508   30901.530528
9360   15880558   5508   30874.106564
9391   15880558   5508   30845.895223
9297   15880558   5508   30817.672568
12855   15880558   5508   30789.697994
14098   15880558   5508   30762.665739
12827   15880558   5508   30734.705080
9738   15880558   5508   30706.844623
13039   15880558   5508   30679.163376
12433   15880558   5508   30652.790467
9292   15880558   5508   30625.154953
9341   15880558   5508   30597.563551
9267   15880558   5508   30570.182509
9105   15880558   5508   30543.671339
9641   15880558   5508   30517.421846
10568   15880558   5508   30490.196463
13026   15880558   5508   30463.022083
9807   15880558   5508   30437.308544
9887   15880558   5508   30410.279179
9367   15880558   5508   30383.301015
9211   15880558   5508   30356.385948
9635   15880558   5508   30330.558051
9815   15880558   5508   30303.786654
9765   15880558   5508   30277.139686
9674   15880558   5508   30250.477502
13414   15880558   5508   30225.581405
15115   15880558   5508   30199.041800
11062   15880558   5508   30172.616489
9931   15880558   5508   30146.232070
9250   15880558   5508   30120.955972
9990   15880558   5508   30094.815533
9734   15880558   5508   30068.657722
9536   15880558   5508   30042.531017
9365   15880558   5508   30017.544388
9762   15880558   5508   29992.153560
9124   15880558   5508   29966.315299
9539   15880558   5508   29940.513007
9272   15880558   5508   29915.586804
9403   15880558   5508   29889.847090
9607   15880558   5508   29864.194211
9374   15880558   5508   29838.636091
9232   15880558   5508   29814.561820
9210   15880558   5508   29789.153713
9644   15880558   5508   29763.859972
12994   15880558   5508   29738.505755
11483   15880558   5508   29714.262421
9951   15880558   5508   29689.064090
9182   15880558   5508   29664.036876
9321   15880558   5508   29639.028832
9362   15880558   5508   29614.688867
8657   15880558   5508   29590.667346
9299   15880558   5508   29565.810005
9883   15880558   5508   29540.976978
15410   15880558   5508   29517.166397
9146   15880558   5508   29492.577206
9754   15880558   5508   29468.022896
9789   15880558   5508   29443.486477
12453   15880558   5508   29419.715865
10958   15880558   5508   29396.003138
9519   15880558   5508   29371.667204
9322   15880558   5508   29347.368815
13854   15880558   5508   29323.681247
13680   15880558   5508   29299.922166
9888   15880558   5508   29275.839737
9221   15880558   5508   29251.809206
12351   15880558   5508   29228.256853
9743   15880558   5508   29205.270455
9546   15880558   5508   29181.471912
9089   15880558   5508   29157.685165
10076   15880558   5508   29134.007542
8378   15880558   5508   29111.129664
9571   15880558   5508   29087.529738
9728   15880558   5508   29063.956699
11640   15880558   5508   29040.516727
9258   15880558   5508   29018.371446
9350   15880558   5508   28994.982276
9848   15880558   5508   28971.665948
9550   15880558   5508   28948.512853
9768   15880558   5508   28926.229074
18642   15880558   5508   28903.111680
13187   15880558   5508   28880.036204
8680   15880558   5508   28856.940225
9883   15880558   5508   28835.372071
9759   15880558   5508   28812.480516
9672   15880558   5508   28789.683944
9501   15880558   5508   28766.857482
8622   15880558   5508   28745.167894
10126   15880558   5508   28722.479098
9607   15880558   5508   28699.848867
9796   15880558   5508   28677.286612
9755   15880558   5508   28656.058709
8778   15880558   5508   28633.578396
9751   15880558   5508   28611.268790
9816   15880558   5508   28588.954269
9244   15880558   5508   28567.613796
9066   15880558   5508   28545.387770
9246   15880558   5508   28523.158453
9563   15880558   5508   28500.962300
15202   15880558   5508   28479.922253
12724   15880558   5508   28458.332247
9427   15880558   5508   28436.356198
9837   15880558   5508   28414.404698
8565   15880558   5508   28393.475725
9443   15880558   5508   28371.636244
9101   15880558   5508   28349.862312
9296   15880558   5508   28328.106174
15177   15880558   5508   28307.669500
9328   15880558   5508   28286.112107
9729   15880558   5508   28264.586693
9652   15880558   5508   28243.010219
9302   15880558   5508   28222.459052
9715   15880558   5508   28201.070060
9454   15880558   5508   28179.706459
9566   15880558   5508   28158.433081
13700   15880558   5508   28137.770091
9296   15880558   5508   28117.286942
9365   15880558   5508   28096.141997
10150   15880558   5508   28074.977983
12988   15880558   5508   28054.388710
9106   15880558   5508   28033.779828
9090   15880558   5508   28012.894652
9411   15880558   5508   27991.948557
13430   15880558   5508   27972.544438
9335   15880558   5508   27952.664708
9545   15880558   5508   27931.908229
9388   15880558   5508   27911.145424
11603   15880558   5508   27890.592090
9221   15880558   5508   27870.712270
9420   15880558   5508   27850.122909
9289   15880558   5508   27829.587649
12393   15880558   5508   27809.231843
9369   15880558   5508   27789.944460
13283   15880558   5508   27769.493125
12912   15880558   5508   27749.131506
15882   15880558   5508   27728.772994
12618   15880558   5508   27709.282648
12875   15880558   5508   27689.040979
9069   15880558   5508   27668.855071
8665   15880558   5508   27648.690579
9029   15880558   5508   27629.859093
9344   15880558   5508   27609.500534
9454   15880558   5508   27589.382836
8673   15880558   5508   27569.364017
8044   15880558   5508   27549.419504
8354   15880558   5508   27528.948621
9574   15880558   5508   27508.493661
8699   15880558   5508   27487.778751
8799   15880558   5508   27468.388130
8577   15880558   5508   27448.234803
8693   15880558   5508   27427.760816
8711   15880558   5508   27407.371923
8802   15880558   5508   27387.964190
12726   15880558   5508   27367.905869
10923   15880558   5508   27347.978785
8343   15880558   5508   27328.265986
8949   15880558   5508   27309.703662
9344   15880558   5508   27290.019030
9376   15880558   5508   27270.455405
9203   15880558   5508   27250.925791
9136   15880558   5508   27232.183849
9345   15880558   5508   27212.869313
9570   15880558   5508   27193.534049
9336   15880558   5508   27174.233827
10082   15880558   5508   27156.264717
9814   15880558   5508   27137.055135
9212   15880558   5508   27118.054867
9365   15880558   5508   27098.941917
12551   15880558   5508   27080.730145
9739   15880558   5508   27061.794839
9868   15880558   5508   27042.916953
8480   15880558   5508   27024.052593
13459   15880558   5508   27006.089064
9052   15880558   5508   26987.751769
9136   15880558   5508   26969.111171
9554   15880558   5508   26950.424162
9204   15880558   5508   26932.549276
9525   15880558   5508   26914.006002
9133   15880558   5508   26895.561103
9714   15880558   5508   26877.041155
8842   15880558   5508   26859.084449
14420   15880558   5508   26841.466986
12870   15880558   5508   26823.145130
9132   15880558   5508   26804.798417
13075   15880558   5508   26786.654223
9803   15880558   5508   26768.969848
9760   15880558   5508   26750.786628
9400   15880558   5508   26732.607242
9405   15880558   5508   26714.567717
9269   15880558   5508   26697.544112
9757   15880558   5508   26679.523937
9116   15880558   5508   26661.530326
17509   15880558   5508   26643.631102
9911   15880558   5508   26626.509374
9603   15880558   5508   26608.598093
12670   15880558   5508   26590.721018
13547   15880558   5508   26572.819570
9200   15880558   5508   26556.391122
9660   15880558   5508   26538.615537
9601   15880558   5508   26521.023836
9093   15880558   5508   26503.327305
8633   15880558   5508   26486.432013
9155   15880558   5508   26468.826751
9395   15880558   5508   26451.244834
9329   15880558   5508   26433.741945
9428   15880558   5508   26417.554796
8746   15880558   5508   26400.123256
9623   15880558   5508   26382.710782
9794   15880558   5508   26365.294470
14191   15880558   5508   26348.674872
9502   15880558   5508   26331.365324
8433   15880558   5508   26314.107883
9669   15880558   5508   26296.869925
9431   15880558   5508   26280.873101
9565   15880558   5508   26263.709897
8769   15880558   5508   26246.750503
9792   15880558   5508   26229.650156
9298   15880558   5508   26213.485792
9319   15880558   5508   26196.450123
9175   15880558   5508   26179.471544
8507   15880558   5508   26162.483134
13083   15880558   5508   26146.645005
14404   15880558   5508   26129.751965
9100   15880558   5508   26112.951077
9794   15880558   5508   26096.096421
9346   15880558   5508   26080.017679
9292   15880558   5508   26063.223661
9570   15880558   5508   26046.511291
9270   15880558   5508   26029.799068
8772   15880558   5508   26013.781782
9097   15880558   5508   25998.702651
9184   15880558   5508   25982.195162
9332   15880558   5508   25965.662958
13635   15880558   5508   25949.761411
12509   15880558   5508   25933.492255
13910   15880558   5508   25917.022068
9202   15880558   5508   25900.619367
9096   15880558   5508   25884.770993
9480   15880558   5508   25869.168194
9215   15880558   5508   25852.877468
9434   15880558   5508   25836.622037
13076   15880558   5508   25820.499453
8602   15880558   5508   25805.090622
9329   15880558   5508   25788.966412
9178   15880558   5508   26075.642535
13731   15880558   5508   26357.699036
10537   15880558   5508   26462.015411
8557   15880558   5508   26445.271691
9379   15880558   5508   26428.589548
9608   15880558   5508   26411.990442
9227   15880558   5508   26395.991631
9519   15880558   5508   26379.376673
9110   15880558   5508   26362.779112
9523   15880558   5508   26346.251860
9205   15880558   5508   26330.826107
9056   15880558   5508   26314.305010
9615   15880558   5508   26297.886916
9173   15880558   5508   26281.399248
9445   15880558   5508   26265.745318
14083   15880558   5508   26249.362081
9774   15880558   5508   26232.985571
8584   15880558   5508   26216.754928
9643   15880558   5508   26201.733287
9328   15880558   5508   26185.455991
9518   15880558   5508   26169.297668
9120   15880558   5508   26153.072424
8422   15880558   5508   26137.751541
9170   15880558   5508   26121.645679
9108   15880558   5508   26105.551594
10738   15880558   5508   26089.553035
13428   15880558   5508   26075.641991
14230   15880558   5508   26060.634552
11681   15880558   5508   26045.486250
13608   15880558   5508   26030.224527
9577   15880558   5508   26015.666571
9721   15880558   5508   26000.459936
9156   15880558   5508   25985.174806
10170   15880558   5508   25969.775354
9744   15880558   5508   25955.548412
9880   15880558   5508   25940.153414
9580   15880558   5508   25924.778997
8844   15880558   5508   25909.384344
9255   15880558   5508   25894.679513
9764   15880558   5508   25879.328912
9561   15880558   5508   25864.014009
9437   15880558   5508   25848.694726
16701   15880558   5508   25834.403148
10027   15880558   5508   25819.257870
9359   15880558   5508   25804.036659
9795   15880558   5508   25788.803532
14931   15880558   5508   25774.295114
8766   15880558   5508   25759.108268
9567   15880558   5508   25743.966894
9459   15880558   5508   25728.793194
10025   15880558   5508   25714.073552
9603   15880558   5508   25699.702997
12284   15880558   5508   25684.614464
12647   15880558   5508   25669.539296
13163   15880558   5508   25654.871812
9973   15880558   5508   25640.252824
9405   15880558   5508   25625.265681
9385   15880558   5508   25610.296879
8750   15880558   5508   25595.687187
8445   15880558   5508   25580.649849
8733   15880558   5508   25565.018515
8811   15880558   5508   25549.371077
9204   15880558   5508   25533.910151
8787   15880558   5508   25519.212692
8080   15880558   5508   25504.015944
9129   15880558   5508   25488.893410
9380   15880558   5508   25473.969543
9481   15880558   5508   25459.978867
9234   15880558   5508   25444.989205
9049   15880558   5508   25430.099522
14542   15880558   5508   25415.211282
12271   15880558   5508   25401.020854
9427   15880558   5508   25386.225209
9464   15880558   5508   25371.559546
9164   15880558   5508   25356.876285
9109   15880558   5508   25343.304807
9401   15880558   5508   25328.699989
8551   15880558   5508   25314.160125
9647   15880558   5508   25299.655775
8935   15880558   5508   25285.856626
9286   15880558   5508   25271.432151
9557   15880558   5508   25257.017297
9213   15880558   5508   25242.576592
9218   15880558   5508   25229.349527
17058   15880558   5508   25215.017506
12505   15880558   5508   25200.709588
9420   15880558   5508   25186.401868
9063   15880558   5508   25172.799965
9067   15880558   5508   25158.550773
9131   15880558   5508   25144.355541
9721   15880558   5508   25130.243646
10390   15880558   5508   25117.544715
9703   15880558   5508   25103.736933
10036   15880558   5508   25090.703539
9545   15880558   5508   25076.887163
11766   15880558   5508   25063.628462
9590   15880558   5508   25050.007705
9930   15880558   5508   25036.300272
10052   15880558   5508   25022.597701
9351   15880558   5508   25009.928497
8780   15880558   5508   24996.250513
9354   15880558   5508   24982.584971
9532   15880558   5508   24968.909160
12971   15880558   5508   24956.024239
9837   15880558   5508   24942.381027
9458   15880558   5508   24928.801310
9414   15880558   5508   24915.191919
12636   15880558   5508   24902.298409
9567   15880558   5508   24889.020895
9286   15880558   5508   24875.499194
10003   15880558   5508   24861.977407
12250   15880558   5508   24849.075524
9114   15880558   5508   24835.677482
9326   15880558   5508   24822.227916
9192   15880558   5508   24808.745809
9681   15880558   5508   24795.748021
8806   15880558   5508   24782.968989
9262   15880558   5508   24769.593518
9366   15880558   5508   24756.228131
13169   15880558   5508   24743.077792
9204   15880558   5508   24730.228582
9944   15880558   5508   24716.922378
9662   15880558   5508   24703.649642
13297   15880558   5508   24690.548166
9575   15880558   5508   24678.227715
9680   15880558   5508   24665.010475
9452   15880558   5508   24651.782237
9109   15880558   5508   24638.669341
10065   15880558   5508   24626.163386
9171   15880558   5508   24613.006141
9151   15880558   5508   24599.884728
9356   15880558   5508   24586.817425
9793   15880558   5508   24574.630098
9169   15880558   5508   24561.605879
9527   15880558   5508   24548.614190
9290   15880558   5508   24535.625222
9274   15880558   5508   24523.250026
9655   15880558   5508   24510.323533
8480   15880558   5508   24497.399489
9634   15880558   5508   24484.507910
9506   15880558   5508   24472.717644
9231   15880558   5508   24459.888732
9352   15880558   5508   24447.052578
8755   15880558   5508   24434.230116
13519   15880558   5508   24422.165483
12792   15880558   5508   24409.361957
13435   15880558   5508   24396.635879
9303   15880558   5508   24383.908735
8608   15880558   5508   24372.232280
9433   15880558   5508   24359.566359
9552   15880558   5508   24346.932009
9743   15880558   5508   24334.376263
9789   15880558   5508   24322.422063
8620   15880558   5508   24309.866876
9304   15880558   5508   24297.303439
9327   15880558   5508   24284.786793
9340   15880558   5508   24273.341517
9000   15880558   5508   24260.901763
8772   15880558   5508   24248.487659
9527   15880558   5508   24236.083114
9258   15880558   5508   24224.380126
9904   15880558   5508   24212.027488
9304   15880558   5508   24199.701928
8600   15880558   5508   24187.362918
13506   15880558   5508   24175.709188
12497   15880558   5508   24163.750228
13135   15880558   5508   24151.539762
9375   15880558   5508   24139.274621
9759   15880558   5508   24127.730449
8667   15880558   5508   24115.524136
9675   15880558   5508   24103.392634
9137   15880558   5508   24091.205913
13225   15880558   5508   24079.473896
9635   15880558   5508   24067.795137
8532   15880558   5508   24055.679073
9181   15880558   5508   24043.568989
9574   15880558   5508   24031.618634
9189   15880558   5508   24020.132909
9326   15880558   5508   24008.145762
8758   15880558   5508   23996.130433
12993   15880558   5508   23984.398719
12959   15880558   5508   23973.156132
12770   15880558   5508   23961.240825
9372   15880558   5508   23949.283264
12835   15880558   5508   23937.481264
10982   15880558   5508   23926.194029
9984   15880558   5508   23914.328594
9378   15880558   5508   23902.522512
9430   15880558   5508   23890.818696
9692   15880558   5508   23879.905067
8581   15880558   5508   23868.147068
9280   15880558   5508   23856.419962
9136   15880558   5508   23844.648557
9831   15880558   5508   23833.456725
9405   15880558   5508   23821.770782
8618   15880558   5508   23810.091906
9251   15880558   5508   23798.395857
9309   15880558   5508   23787.851221
9128   15880558   5508   23776.204391
8697   15880558   5508   23764.593702
9297   15880558   5508   23753.888236
10438   15880558   5508   23742.824295
13051   15880558   5508   23731.253343
9212   15880558   5508   23719.738269
9741   15880558   5508   23708.194519
8711   15880558   5508   23697.563966
9298   15880558   5508   23686.053753
9036   15880558   5508   23674.594749
9149   15880558   5508   23663.123150
9640   15880558   5508   23652.278034
8673   15880558   5508   23640.859314
9292   15880558   5508   23629.532378
9854   15880558   5508   23618.172128
9709   15880558   5508   23607.756451
14276   15880558   5508   23596.398205
13255   15880558   5508   23585.080166
11326   15880558   5508   23573.746613
13341   15880558   5508   23563.073181
9026   15880558   5508   23551.832670
9986   15880558   5508   23540.598268
9310   15880558   5508   23529.354798
9626   15880558   5508   23519.012207
9263   15880558   5508   23507.812623
9309   15880558   5508   23496.652767
9242   15880558   5508   23485.467529
9258   15880558   5508   23475.003209
9108   15880558   5508   23463.906350
9177   15880558   5508   23453.276085
9560   15880558   5508   23442.208801
12175   15880558   5508   23431.583751
9856   15880558   5508   23421.063201
9257   15880558   5508   23410.087470
12641   15880558   5508   23399.036097
13279   15880558   5508   23388.614631
9699   15880558   5508   23377.766724
10458   15880558   5508   23366.816012
9138   15880558   5508   23355.855440
9798   15880558   5508   23345.336007
9863   15880558   5508   23335.043381
9104   15880558   5508   23324.171727
9223   15880558   5508   23313.293412
8702   15880558   5508   23302.494599
9663   15880558   5508   23292.305702
9167   15880558   5508   23281.487127
9188   15880558   5508   23270.702738
9345   15880558   5508   23260.000646
12378   15880558   5508   23250.005622
13025   15880558   5508   23239.295184
13643   15880558   5508   23228.581347
20417   15880558   5508   23217.929536
9418   15880558   5508   23207.739272
9757   15880558   5508   23197.061585
8629   15880558   5508   23186.400603
12453   15880558   5508   23175.808057
9113   15880558   5508   23166.092986
9359   15880558   5508   23155.451007
9083   15880558   5508   23144.877802
8641   15880558   5508   23134.292215
9398   15880558   5508   23124.354397
9084   15880558   5508   23113.863357
9401   15880558   5508   23103.390208
9621   15880558   5508   23092.873908
8573   15880558   5508   23083.225664
9899   15880558   5508   23072.751838
9660   15880558   5508   23062.289686
12901   15880558   5508   23051.852435
9630   15880558   5508   23041.996571
8438   15880558   5508   23031.579337
9166   15880558   5508   23021.193853
9572   15880558   5508   23010.785168
11930   15880558   5508   23001.168354
9256   15880558   5508   22991.054217
8582   15880558   5508   22980.755136
9430   15880558   5508   22970.412319
10508   15880558   5508   22960.699814
9167   15880558   5508   22950.387038
9521   15880558   5508   22940.116128
8604   15880558   5508   22929.892157
9874   15880558   5508   22920.591339
13644   15880558   5508   22910.321858
10915   15880558   5508   22900.114001
9688   15880558   5508   22889.894704
9363   15880558   5508   22880.338653
9243   15880558   5508   22870.193852
9677   15880558   5508   22860.125596
9315   15880558   5508   22850.018304
17373   15880558   5508   22840.637370
8595   15880558   5508   22830.800054
9330   15880558   5508   22820.783592
9234   15880558   5508   22810.741665
9318   15880558   5508   22801.240966
9350   15880558   5508   22791.251587
9213   15880558   5508   22781.230641
9272   15880558   5508   22771.233481
15522   15880558   5508   22761.645112
12711   15880558   5508   22752.226298
9218   15880558   5508   22742.336181
9162   15880558   5508   22732.405530
13614   15880558   5508   22722.719348
9362   15880558   5508   22713.230045
9521   15880558   5508   22933.603147
9629   15880558   5508   23200.206797
13212   15880558   5508   23235.401983
9228   15880558   5508   23225.961205
9199   15880558   5508   23215.764789
9901   15880558   5508   23205.536205
10027   15880558   5508   23195.394156
9189   15880558   5508   23186.154150
8642   15880558   5508   23175.981511
11218   15880558   5508   23165.812149
9262   15880558   5508   23155.735042
8988   15880558   5508   23146.367865
9236   15880558   5508   23136.262158
8790   15880558   5508   23126.155288
9338   15880558   5508   23116.066612
9653   15880558   5508   23106.576511
9192   15880558   5508   23096.521630
9890   15880558   5508   23086.488400
8499   15880558   5508   23076.432023
9562   15880558   5508   23067.282167
9401   15880558   5508   23057.366402
9547   15880558   5508   23047.435637
9257   15880558   5508   23037.475584
8725   15880558   5508   23028.144542
9636   15880558   5508   23018.218136
9690   15880558   5508   23008.285754
9838   15880558   5508   22998.364980
12747   15880558   5508   22989.555863
12786   15880558   5508   22979.652098
9979   15880558   5508   22969.816641
9568   15880558   5508   22959.966294
9747   15880558   5508   22950.791318
9132   15880558   5508   22940.993627
9107   15880558   5508   22931.222802
9850   15880558   5508   22921.424332
9278   15880558   5508   22912.304903
9280   15880558   5508   22902.807946
9692   15880558   5508   22893.094980
9646   15880558   5508   22883.349955
9041   15880558   5508   22874.195372
9225   15880558   5508   22864.501741
9398   15880558   5508   22854.822292
9802   15880558   5508   22845.135542
15592   15880558   5508   22836.214248
9108   15880558   5508   22826.598355
12628   15880558   5508   22816.991486
12746   15880558   5508   22807.371112
9212   15880558   5508   22798.381761
9329   15880558   5508   22788.769863
9404   15880558   5508   22779.211966
9235   15880558   5508   22769.653400
9241   15880558   5508   22760.367497
9375   15880558   5508   22751.302712
9172   15880558   5508   22741.823290
8697   15880558   5508   22732.291056
14116   15880558   5508   22723.108829
9216   15880558   5508   22713.828976
9237   15880558   5508   22704.406416
9380   15880558   5508   22694.965373
12913   15880558   5508   22685.704213
12407   15880558   5508   22676.877022
12500   15880558   5508   22667.468812
10625   15880558   5508   22658.044929
9698   15880558   5508   22648.659437
9229   15880558   5508   22639.830858
8740   15880558   5508   22630.478928
9212   15880558   5508   22621.185279
9379   15880558   5508   22611.959384
9671   15880558   5508   22603.462649
9273   15880558   5508   22594.143278
8544   15880558   5508   22584.880182
9390   15880558   5508   22575.603269
9020   15880558   5508   22566.983311
9651   15880558   5508   22557.748410
9829   15880558   5508   22548.528396
8775   15880558   5508   22539.283073
12149   15880558   5508   22530.850303
12479   15880558   5508   22521.653396
13180   15880558   5508   22512.470201
9235   15880558   5508   22503.259266
8838   15880558   5508   22494.649635
9623   15880558   5508   22485.524758
9167   15880558   5508   22476.494361
9266   15880558   5508   22467.429166
9316   15880558   5508   22459.167249
8741   15880558   5508   22450.064844
9695   15880558   5508   22441.038035
9204   15880558   5508   22431.989157
9542   15880558   5508   22423.563803
9135   15880558   5508   22414.532756
8615   15880558   5508   22405.541024
9203   15880558   5508   22396.612669
9600   15880558   5508   22388.441402
9551   15880558   5508   22379.437196
9519   15880558   5508   22370.512954
13077   15880558   5508   22361.539086
8821   15880558   5508   22353.052440
9142   15880558   5508   22344.123732
9236   15880558   5508   22335.241901
9447   15880558   5508   22326.362760
12388   15880558   5508   22318.246324
9820   15880558   5508   22309.471407
9228   15880558   5508   22300.650176
9238   15880558   5508   22291.811165
9162   15880558   5508   22283.433098
9426   15880558   5508   22274.629747
9330   15880558   5508   22265.842599
9265   15880558   5508   22257.074317
15080   15880558   5508   22248.916942
9766   15880558   5508   22240.364395
9578   15880558   5508   22231.626817
8703   15880558   5508   22222.865609
15223   15880558   5508   22214.486939
12438   15880558   5508   22205.823559
9212   15880558   5508   22197.156822
9752   15880558   5508   22189.184777
9322   15880558   5508   22180.824406
9475   15880558   5508   22172.690149
9727   15880558   5508   22164.015665
9783   15880558   5508   22155.354952
12539   15880558   5508   22146.929816
8653   15880558   5508   22138.669263
9581   15880558   5508   22130.061706
9577   15880558   5508   22121.440849
14335   15880558   5508   22112.995466
9761   15880558   5508   22105.110827
8674   15880558   5508   22096.574146
9870   15880558   5508   22088.037186
9295   15880558   5508   22079.538361
12200   15880558   5508   22071.368807
10967   15880558   5508   22062.829627
9264   15880558   5508   22054.343439
9877   15880558   5508   22045.883355
9295   15880558   5508   22038.469301
9743   15880558   5508   22030.020529
8728   15880558   5508   22021.621025
9030   15880558   5508   22013.155321
9844   15880558   5508   22005.257649
9882   15880558   5508   21996.828886
9530   15880558   5508   21988.430734
12322   15880558   5508   21980.056353
9428   15880558   5508   21972.491708
9300   15880558   5508   21964.110347
9423   15880558   5508   21955.782148
9872   15880558   5508   21947.422132
9669   15880558   5508   21939.640784
9426   15880558   5508   21931.317609
12928   15880558   5508   21923.012859
13146   15880558   5508   21914.695553
9629   15880558   5508   21907.196151
9688   15880558   5508   21898.927132
9103   15880558   5508   21890.766453
9268   15880558   5508   21882.487786
9921   15880558   5508   21874.781269
9269   15880558   5508   21866.538139
9401   15880558   5508   21858.328533
9768   15880558   5508   21850.095106
9268   15880558   5508   21842.657023
9441   15880558   5508   21834.492200
9955   15880558   5508   21826.338252
9614   15880558   5508   21818.155054
14058   15880558   5508   21810.319603
9754   15880558   5508   21802.397773
11394   15880558   5508   21794.259540
12441   15880558   5508   21786.131102
12774   15880558   5508   21778.720974
9546   15880558   5508   21770.681853
9284   15880558   5508   21762.601608
8726   15880558   5508   21754.501392
9799   15880558   5508   21746.975666
9800   15880558   5508   21738.963228
9334   15880558   5508   21730.917528
9290   15880558   5508   21722.855548
12420   15880558   5508   21715.198305
8996   15880558   5508   21707.671574
9468   15880558   5508   21699.695813
9232   15880558   5508   21691.700084
12179   15880558   5508   21684.036919
10705   15880558   5508   21676.286059
12752   15880558   5508   21668.343947
15251   15880558   5508   21660.380920
13179   15880558   5508   21652.763132
9739   15880558   5508   21645.344625
8559   15880558   5508   21637.447243
9030   15880558   5508   21629.534433
9915   15880558   5508   21621.683378
9237   15880558   5508   21614.278464
9278   15880558   5508   21606.405252
9262   15880558   5508   21598.574012
9127   15880558   5508   21590.776141
9117   15880558   5508   21583.700013
9618   15880558   5508   21575.899217
12659   15880558   5508   21568.084374
13696   15880558   5508   21560.292119
9079   15880558   5508   21553.018075
9779   15880558   5508   21545.263309
11154   15880558   5508   21537.474586
9679   15880558   5508   21529.663799
8726   15880558   5508   21522.697027
9475   15880558   5508   21514.952912
9163   15880558   5508   21507.246937
9824   15880558   5508   21499.531505
9248   15880558   5508   21492.336788
8650   15880558   5508   21484.606049
9318   15880558   5508   21476.921337
9689   15880558   5508   21469.243418
9502   15880558   5508   21462.352290
9731   15880558   5508   21454.721169
8578   15880558   5508   21447.102329
9106   15880558   5508   21439.463074
9307   15880558   5508   21432.319694
9761   15880558   5508   21424.754693
19410   15880558   5508   21417.151622
10811   15880558   5508   21409.524523
9287   15880558   5508   21402.715123
9686   15880558   5508   21395.116311
9470   15880558   5508   21387.571694
9406   15880558   5508   21379.986804
8620   15880558   5508   21372.947377
9347   15880558   5508   21365.406386
9483   15880558   5508   21357.905394
9057   15880558   5508   21350.362474
19110   15880558   5508   21344.186434
8838   15880558   5508   21336.740386
9710   15880558   5508   21329.289149
9685   15880558   5508   21321.810765
9462   15880558   5508   21314.767802
8755   15880558   5508   21307.477692
9835   15880558   5508   21300.040063
9338   15880558   5508   21292.587103
13989   15880558   5508   21285.479669
11293   15880558   5508   21278.517184
8456   15880558   5508   21271.110689
14550   15880558   5508   21263.761131
13048   15880558   5508   21256.678516
9245   15880558   5508   21249.478818
9598   15880558   5508   21242.151021
8793   15880558   5508   21234.799311
11989   15880558   5508   21227.726073
9216   15880558   5508   21220.960776
9429   15880558   5508   21213.674721
9888   15880558   5508   21206.340688
9852   15880558   5508   21199.131145
9227   15880558   5508   21192.199275
8468   15880558   5508   21184.902339
11035   15880558   5508   21177.606061
22456   15880558   5508   21170.389599
20774   15880558   5508   21163.811692
15253   15880558   5508   21156.571373
9544   15880558   5508   21149.303371
13702   15880558   5508   21142.125505
9249   15880558   5508   21135.420884
9216   15880558   5508   21128.216705
9163   15880558   5508   21121.004461
9176   15880558   5508   21113.830256
9172   15880558   5508   21107.403815
9382   15880558   5508   21100.237006
9057   15880558   5508   21093.117402
9196   15880558   5508   21085.936802
9621   15880558   5508   21079.321990
9887   15880558   5508   21072.218681
9411   15880558   5508   21065.116552
9483   15880558   5508   21057.985009
10850   15880558   5508   21051.580855
11761   15880558   5508   21044.479716
9196   15880558   5508   21037.393318
9545   15880558   5508   21030.310154
9980   15880558   5508   21023.744708
9337   15880558   5508   21016.671547
8625   15880558   5508   21009.653669
9504   15880558   5508   21002.591766
9338   15880558   5508   20996.384789
9586   15880558   5508   20989.361896
9046   15880558   5508   20982.356813
8560   15880558   5508   20975.322925
12918   15880558   5508   20968.730295
9215   15880558   5508   20961.951831
9264   15880558   5508   20954.961615
9188   15880558   5508   20947.952552
8567   15880558   5508   20941.662491
10009   15880558   5508   20934.678752
11805   15880558   5508   20927.722776
9122   15880558   5508   20920.771460
9508   15880558   5508   20914.339754
9268   15880558   5508   20907.418046
8522   15880558   5508   20900.493297
9817   15880558   5508   20893.573015
12897   15880558   5508   20887.101125
9376   15880558   5508   20880.529117
9575   15880558   5508   20873.638538
8743   15880558   5508   20866.750822
12437   15880558   5508   20860.387955
9145   15880558   5508   20853.542550
9647   15880558   5508   20846.687799
9610   15880558   5508   20839.862705
8604   15880558   5508   20833.337226
9127   15880558   5508   20826.906704
9384   15880558   5508   20820.115983
11613   15880558   5508   20813.289077
12802   15880558   5508   20806.656885
9842   15880558   5508   20985.811787
8722   15880558   5508   21203.413247
9122   15880558   5508   21234.453842
13494   15880558   5508   21227.558525
9676   15880558   5508   21221.073703
9811   15880558   5508   21214.050670
8715   15880558   5508   21207.036196
9873   15880558   5508   21200.080043
9653   15880558   5508   21193.456822
9631   15880558   5508   21186.468302
10000   15880558   5508   21179.461928
17336   15880558   5508   21172.527576
13231   15880558   5508   21166.214320
12146   15880558   5508   21159.230438
9235   15880558   5508   21152.288594
9725   15880558   5508   21145.334257
9239   15880558   5508   21138.789013
9446   15880558   5508   21131.876072
9769   15880558   5508   21124.932400
9636   15880558   5508   21118.023015
9234   15880558   5508   21111.861313
9212   15880558   5508   21104.961841
9561   15880558   5508   21098.095410
8983   15880558   5508   21091.206543
9522   15880558   5508   21084.788436
9408   15880558   5508   21077.951540
10973   15880558   5508   21071.118233
9293   15880558   5508   21064.292674
8468   15880558   5508   21058.148094
13452   15880558   5508   21051.944798
10718   15880558   5508   21045.138503
9170   15880558   5508   21038.397860
9674   15880558   5508   21032.093481
8570   15880558   5508   21025.292200
9653   15880558   5508   21018.511248
9629   15880558   5508   21011.710447
9102   15880558   5508   21005.602819
9655   15880558   5508   20998.889198
8565   15880558   5508   20992.155193
9171   15880558   5508   20985.416331
9235   15880558   5508   20979.168999
9589   15880558   5508   20972.449240
9788   15880558   5508   20965.731751
8609   15880558   5508   20958.994477
13291   15880558   5508   20952.858637
27055   15880558   5508   20946.340692
9094   15880558   5508   20939.646430
9291   15880558   5508   20932.952641
8566   15880558   5508   20926.737532
9107   15880558   5508   20920.058070
9263   15880558   5508   20913.426862
9038   15880558   5508   20906.765517
12525   15880558   5508   20900.580260
8635   15880558   5508   20894.262035
9227   15880558   5508   20887.651259
9519   15880558   5508   20881.028033
13752   15880558   5508   20874.748687
9263   15880558   5508   20868.250209
9219   15880558   5508   20861.663713
9265   15880558   5508   20855.075442
14689   15880558   5508   20848.752190
9436   15880558   5508   20842.558661
12577   15880558   5508   20836.019839
12760   15880558   5508   20829.452973
14697   15880558   5508   20822.953132
9631   15880558   5508   20816.818649
11925   15880558   5508   20810.303241
8923   15880558   5508   20803.784719
9234   15880558   5508   20797.238389
9673   15880558   5508   20791.281964
9435   15880558   5508   20784.687521
9338   15880558   5508   20778.105134
11893   15880558   5508   20771.542388
9669   15880558   5508   20765.402968
9424   15880558   5508   20758.847961
10617   15880558   5508   20752.332462
12337   15880558   5508   20745.747579
8965   15880558   5508   20739.932842
8879   15880558   5508   20733.394316
8884   15880558   5508   20726.898359
8827   15880558   5508   20720.432513
9393   15880558   5508   20714.458085
9483   15880558   5508   20707.994672
8981   15880558   5508   20701.544344
9408   15880558   5508   20695.073122
8689   15880558   5508   20689.248390
10946   15880558   5508   20682.797164
13395   15880558   5508   20676.396556
12571   15880558   5508   20669.928724
8787   15880558   5508   20663.962479
9596   15880558   5508   20657.533834
9109   15880558   5508   20651.184774
9551   15880558   5508   20644.774586
9307   15880558   5508   20639.173708
9129   15880558   5508   20632.784184
9359   15880558   5508   20626.426725
9136   15880558   5508   20620.040151
9839   15880558   5508   20614.198987
9223   15880558   5508   20607.843869
11661   15880558   5508   20601.536050
12331   15880558   5508   20595.174086
11921   15880558   5508   20589.504042
12266   15880558   5508   20583.158414
9827   15880558   5508   20576.877701
9258   15880558   5508   20570.575306
9095   15880558   5508   20564.766622
9733   15880558   5508   20558.508612
9734   15880558   5508   20552.268393
9089   15880558   5508   20545.995219
13287   15880558   5508   20540.204623
9095   15880558   5508   20534.104318
9337   15880558   5508   20527.896086
9497   15880558   5508   20521.685400
12846   15880558   5508   20515.902337
12929   15880558   5508   20509.739316
10663   15880558   5508   20503.522914
12926   15880558   5508   20497.323856
9678   15880558   5508   20491.413644
9173   15880558   5508   20485.650745
9716   15880558   5508   20479.490314
9620   15880558   5508   20473.334165
13797   15880558   5508   20467.334829
9679   15880558   5508   20461.529955
9037   15880558   5508   20455.410894
8999   15880558   5508   20449.326581
12354   15880558   5508   20443.303899
9366   15880558   5508   20437.735060
13702   15880558   5508   20431.646479
13269   15880558   5508   20425.554444
11272   15880558   5508   20419.470546
9305   15880558   5508   20413.764524
8826   15880558   5508   20407.682935
9029   15880558   5508   20401.610816
9892   15880558   5508   20395.579999
9141   15880558   5508   20390.127270
8842   15880558   5508   20384.090795
9105   15880558   5508   20378.712875
9423   15880558   5508   20372.702026
9353   15880558   5508   20367.136813
9456   15880558   5508   20361.107307
15734   15880558   5508   20355.139885
11588   15880558   5508   20349.121616
9596   15880558   5508   20343.835365
9590   15880558   5508   20337.878411
9568   15880558   5508   20331.925738
9344   15880558   5508   20325.936021
9051   15880558   5508   20320.448184
9600   15880558   5508   20314.509378
9141   15880558   5508   20308.603055
9294   15880558   5508   20302.687863
8516   15880558   5508   20297.469073
9320   15880558   5508   20291.645632
9297   15880558   5508   20285.739026
12709   15880558   5508   20279.798918
12749   15880558   5508   20274.377691
12356   15880558   5508   20268.472318
9044   15880558   5508   20262.573618
9520   15880558   5508   20256.683423
9207   15880558   5508   20251.529373
9484   15880558   5508   20245.641664
8938   15880558   5508   20239.774718
9192   15880558   5508   20233.928342
9434   15880558   5508   20228.399948
9718   15880558   5508   20222.697149
9640   15880558   5508   20216.867411
8724   15880558   5508   20211.026515
13816   15880558   5508   20205.465150
9755   15880558   5508   20200.020700
8721   15880558   5508   20194.228863
9863   15880558   5508   20188.409713
12605   15880558   5508   20183.050100
9379   15880558   5508   20177.265121
9612   15880558   5508   20171.465569
8585   15880558   5508   20165.668783
9342   15880558   5508   20160.145888
9281   15880558   5508   20154.828824
9816   15880558   5508   20149.087452
9225   15880558   5508   20143.325388
13074   15880558   5508   20137.701609
9522   15880558   5508   20132.290552
9767   15880558   5508   20126.562977
9153   15880558   5508   20120.839397
13823   15880558   5508   20115.229616
11342   15880558   5508   20110.073145
12562   15880558   5508   20104.372692
11603   15880558   5508   20098.667464
9772   15880558   5508   20093.017853
8997   15880558   5508   20087.659645
9323   15880558   5508   20081.989945
9781   15880558   5508   20076.352767
9153   15880558   5508   20070.710024
9315   15880558   5508   20065.594096
9274   15880558   5508   20059.938491
8707   15880558   5508   20054.284582
9185   15880558   5508   20048.658253
9395   15880558   5508   20043.409281
9481   15880558   5508   20037.766169
12815   15880558   5508   20032.121608
13242   15880558   5508   20026.482106
12471   15880558   5508   20021.471660
9822   15880558   5508   20015.879877
9251   15880558   5508   20010.290246
9410   15880558   5508   20004.685259
9526   15880558   5508   19999.518009
9207   15880558   5508   19993.933900
9100   15880558   5508   19988.366864
9348   15880558   5508   19982.784352
9164   15880558   5508   19977.824826
9288   15880558   5508   19972.241449
9783   15880558   5508   19966.693149
9618   15880558   5508   19961.122118
13994   15880558   5508   19956.052354
10466   15880558   5508   19950.527416
12731   15880558   5508   19944.976539
8998   15880558   5508   19939.420668
17070   15880558   5508   19934.416085
9519   15880558   5508   19929.051956
9063   15880558   5508   19923.547061
8748   15880558   5508   19918.026363
9260   15880558   5508   19912.996995
8954   15880558   5508   19907.483466
9782   15880558   5508   19902.001750
9169   15880558   5508   19896.502365
13431   15880558   5508   19891.523093
