100
100
100
100
100
100
100
100
100
99,73
100
100
100
100
100
100
100
100
100
100
99,74
100
100
100
100
100
100
100
99,74
99,74
99,75
100
25,33
23,54
28,76
55,44
28,99
32,28
30,89
28,46
32,18
29,14
27,81
47,34
34,19
28,53
28,27
26,67
29,84
27,49
29,21
27,85
27,01
27,85
29,1
27,13
29,02
27,44
28,5
34,55
28,5
28,35
29,1
27,49
27,32
33,07
33,69
37,2
27,42
31,33
29,77
30,29
31,88
28,53
29,06
29,4
27,39
26,93
29,69
27,08
39,63
27,88
32,72
27,42
34,04
27,32
25,8
26,61
36,6
34,12
28,79
27,51
26,49
24,73
26,47
26,51
27,72
27,68
27,49
30,91
30,13
28,57
29,5
28,76
38,18
29,35
28,2
29,58
28,46
28,84
29,82
31,18
27,01
27,42
29,52
26,91
41,58
30,1
30,1
27,94
28,65
25,07
26,47
27,61
33,51
27,13
29,29
28,01
29,35
30,73
28,16
28,98
31,58
27,78
28,76
28,23
29,74
27,32
27,78
28,84
29,47
28,08
29,13
27,7
29,79
28,84
29,74
29,21
30,18
28,95
28,8
29,89
33,51
39,11
39,31
30,42
27,93
32,19
25,95
32,98
26,58
26,81
26,34
31,02
27,66
37,5
28,31
27,89
31,18
27,39
26,4
27,93
27,11
26,77
33,24
27,32
28,04
27,42
28,46
28,16
27,69
27,59
30,13
29,87
49,34
65,89
31,01
37,2
29,71
30,89
33,94
28,15
30,45
29,06
33,86
27,59
29,82
27,44
27,7
27,97
49,35
44,24
57,44
57,18
38,89
68,22
56,56
74,29
78,97
85,75
98,25
58,14
27,89
24,93
27,3
25,27
26,33
25,4
33,77
27,56
26,79
28,04
25,66
25,93
84,91
21,11
23,36
25,2
