Act   Max   Min   Avg
0   0   0   -nan
17099   6425621   8566   524367.644356
37639   6425621   8566   479608.521261
40198   6425621   8566   476028.246584
39717   540306721   8566   37243916.510321
29201   540306721   8566   32760006.418198
22307   540306721   8566   42161080.844673
27670   540306721   8566   36189231.212212
26205   540306721   8566   31684913.758535
27336   540306721   8566   28172313.663713
41471   540306721   8566   25366479.562824
43775   540306721   8566   23135995.892728
27657   540306721   8566   21283995.568864
27371   540306721   8566   19674879.901449
40138   540306721   8566   18276511.733884
47914   540306721   8566   17064565.135714
21930   540306721   8566   16014549.520332
37444   540306721   8566   15120467.504636
34732   540306721   8566   14307202.544935
23091   540306721   8566   13612428.082313
233870   540306721   8566   12959431.158157
41545   540306721   8566   12385508.029040
69296   540306721   8566   11825946.529038
47451   540306721   8566   11353820.156250
45193   540306721   8566   10883455.334969
53173   540306721   8566   10454729.075716
56151   540306721   8566   10058861.559003
46474   540306721   8566   9697190.508783
52930   540306721   8566   9364297.056703
42647   540306721   8566   9050176.257567
42022   540306721   8566   8750215.983423
36232   540306721   8566   8469642.510873
22652   540306721   8566   8206489.052150
43942   540306721   8566   7959562.943284
21859   540306721   8566   7726961.563627
31156   540306721   8566   7507568.804263
17587   540306721   8566   7300224.392070
23351   540306721   8566   7116799.258220
20906   540306721   8566   6930698.923558
62165   540306721   8566   6754049.536166
26509   540306721   8566   6586189.444883
27759   540306721   8566   6426585.286950
29877   540306721   8566   6274362.340556
60054   540306721   8566   6129533.242897
32242   540306721   8566   5991586.864519
26426   540306721   8566   5859281.846302
55163   540306721   8566   5732827.817410
54450   540306721   8566   5611799.409880
34966   540306721   8566   5495772.026268
32563   540306721   8566   5384506.342088
53460   540306721   8566   5277560.137899
35377   540306721   8566   5174905.993613
30041   540306721   8566   5076222.340436
34368   540306721   8566   4981207.858611
34039   540306721   8566   4889712.347710
35792   540306721   8566   4801470.081424
33226   540306721   8566   4716355.636560
55672   540306721   8566   4634241.443685
43174   540306721   8566   4553569.427900
25066   540306721   8566   4476423.621779
33183   540306721   8566   4402051.230210
48433   540306721   8566   4330789.587705
39641   540306721   8566   4261580.732317
24219   540306721   8566   4194527.614169
25867   540306721   8566   4129591.904201
28128   540306721   8566   4065865.047638
56059   540306721   8566   4004555.961877
49332   540306721   8566   3945351.066136
30644   540306721   8566   3887988.669936
51720   540306721   8566   3832340.082830
54771   540306721   8566   3778219.832608
27084   540306721   8566   3725418.053650
46316   540306721   8566   3674153.581789
50586   540306721   8566   3624455.337701
56440   540306721   8566   3576054.028511
48130   540306721   8566   3528971.881603
39186   540306721   8566   3483526.045538
51081   540306721   8566   3438901.519608
44342   540306721   8566   3395405.968980
33163   540306721   8566   3352948.004829
50754   540306721   8566   3311630.750602
51481   540306721   8566   3271396.609409
52768   540306721   8566   3232125.628281
56081   540306721   8566   3193808.934066
49149   540306721   8566   3156400.422301
54933   540306721   8566   3119870.011902
45460   540306721   8566   3084165.297795
46894   540306721   8566   3049267.760357
34294   540306721   8566   3015094.158660
24029   540306721   8566   2981591.246785
28657   540306721   8566   2948889.478161
24307   540306721   8566   2916910.788166
25515   540306721   8566   2885618.654027
26044   540306721   8566   2854962.440288
23280   540306721   8566   2824963.760238
18300   540306721   8566   2795612.575615
22580   540306721   8566   2766856.601473
28016   540306721   8566   2738686.253311
28940   540306721   8566   2711063.328604
48366   540306721   8566   2684053.634919
27724   540306721   8566   2657588.997073
28654   540306721   8566   2631625.737339
31387   540306721   8566   2606171.113245
37475   540306721   8566   2581196.317093
29547   540306721   8566   2556713.005292
32152   540306721   8566   2532698.275650
32957   540306721   8566   2509138.721453
30593   540306721   8566   2485980.085972
31394   540306721   8566   2463279.548300
45146   540306721   8566   2440998.013527
75614   540306721   8566   2419136.874051
29033   540306721   8566   2397653.511025
32156   540306721   8566   2376567.656106
30676   540306721   8566   2355879.058064
44620   540306721   8566   2335519.964519
27672   540306721   8566   2315510.825550
27390   540306721   8566   2295850.335027
32410   540306721   8566   2276509.386579
28763   540306721   8566   2257526.853882
41774   540306721   8566   2238891.635241
37925   540306721   8566   2220554.604069
49329   540306721   8566   2202515.815988
35885   540306721   8566   2184779.563902
40093   540306721   8566   2167278.108279
26036   540306721   8566   2150055.020239
47903   540306721   8566   2133107.152441
26416   540306721   8566   2116430.882641
50176   540306721   8566   2100083.645925
24204   540306721   8566   2084012.438057
36463   540306721   8566   2068197.950278
24901   540306721   8566   2052626.633586
22525   540306721   8566   2037286.275279
21722   540306721   8566   2022092.035461
35526   540306721   8566   2007187.814368
28643   540306721   8566   1992538.600750
47445   540306721   8566   1978122.831585
44491   540306721   8566   1963915.414189
38972   540306721   8566   1949917.626806
33425   540306721   8566   1936120.348989
39096   540306721   8566   1922517.971420
27073   540306721   8566   1909079.023701
25104   540306721   8566   1895871.437791
35865   540306721   8566   1882837.676871
50593   540306721   8566   1869998.487581
31580   540306721   8566   1857325.990453
57701   540306721   8566   1844836.431445
52011   540306721   8566   1832514.783704
40698   540306721   8566   1820356.990851
32140   540306721   8566   1808367.819713
101267   540306721   8566   1796547.191799
48935   540306721   8566   1784885.634118
48385   540306721   8566   1773381.360430
48342   540306721   8566   1761999.850500
36402   540306721   8566   1750794.550458
50982   540306721   8566   1739733.890039
38677   540306721   8566   1728808.868211
46669   540306721   8566   1718019.568156
55612   540306721   8566   1707368.281388
55809   540306721   8566   1696846.579558
41143   540306721   8566   1686448.685756
42875   540306721   8566   1676204.250726
29444   540306721   8566   1666078.653663
34455   540306721   8566   1656060.273613
33597   540306721   8566   1646184.275338
25240   540306721   8566   1636423.416757
46563   540306721   8566   1626779.728701
49493   540306721   8566   1617249.111139
29072   540306721   8566   1607797.358141
33536   540306721   8566   1598481.716049
18404   540306721   8566   1589271.034918
36443   540306721   8566   1580181.223066
29753   540306721   8566   1571179.093410
35419   540306721   8566   1562247.516429
23974   540306721   8566   1553401.269201
37233   540306721   8566   1544664.186134
23241   540306721   8566   1536008.224788
36190   540306721   8566   1527489.499727
47261   540306721   8566   1519048.992712
33919   540306721   8566   1510718.480159
51466   540306721   8566   1502502.553179
38923   540306721   8566   1494375.335091
55268   540306721   8566   1486354.010241
48860   540306721   8566   1478424.337665
41171   540306721   8566   1470587.598212
31335   540306721   8566   1462822.743428
46795   540306721   8566   1455150.394234
50754   540306721   8566   1447515.221591
51869   540306721   8566   1439963.706562
58457   540306721   8566   1432514.353535
91322   540306721   8566   1425155.124675
56126   540306721   8566   1417884.718891
58397   540306721   8566   1410694.086643
29512   540306721   8566   1403548.014906
36708   540306721   8566   1396501.092061
54443   540306721   8566   1389519.335984
44093   540306721   8566   1382615.105404
44977   540306721   8566   1375782.090663
45056   540306721   8566   1368979.094281
50266   540306721   8566   1362284.083485
53391   540306721   8566   1355621.228106
26778   540306721   8566   1349020.519891
49403   540306721   8566   1342482.745565
37992   540306721   8566   1336008.069797
43549   540306721   8566   1329596.517000
45206   540306721   8566   1323291.295795
44257   540306721   8566   1317049.668088
47393   540306721   8566   1310840.254830
49329   540306721   8566   1304714.959005
49654   540306721   8566   1298605.946965
32550   540306721   8566   1292560.432695
30148   540306721   8566   1286553.118023
27415   540306721   8566   1280603.461640
33969   540306721   8566   1274709.359542
22768   540306721   8566   1268889.448416
18645   540306721   8566   1263109.606381
19181   540306721   8566   1257389.023751
38405   540306721   8566   1251707.923658
28619   540306721   8566   1246096.367143
28490   540306721   8566   1240523.927705
28666   540306721   8566   1234994.868701
30647   540306721   8566   1229522.362152
76699   540306721   8566   1224122.976948
56870   540306721   8566   1218749.249154
27489   540306721   8566   1213424.035161
25322   540306721   8566   1208145.147487
32117   540306721   8566   1202925.478108
29998   540306721   8566   1197742.219294
27566   540306721   8566   1192610.895267
26941   540306721   8566   1187520.208983
28423   540306721   8566   1182486.591152
32262   540306721   8566   1177507.605990
52526   540306721   8566   1172608.115198
40376   540306721   8566   1167733.000461
51485   540306721   8566   1162906.353263
29934   540306721   8566   1158100.052556
30845   540306721   8566   1153325.619382
27232   540306721   8566   1148579.616191
31737   540306721   8566   1143889.244665
19002   540306721   8566   1139215.937455
22424   540306721   8566   1134585.780309
30660   540306721   8566   1130002.220175
22395   540306721   8566   1125472.702899
27275   540306721   8566   1120952.751518
17969   540306721   8566   1116471.043434
18412   540306721   8566   1112028.598919
20465   540306721   8566   1107627.428399
19098   540306721   8566   1103265.139846
18361   540306721   8566   1098921.245462
25122   540306721   8566   1094601.402936
25297   540306721   8566   1090332.234629
28251   540306721   8566   1086094.661580
24642   540306721   8566   1081885.842250
28125   540306721   8566   1077708.319566
46665   540306721   8566   1073579.532030
44619   540306721   8566   1069474.326751
37958   540306721   8566   1065394.942951
49191   540306721   8566   1061350.434693
49590   540306721   8566   1057345.246773
23770   540306721   8566   1053362.824301
24169   540306721   8566   1049411.974841
24481   540306721   8566   1045488.950940
24639   540306721   8566   1041607.995953
27263   540306721   8566   1037759.066934
26780   540306721   8566   1033927.180789
24166   540306721   8566   1030123.193847
68970   540306721   8566   1026354.739387
29238   540306721   8566   1022615.126586
27737   540306721   8566   1018898.050488
29254   540306721   8566   1015212.032694
38605   540306721   8566   1011545.061173
52853   540306721   8566   1007927.489326
28295   540306721   8566   1004324.479058
29202   540306721   8566   1000742.814064
26035   540306721   8566   997187.724631
31839   540306721   8566   993671.383950
25698   540306721   8566   990168.470753
25363   540306721   8566   986690.925034
31129   540306721   8566   983241.724170
30010   540306721   8566   979828.377411
18273   540306721   8566   976421.999602
34912   540306721   8566   973046.356008
38886   540306721   8566   969690.192439
24505   540306721   8566   966369.614136
25366   540306721   8566   963065.705475
20909   540306721   8566   959781.844838
19971   540306721   8566   956520.416368
21068   540306721   8566   953302.069400
16216   540306721   8566   950087.940492
16742   540306721   8566   946895.784709
26279   540306721   8566   943725.866345
30380   540306721   8566   940586.177898
26030   540306721   8566   937460.424022
31340   540306721   8566   934357.997255
25923   540306721   8566   931273.779502
32848   540306721   8566   928220.176808
47544   540306721   8566   925194.877227
28763   540306721   8566   922174.419530
25233   540306721   8566   919172.332052
27962   540306721   8566   916199.500677
25679   540306721   8566   913238.708537
32144   540306721   8566   910297.576963
31947   540306721   8566   907393.046341
40729   540306721   8566   904514.127020
39952   540306721   8566   901629.663088
28100   540306721   8566   898769.279860
29791   540306721   8566   895923.936803
26518   540306721   8566   893107.165367
26783   540306721   8566   890980.533332
27818   540306721   8566   889241.085989
30035   540306721   8566   886823.931711
32960   540306721   8566   884074.215472
18901   540306721   8566   881343.917714
16706   540306721   8566   878619.811115
24697   540306721   8566   875913.454962
22904   540306721   8566   873230.546247
22285   540306721   8566   870558.131182
31861   540306721   8566   867902.202244
19703   540306721   8566   865261.588984
23627   540306721   8566   862642.166606
16826   540306721   8566   860043.855241
19053   540306721   8566   857454.109093
21906   540306721   8566   854876.080234
35762   540306721   8566   852322.702675
31436   540306721   8566   849784.708865
26532   540306721   8566   847257.142739
42824   540306721   8566   844745.655692
29626   540306721   8566   842254.945103
30699   540306721   8566   839780.807057
46974   540306721   8566   837314.272557
35199   540306721   8566   834865.981498
55106   540306721   8566   832430.931757
28326   540306721   8566   830013.873315
31821   540306721   8566   827609.213250
28060   540306721   8566   825216.019708
29542   540306721   8566   822837.644269
27542   540306721   8566   820486.818884
26077   540306721   8566   818137.216227
26511   540306721   8566   815800.852444
32343   540306721   8566   813481.069145
31663   540306721   8566   811180.482100
27357   540306721   8566   808885.693347
34539   540306721   8566   806609.208157
78487   540306721   8566   804340.095981
56868   540306721   8566   802094.685637
26800   540306721   8566   799855.593870
29883   540306721   8566   797626.081733
29651   540306721   8566   795409.040140
29955   540306721   8566   793214.512223
27504   540306721   8566   791024.848274
27631   540306721   8566   788846.334089
29722   540306721   8566   786682.362039
26366   540306721   8566   784541.904531
18796   540306721   8566   782398.224269
24376   540306721   8566   780272.016995
24188   540306721   8566   778153.726857
33028   540306721   8566   776056.355973
42879   540306721   8566   773966.277691
21878   540306721   8566   771886.427095
22468   540306721   8566   769816.117698
20710   540306721   8566   767771.868572
24003   540306721   8566   765725.114626
25872   540306721   8566   763687.652107
28864   540306721   8566   761665.502735
28391   540306721   8566   759659.958806
28456   540306721   8566   757657.756175
30752   540306721   8566   755668.892185
38868   540306721   8566   753689.421545
29018   540306721   8566   751730.723521
32860   540306721   8566   749774.615627
37256   540306721   8566   747825.955101
53114   540306721   8566   745887.185040
26955   540306721   8566   743967.496829
28567   540306721   8566   742051.371274
26419   540306721   8566   740145.826352
27831   540306721   8566   738252.188393
52707   540306721   8566   736380.203074
34532   540306721   8566   734518.111257
36240   540306721   8566   732662.914814
37573   540306721   8566   730814.018352
50784   540306721   8566   728981.805108
31894   540306721   8566   727154.496308
37970   540306721   8566   725335.259953
33591   540306721   8566   723524.230919
30608   540306721   8566   721729.198505
30864   540306721   8566   719944.703060
40979   540306721   8566   718162.289170
59477   540306721   8566   716390.605751
60614   540306721   8566   714627.130167
54435   540306721   8566   712877.864001
22107   540306721   8566   711132.260046
20121   540306721   8566   709392.966953
24186   540306721   8566   707664.513536
18557   540306721   8566   705955.354980
21175   540306721   8566   704244.038694
22025   540306721   8566   702539.255788
19512   540306721   8566   700855.416759
19165   540306721   8566   699175.039680
18416   540306721   8566   697497.571144
18001   540306721   8566   695829.128919
33829   540306721   8566   694165.330027
31158   540306721   8566   692519.436533
29447   540306721   8566   690876.318329
30899   540306721   8566   689238.675908
30468   540306721   8566   687608.545499
30915   540306721   8566   685995.521356
53839   540306721   8566   684382.055222
59699   540306721   8566   682775.843601
29607   540306721   8566   681179.472428
32274   540306721   8566   679596.929162
28474   540306721   8566   678014.581966
28607   540306721   8566   676441.737052
31156   540306721   8566   674874.284064
35535   540306721   8566   673320.563430
30261   540306721   8566   671771.013752
28354   540306721   8566   670225.841096
28805   540306721   8566   668687.319013
29447   540306721   8566   667167.688460
27512   540306721   8566   665645.663126
45057   540306721   8566   664128.648381
30448   540306721   8566   662621.942350
31448   540306721   8566   661128.222180
45834   540306721   8566   659633.915670
46014   540306721   8566   658148.496901
57855   540306721   8566   656668.582148
48058   540306721   8566   655203.467177
51262   540306721   8566   653739.240918
29078   540306721   8566   652281.172091
31827   540306721   8566   650828.326501
30959   540306721   8566   649386.613177
20892   540306721   8566   647950.266864
20313   540306721   8566   646517.388974
19384   540306721   8566   645092.280704
25940   540306721   8566   643682.288116
17192   540306721   8566   642271.354260
27782   540306721   8566   640865.068082
17934   540306721   8566   639467.538845
25182   540306721   8566   638080.222161
25517   540306721   8566   636692.408706
30900   540306721   8566   635312.510620
31666   540306721   8566   633937.257091
39018   540306721   8566   632570.838754
49524   540306721   8566   631213.755999
30965   540306721   8566   629858.462959
28166   540306721   8566   628507.877034
47705   540306721   8566   627169.656245
32125   540306721   8566   625833.112948
30421   540306721   8566   624501.326252
28152   540306721   8566   623176.785637
54365   540306721   8566   621858.899746
27476   540306721   8566   620550.204507
31777   540306721   8566   619244.105098
26435   540306721   8566   617940.802193
39575   540306721   8566   616644.552883
28637   540306721   8566   615360.695398
86011   540306721   8566   614074.638023
45434   540306721   8566   612794.221455
55134   540306721   8566   611521.645625
29208   540306721   8566   610259.220757
27438   540306721   8566   608996.320257
29612   540306721   8566   607739.970257
30200   540306721   8566   606486.905301
36670   540306721   8566   605244.067593
27150   540306721   8566   604005.013569
29669   540306721   8566   602768.239271
28943   540306721   8566   601536.500005
33641   540306721   8566   600318.737680
17653   540306721   8566   599096.574706
45309   540306721   8566   597880.365964
34953   540306721   8566   596671.886685
41884   540306721   8566   595472.292981
21870   540306721   8566   594272.448457
21548   540306721   8566   593080.316611
20365   540306721   8566   591890.030133
24305   540306721   8566   590711.695433
18585   540306721   8566   589534.915995
17906   540306721   8566   588361.240920
29556   540306721   8566   587191.066274
30636   540306721   8566   586034.017008
32224   540306721   8566   584873.183364
29718   540306721   8566   583718.240841
31713   540306721   8566   582569.238240
30687   540306721   8566   581430.468387
50032   540306721   8566   580289.099232
26444   540306721   8566   579154.577306
30474   540306721   8566   578022.585454
56818   540306721   8566   576899.533871
27740   540306721   8566   575779.781211
32319   540306721   8566   574661.920285
29959   540306721   8566   573548.136613
49571   540306721   8566   572447.635356
28254   540306721   8566   571345.486999
30381   540306721   8566   570245.516403
26564   540306721   8566   569151.701627
45899   540306721   8566   568066.452907
41511   540306721   8566   566979.954599
43016   540306721   8566   565905.796953
52084   540306721   8566   564827.497849
33129   540306721   8566   563759.106047
27165   540306721   8566   562693.888060
28983   540306721   8566   561629.431737
30732   540306721   8566   560568.837194
55386   540306721   8566   559517.391991
32495   540306721   8566   558466.435398
34051   540306721   8566   557418.095316
24497   540306721   8566   556372.360598
23354   540306721   8566   555331.714115
27612   540306721   8566   554297.863858
20623   540306721   8566   553264.986772
30054   540306721   8566   552234.448376
31442   540306721   8566   551208.930005
21734   540306721   8566   550192.710801
23869   540306721   8566   549175.483802
20124   540306721   8566   548161.566489
22058   540306721   8566   547153.374975
20706   540306721   8566   546154.576894
28296   540306721   8566   545151.856512
31482   540306721   8566   544155.251064
30780   540306721   8566   543161.978120
31145   540306721   8566   542176.507188
31650   540306721   8566   541192.081929
48343   540306721   8566   540209.486527
42413   540306721   8566   539230.357750
27268   540306721   8566   538263.820050
26805   540306721   8566   537293.909861
28487   540306721   8566   536327.754490
26097   540306721   8566   535364.035835
26999   540306721   8566   534409.986265
32394   540306721   8566   533454.286853
28331   540306721   8566   532502.895244
29101   540306721   8566   531553.861954
29828   540306721   8566   530614.268050
23891   540306721   8566   529675.170142
54463   540306721   8566   528737.806331
29463   540306721   8566   527804.009571
45922   540306721   8566   526878.288854
43812   540306721   8566   525951.467838
26663   540306721   8566   525028.057277
29989   540306721   8566   524107.109285
30501   540306721   8566   523198.502677
26160   540306721   8566   522284.877843
40984   540306721   8566   521374.803749
28002   540306721   8566   520469.332979
31439   540306721   8566   519570.693213
27832   540306721   8566   518670.716249
28359   540306721   8566   517774.947378
20627   540306721   8566   516879.978917
29980   540306721   8566   515997.006445
25183   540306721   8566   515112.054055
22581   540306721   8566   514228.066905
22198   540306721   8566   513346.539741
19800   540306721   8566   512475.774991
22544   540306721   8566   511601.683571
21655   540306721   8566   510730.081915
18773   540306721   8566   509863.634840
23073   540306721   8566   509003.277468
27248   540306721   8566   508142.345337
28909   540306721   8566   507285.798608
39920   540306721   8566   506429.950329
49903   540306721   8566   505582.394328
56553   540306721   8566   504734.621489
44197   540306721   8566   503887.315915
45478   540306721   8566   503043.069086
27958   540306721   8566   502206.875633
31222   540306721   8566   501374.847091
26718   540306721   8566   500540.715452
29941   540306721   8566   499710.163090
50693   540306721   8566   498884.427315
26289   540306721   8566   498061.115634
27725   540306721   8566   497240.016357
29728   540306721   8566   496419.484450
42072   540306721   8566   495603.483942
28761   540306721   8566   494799.177090
28488   540306721   8566   493987.907736
28896   540306721   8566   493179.343150
45021   540306721   8566   492375.371795
52690   540306721   8566   491576.048955
34439   540306721   8566   490776.036500
27189   540306721   8566   489980.459846
31624   540306721   8566   489186.101391
26657   540306721   8566   488401.583808
32615   540306721   8566   487614.712175
33473   540306721   8566   486828.085111
31162   540306721   8566   486044.334985
26936   540306721   8566   485269.315900
27332   540306721   8566   484490.628491
25052   540306721   8566   483714.195692
31625   540306721   8566   482942.841281
37792   540306721   8566   482179.431093
30346   540306721   8566   481412.767077
27893   540306721   8566   480649.566086
21785   540306721   8566   479886.880236
24027   540306721   8566   479131.290372
24512   540306721   8566   478375.635912
18537   540306721   8566   477620.303308
30499   540306721   8566   476866.808752
28523   540306721   8566   476127.165524
27685   540306721   8566   475380.339050
28588   540306721   8566   474635.943947
31227   540306721   8566   473894.133604
29072   540306721   8566   473158.765055
36859   540306721   8566   472421.242611
42785   540306721   8566   471688.103274
28953   540306721   8566   470961.787647
24230   540306721   8566   470237.186020
26990   540306721   8566   469511.513365
32193   540306721   8566   468786.699943
27987   540306721   8566   468064.234152
35092   540306721   8566   467670.996344
33047   540306721   8566   467502.711346
30324   540306721   8566   466969.269071
57179   540306721   8566   466255.153390
9933   540306721   8566   465548.195200
27523   540306721   8566   464837.764252
26746   540306721   8566   464131.270387
30761   540306721   8566   463424.757609
51383   540306721   8566   462724.241575
31655   540306721   8566   462028.356248
31201   540306721   8566   461329.698105
29615   540306721   8566   460632.510881
44822   540306721   8566   459941.097195
28324   540306721   8566   459252.393138
26564   540306721   8566   458562.715259
30985   540306721   8566   457876.491990
23123   540306721   8566   457194.999888
53478   540306721   8566   456511.869466
36394   540306721   8566   455832.467810
20001   540306721   8566   455153.377026
21575   540306721   8566   454479.483507
21912   540306721   8566   453809.782241
23987   540306721   8566   453137.460840
20946   540306721   8566   452466.565226
30834   540306721   8566   451801.383287
19402   540306721   8566   451134.827868
25448   540306721   8566   450467.675259
24665   540306721   8566   449803.962812
51566   540306721   8566   449142.994619
30349   540306721   8566   448487.871001
44073   540306721   8566   447831.326489
51225   540306721   8566   447174.603181
24451   540306721   8566   446520.557304
24970   540306721   8566   445874.068578
26113   540306721   8566   445224.560064
28647   540306721   8566   444576.888357
26032   540306721   8566   443931.445206
29013   540306721   8566   443293.796131
29580   540306721   8566   442652.680277
26866   540306721   8566   442013.271427
26682   540306721   8566   441376.669332
25739   540306721   8566   440745.193088
38809   540306721   8566   440111.553554
26088   540306721   8566   439480.899957
42294   540306721   8566   438851.329989
39010   540306721   8566   438229.169927
26575   540306721   8566   437605.271015
32142   540306721   8566   436981.573369
24182   540306721   8566   436360.087405
30519   540306721   8566   435746.251534
25601   540306721   8566   435128.491442
26055   540306721   8566   434512.480348
29003   540306721   8566   433899.732832
29053   540306721   8566   433292.771071
26044   540306721   8566   432682.563914
35886   540306721   8566   432076.606302
48916   540306721   8566   431470.534256
32407   540306721   8566   430869.100150
34709   540306721   8566   430267.685102
20587   540306721   8566   429667.722813
24478   540306721   8566   429068.932255
21802   540306721   8566   428478.539173
22556   540306721   8566   427883.356290
17349   540306721   8566   427289.850152
21417   540306721   8566   426699.890173
29464   540306721   8566   426112.703063
17707   540306721   8566   425526.784882
30848   540306721   8566   424940.723685
29444   540306721   8566   424355.963704
38616   540306721   8566   423776.646241
45578   540306721   8566   423199.082945
27156   540306721   8566   422619.212738
31858   540306721   8566   422041.526666
27463   540306721   8566   421470.505171
32919   540306721   8566   420896.522695
29855   540306721   8566   420323.317606
31763   540306721   8566   419754.203557
38800   540306721   8566   419186.013487
28529   540306721   8566   418622.347374
30163   540306721   8566   418057.735428
29702   540306721   8566   417492.786375
42822   540306721   8566   416932.471746
41675   540306721   8566   416373.528896
46399   540306721   8566   415813.761026
29723   540306721   8566   415255.709318
49057   540306721   8566   414703.099751
26343   540306721   8566   414151.971275
27490   540306721   8566   413599.215970
29854   540306721   8566   413054.354826
27483   540306721   8566   412505.281300
32339   540306721   8566   411959.304088
26376   540306721   8566   411413.517607
28424   540306721   8566   410867.853154
46684   540306721   8566   410324.276878
48024   540306721   8566   409787.992981
30982   540306721   8566   409246.743135
21545   540306721   8566   408707.694371
21093   540306721   8566   408171.425760
25645   540306721   8566   407639.795353
21740   540306721   8566   407105.246179
19316   540306721   8566   406574.654814
21707   540306721   8566   406042.529975
22301   540306721   8566   405518.476251
19777   540306721   8566   404991.445269
21556   540306721   8566   404465.176512
28775   540306721   8566   403939.735095
50010   540306721   8566   403421.251304
53082   540306721   8566   402898.673522
28554   540306721   8566   402378.151905
29474   540306721   8566   401859.713074
31783   540306721   8566   401345.369246
28115   540306721   8566   400828.521624
28263   540306721   8566   400314.922106
27634   540306721   8566   399800.808324
28120   540306721   8566   399291.847726
25289   540306721   8566   398781.981711
30349   540306721   8566   398272.565868
33146   540306721   8566   397764.254546
49761   540306721   8566   397264.163114
43736   540306721   8566   396759.966677
30080   540306721   8566   396256.498069
26492   540306721   8566   395755.433917
29721   540306721   8566   395258.467237
28523   540306721   8566   394759.218895
27740   540306721   8566   394262.072745
26355   540306721   8566   393764.399001
33326   540306721   8566   393274.166080
33424   540306721   8566   392781.224729
27708   540306721   8566   392288.810763
27873   540306721   8566   391796.918937
32524   540306721   8566   391311.297177
43064   540306721   8566   390822.531760
44790   540306721   8566   390334.756593
27270   540306721   8566   389849.138842
45314   540306721   8566   389367.119316
25595   540306721   8566   388884.223880
21108   540306721   8566   388403.079421
21741   540306721   8566   387922.260745
25601   540306721   8566   387446.633937
17799   540306721   8566   386969.285819
19767   540306721   8566   386492.414940
18762   540306721   8566   386016.299824
21111   540306721   8566   385544.186210
21323   540306721   8566   385073.712424
22167   540306721   8566   384602.193719
45556   540306721   8566   384131.508711
49165   540306721   8566   383662.592591
47715   540306721   8566   383197.283430
45669   540306721   8566   382730.832229
31666   540306721   8566   382265.502427
33855   540306721   8566   381801.191328
24633   540306721   8566   381342.763038
29219   540306721   8566   380882.082973
29707   540306721   8566   380420.717441
51571   540306721   8566   379961.103564
25910   540306721   8566   379507.154026
26442   540306721   8566   379049.987964
36702   540306721   8566   378593.569895
34920   540306721   8566   378140.396583
30678   540306721   8566   377691.769146
29292   540306721   8566   377239.587073
44164   540306721   8566   376789.494529
31704   540306721   8566   376339.255091
26976   540306721   8566   375893.521413
37391   540306721   8566   375447.326973
32088   540306721   8566   375000.829223
27239   540306721   8566   374554.962095
26883   540306721   8566   374116.611881
27177   540306721   8566   373673.632965
27160   540306721   8566   373232.295158
27728   540306721   8566   372792.520287
27875   540306721   8566   372356.472345
29743   540306721   8566   371918.303633
30253   540306721   8566   371482.055187
47887   540306721   8566   371045.166246
31926   540306721   8566   370613.838617
16991   540306721   8566   370181.166078
21650   540306721   8566   369748.132574
26503   540306721   8566   369315.498467
25106   540306721   8566   368889.682770
20303   540306721   8566   368460.061243
17482   540306721   8566   368031.222701
21333   540306721   8566   367604.593190
18611   540306721   8566   367183.366180
18953   540306721   8566   366758.144808
25960   540306721   8566   366334.581104
30630   540306721   8566   365911.176088
32559   540306721   8566   365492.135583
29264   540306721   8566   365076.186266
42310   540306721   8566   364655.940327
43357   540306721   8566   364236.773196
53068   540306721   8566   363823.377996
29102   540306721   8566   363407.825373
21263   540306721   8566   362992.103214
30651   540306721   8566   362578.744792
26312   540306721   8566   362168.158349
29148   540306721   8566   361755.808814
27597   540306721   8566   361345.102000
28811   540306721   8566   360933.825631
51738   540306721   8566   360526.483354
30372   540306721   8566   360121.410978
25973   540306721   8566   359713.741127
26658   540306721   8566   359306.565481
49488   540306721   8566   358904.397007
29146   540306721   8566   358500.465192
29695   540306721   8566   358097.397183
27282   540306721   8566   357695.497475
53714   540306721   8566   357294.635902
26859   540306721   8566   356897.490316
26854   540306721   8566   356499.704908
33499   540306721   8566   356101.028392
28720   540306721   8566   355703.832203
26330   540306721   8566   355311.565608
31798   540306721   8566   354915.071463
29798   540306721   8566   354519.688405
23459   540306721   8566   354126.738246
35809   540306721   8566   353737.926143
25571   540306721   8566   353346.368611
25708   540306721   8566   352956.083220
23231   540306721   8566   352565.701075
33657   540306721   8566   352179.880143
21734   540306721   8566   351792.656355
18960   540306721   8566   351404.918208
27825   540306721   8566   351018.150646
31935   540306721   8566   350638.301002
27395   540306721   8566   350253.562176
29639   540306721   8566   349870.106560
30121   540306721   8566   349488.399930
40436   540306721   8566   349110.110043
48510   540306721   8566   348729.533768
26864   540306721   8566   348350.631433
27462   540306721   8566   347971.339174
26764   540306721   8566   347597.624320
28460   540306721   8566   347221.747421
31977   540306721   8566   346845.574426
28542   540306721   8566   346469.714992
28048   540306721   8566   346100.227193
29278   540306721   8566   345726.464328
26037   540306721   8566   345353.799046
32297   540306721   8566   344983.636506
26445   540306721   8566   344617.273411
50662   540306721   8566   344247.043282
56556   540306721   8566   343878.757395
46481   540306721   8566   343509.646062
27580   540306721   8566   343145.293047
26913   540306721   8566   342780.127920
28048   540306721   8566   342414.387433
26651   540306721   8566   342049.097835
47950   540306721   8566   341689.763771
17382   540306721   8566   341327.045630
21167   540306721   8566   340964.293759
22813   540306721   8566   340603.360450
22254   540306721   8566   340245.949056
24766   540306721   8566   339886.262067
22979   540306721   8566   339528.312012
40273   540306721   8566   339169.847764
27910   540306721   8566   338814.494390
27434   540306721   8566   338461.776297
26111   540306721   8566   338106.178673
29108   540306721   8566   337750.413857
39929   540306721   8566   337398.739896
31045   540306721   8566   337046.404102
27505   540306721   8566   336693.411528
32375   540306721   8566   336342.214128
27644   540306721   8566   335993.691370
28176   540306721   8566   335646.803618
38704   540306721   8566   335298.340323
56503   540306721   8566   334950.280513
49873   540306721   8566   334603.200081
95162   540306721   8566   334258.986630
26131   540306721   8566   333913.711129
26326   540306721   8566   333568.180810
44959   540306721   8566   333223.850993
28974   540306721   8566   332885.052772
27427   540306721   8566   332541.867473
31400   540306721   8566   332199.362180
33392   540306721   8566   331859.228549
29970   540306721   8566   331520.481593
29304   540306721   8566   331180.209578
33762   540306721   8566   330841.835826
51441   540306721   8566   330503.399082
55551   540306721   8566   330169.612107
28186   540306721   8566   329833.899514
54503   540306721   8566   329497.503411
29259   540306721   8566   329161.779766
32689   540306721   8566   328830.584667
41025   540306721   8566   328497.765045
21562   540306721   8566   328165.410559
16727   540306721   8566   327838.399811
21999   540306721   8566   327512.226521
22088   540306721   8566   327181.281867
17859   540306721   8566   326852.079589
19639   540306721   8566   326522.980898
28373   540306721   8566   326196.816583
18781   540306721   8566   325869.284327
28568   540306721   8566   325541.984415
31854   540306721   8566   325215.360397
21367   540306721   8566   324894.057100
30223   540306721   8566   324568.671192
26737   540306721   8566   324245.089138
27373   540306721   8566   324157.726459
30605   540306721   8566   324206.015450
27169   540306721   8566   324006.734034
28341   540306721   8566   323685.614938
30616   540306721   8566   323363.906845
31090   540306721   8566   323047.446836
27816   540306721   8566   322728.174959
30596   540306721   8566   322408.583493
55113   540306721   8566   322089.190944
28207   540306721   8566   321774.509941
26389   540306721   8566   321457.026784
29695   540306721   8566   321140.524524
29316   540306721   8566   320825.520454
46943   540306721   8566   320513.215739
25825   540306721   8566   320199.539856
31072   540306721   8566   319886.386151
26606   540306721   8566   319572.925849
38341   540306721   8566   319261.651997
30336   540306721   8566   318951.498979
29620   540306721   8566   318640.389956
29431   540306721   8566   318329.599758
50632   540306721   8566   318022.281662
42988   540306721   8566   317715.129954
29173   540306721   8566   317406.206888
33205   540306721   8566   317098.983655
54530   540306721   8566   316793.108593
31252   540306721   8566   316486.704798
18458   540306721   8566   316181.677437
22407   540306721   8566   315876.166613
20898   540306721   8566   315572.010151
17841   540306721   8566   315272.548858
21956   540306721   8566   314969.640293
17286   540306721   8566   314667.068123
17291   540306721   8566   314366.088617
29205   540306721   8566   314067.108360
35329   540306721   8566   313765.853480
22107   540306721   8566   313466.491358
28500   540306721   8566   313166.753580
27235   540306721   8566   312871.878344
27411   540306721   8566   312574.750642
27599   540306721   8566   312277.351139
34830   540306721   8566   311980.234502
27412   540306721   8566   311687.914181
27405   540306721   8566   311392.012615
29040   540306721   8566   311096.791664
29099   540306721   8566   310803.035003
34324   540306721   8566   310512.601028
52130   540306721   8566   310218.959638
48006   540306721   8566   309927.183032
86578   540306721   8566   309635.141287
27506   540306721   8566   309347.121115
32817   540306721   8566   309057.075134
35453   540306721   8566   308766.814740
42111   540306721   8566   308476.808575
32058   540306721   8566   308192.422345
32802   540306721   8566   307904.174332
30366   540306721   8566   307616.752940
26858   540306721   8566   307329.555660
26854   540306721   8566   307045.768891
28959   540306721   8566   306760.252392
35871   540306721   8566   306475.708371
28334   540306721   8566   306190.669046
46047   540306721   8566   305910.231960
46874   540306721   8566   305626.900910
27299   540306721   8566   305343.950835
28833   540306721   8566   305061.619753
27108   540306721   8566   304783.028930
27330   540306721   8566   304501.980372
17606   540306721   8566   304221.091299
18014   540306721   8566   303942.056117
26403   540306721   8566   303665.342220
18643   540306721   8566   303386.721237
36392   540306721   8566   303109.420917
23488   540306721   8566   302831.370355
21740   540306721   8566   302556.539022
26602   540306721   8566   302280.187659
24636   540306721   8566   302004.603082
47705   540306721   8566   301728.495183
44355   540306721   8566   301455.194726
29520   540306721   8566   301183.051459
26668   540306721   8566   300908.885179
34045   540306721   8566   300635.320213
46001   540306721   8566   300364.450754
27249   540306721   8566   300092.775766
29417   540306721   8566   299820.875610
32442   540306721   8566   299550.357986
54225   540306721   8566   299280.486823
30455   540306721   8566   299013.649752
31048   540306721   8566   298749.588862
59287   540306721   8566   298480.807828
43355   540306721   8566   298212.384686
63491   540306721   8566   297947.310552
30108   540306721   8566   297679.996406
26651   540306721   8566   297412.775560
32013   540306721   8566   297147.356277
31066   540306721   8566   296884.661459
27755   540306721   8566   296619.340372
31334   540306721   8566   296355.612647
50570   540306721   8566   296091.195451
29253   540306721   8566   295829.731669
27037   540306721   8566   295567.662506
30242   540306721   8566   295304.766467
26644   540306721   8566   295042.167442
69452   540306721   8566   294783.743301
48731   540306721   8566   294522.655652
26963   540306721   8566   294262.014662
19133   540306721   8566   294002.377946
17792   540306721   8566   293744.998296
24606   540306721   8566   293486.072842
23446   540306721   8566   293232.869216
20278   540306721   8566   292978.688295
19155   540306721   8566   292729.344097
21238   540306721   8566   292477.676402
18686   540306721   8566   292225.040663
26914   540306721   8566   291972.935442
20336   540306721   8566   291724.458976
33426   540306721   8566   291473.103814
40531   540306721   8566   291222.170739
36318   540306721   8566   290972.387235
36576   540306721   8566   290726.599613
54075   540306721   8566   290476.612238
52933   540306721   8566   290227.907392
30578   540306721   8566   289978.195768
30219   540306721   8566   289732.533957
32156   540306721   8566   289484.918639
30006   540306721   8566   289236.643080
30977   540306721   8566   288989.025472
33802   540306721   8566   288746.460577
30189   540306721   8566   288499.714214
35495   540306721   8566   288253.715781
29669   540306721   8566   288008.588557
31305   540306721   8566   287765.605372
33198   540306721   8566   287520.766715
33800   540306721   8566   287276.933008
29859   540306721   8566   287032.199487
38226   540306721   8566   286790.548408
31137   540306721   8566   286550.594058
34963   540306721   8566   286307.446290
31886   540306721   8566   286064.561174
58326   540306721   8566   285825.513886
50995   540306721   8566   285583.968693
53162   540306721   8566   285342.391031
30078   540306721   8566   285102.081904
26426   540306721   8566   284863.394296
18792   540306721   8566   284625.616831
20156   540306721   8566   284387.012810
24256   540306721   8566   284147.573252
23067   540306721   8566   283909.682904
18283   540306721   8566   283673.964909
18529   540306721   8566   283435.965884
16420   540306721   8566   283198.286059
22244   540306721   8566   282962.627631
30250   540306721   8566   282728.406998
28946   540306721   8566   282492.249223
30428   540306721   8566   282256.870369
88867   540306721   8566   282021.642713
31063   540306721   8566   281789.011876
31363   540306721   8566   281555.091276
32173   540306721   8566   281320.656314
44494   540306721   8566   281086.882807
48391   540306721   8566   280857.186398
62685   540306721   8566   280624.285478
28822   540306721   8566   280391.357055
29861   540306721   8566   280159.507135
29652   540306721   8566   279930.513088
28759   540306721   8566   279699.625151
27388   540306721   8566   279469.348032
29561   540306721   8566   279238.506714
31857   540306721   8566   279011.568870
30711   540306721   8566   278783.628603
30149   540306721   8566   278555.232453
30551   540306721   8566   278326.006416
28908   540306721   8566   278100.732840
30599   540306721   8566   277872.638567
34616   540306721   8566   277644.853241
28607   540306721   8566   277418.120785
29774   540306721   8566   277195.448910
65320   540306721   8566   276968.918355
46839   540306721   8566   276742.964838
53105   540306721   8566   276518.055703
32951   540306721   8566   276295.637290
22209   540306721   8566   276070.791419
23319   540306721   8566   275846.775043
22920   540306721   8566   275622.140239
25512   540306721   8566   275401.654920
17688   540306721   8566   275179.960657
19074   540306721   8566   274957.226896
18791   540306721   8566   274737.717483
20210   540306721   8566   274519.178916
22739   540306721   8566   274297.433464
27426   540306721   8566   274075.662959
31273   540306721   8566   273855.179386
40500   540306721   8566   273637.695241
40640   540306721   8566   273417.605483
53275   540306721   8566   273198.708424
32332   540306721   8566   272978.989410
32888   540306721   8566   272762.786697
30031   540306721   8566   272545.228672
29318   540306721   8566   272327.060399
27625   540306721   8566   272108.735067
49490   540306721   8566   271893.703255
29597   540306721   8566   271678.312985
29973   540306721   8566   271461.942215
44095   540306721   8566   271246.807933
48268   540306721   8566   271033.044011
31350   540306721   8566   270818.057788
29988   540306721   8566   270603.731892
75668   540306721   8566   270388.549339
55241   540306721   8566   270175.588767
30606   540306721   8566   269964.089906
42287   540306721   8566   269750.348208
29379   540306721   8566   269536.800362
27586   540306721   8566   269325.491722
29154   540306721   8566   269115.072207
34421   540306721   8566   268903.120860
33019   540306721   8566   268692.426623
37207   540306721   8566   268481.452081
27509   540306721   8566   268274.018632
19146   540306721   8566   268064.086381
25373   540306721   8566   267853.673756
28333   540306721   8566   267644.152563
17735   540306721   8566   267437.933704
21863   540306721   8566   267228.639041
42597   540306721   8566   267019.710895
22684   540306721   8566   266812.165331
24368   540306721   8566   266607.581810
19169   540306721   8566   266399.734552
17204   540306721   8566   266193.283149
27160   540306721   8566   265986.379730
34563   540306721   8566   265782.197198
30530   540306721   8566   265577.006446
30508   540306721   8566   265370.806777
27833   540306721   8566   265165.226663
51824   540306721   8566   264963.277445
39489   540306721   8566   264758.409257
50397   540306721   8566   264553.760607
28992   540306721   8566   264350.670647
31705   540306721   8566   264149.843242
27557   540306721   8566   263946.364074
31343   540306721   8566   263744.762498
38484   540306721   8566   263542.227365
28077   540306721   8566   263342.609340
30289   540306721   8566   263141.473536
27800   540306721   8566   262939.955573
31530   540306721   8566   262738.833629
31004   540306721   8566   262540.483149
29032   540306721   8566   262340.096992
36620   540306721   8566   262140.029780
47346   540306721   8566   261941.006169
56059   540306721   8566   261744.914428
28948   540306721   8566   261545.878466
29767   540306721   8566   261348.092480
29438   540306721   8566   261150.100976
34865   540306721   8566   260954.389874
32443   540306721   8566   260757.282933
32418   540306721   8566   260559.946389
27734   540306721   8566   260362.670995
21855   540306721   8566   260168.666997
17567   540306721   8566   259973.231255
18658   540306721   8566   259777.023106
16714   540306721   8566   259581.693057
30340   540306721   8566   259388.324367
36651   540306721   8566   259193.118188
33746   540306721   8566   258998.995715
27384   540306721   8566   258804.550359
31973   540306721   8566   258611.807029
26895   540306721   8566   258421.069384
29584   540306721   8566   258227.700068
27608   540306721   8566   258034.620316
49763   540306721   8566   257843.483534
28701   540306721   8566   257652.567499
26716   540306721   8566   257460.577406
30380   540306721   8566   257269.554288
34393   540306721   8566   257079.131600
37614   540306721   8566   256889.916562
43681   540306721   8566   256699.753207
56145   540306721   8566   256509.126203
27251   540306721   8566   256319.242117
29626   540306721   8566   256132.091422
27000   540306721   8566   255942.731937
27885   540306721   8566   255753.610055
28160   540306721   8566   255565.656935
30454   540306721   8566   255380.547605
31631   540306721   8566   255192.292747
30837   540306721   8566   255004.785585
27835   540306721   8566   254817.162716
26745   540306721   8566   254632.367521
48160   540306721   8566   254448.597239
88980   540306721   8566   254262.655646
47197   540306721   8566   254076.220109
43594   540306721   8566   253893.274761
30368   540306721   8566   253708.280729
30227   540306721   8566   253523.048222
21704   540306721   8566   253337.649950
22781   540306721   8566   253155.662505
17315   540306721   8566   252974.505185
18462   540306721   8566   252790.299082
20847   540306721   8566   252606.933302
20773   540306721   8566   252426.296732
20535   540306721   8566   252243.278882
27983   540306721   8566   252238.441442
17543   540306721   8566   252332.191032
32311   540306721   8566   252240.414652
42622   540306721   8566   252055.398602
51406   540306721   8566   251870.398071
28693   540306721   8566   251685.666345
30256   540306721   8566   251505.187012
26038   540306721   8566   251321.551378
25479   540306721   8566   251138.327601
27025   540306721   8566   250955.915428
25494   540306721   8566   250775.880804
25939   540306721   8566   250593.588761
32052   540306721   8566   250412.380762
24117   540306721   8566   250230.995939
46872   540306721   8566   250052.475528
24634   540306721   8566   249872.894813
58660   540306721   8566   249692.650664
51465   540306721   8566   249512.569803
50762   540306721   8566   249334.354755
26449   540306721   8566   249156.697296
30624   540306721   8566   248977.726495
25995   540306721   8566   248799.552856
33979   540306721   8566   248622.457965
30557   540306721   8566   248446.158927
25662   540306721   8566   248269.305040
26564   540306721   8566   248091.843533
37973   540306721   8566   247915.922456
29580   540306721   8566   247740.497584
32458   540306721   8566   247564.099275
42077   540306721   8566   247387.653869
31948   540306721   8566   247213.408986
26764   540306721   8566   247040.083216
25042   540306721   8566   246865.286694
27998   540306721   8566   246691.193623
18338   540306721   8566   246516.722074
26177   540306721   8566   246344.496666
19874   540306721   8566   246171.694490
26695   540306721   8566   245997.953791
17200   540306721   8566   245824.560140
25067   540306721   8566   245655.129229
30011   540306721   8566   245482.501751
35664   540306721   8566   245309.910859
22022   540306721   8566   245138.828317
27654   540306721   8566   244968.655294
27716   540306721   8566   244797.357221
26705   540306721   8566   244626.913656
31792   540306721   8566   244455.686808
26443   540306721   8566   244287.358515
31418   540306721   8566   244118.011492
29152   540306721   8566   243947.809017
29215   540306721   8566   243777.814781
29604   540306721   8566   243611.276268
31313   540306721   8566   243442.078214
34787   540306721   8566   243272.812222
36128   540306721   8566   243104.698831
44926   540306721   8566   242939.670604
29701   540306721   8566   242771.395517
28061   540306721   8566   242604.619873
25437   540306721   8566   242436.778436
27738   540306721   8566   242272.080883
27715   540306721   8566   242106.019349
27370   540306721   8566   241939.366726
28130   540306721   8566   241772.536500
29496   540306721   8566   241609.665265
26988   540306721   8566   241443.741762
29918   540306721   8566   241277.995776
32879   540306721   8566   241112.851893
40789   540306721   8566   240949.736749
53332   540306721   8566   240784.610593
26111   540306721   8566   240620.507993
30109   540306721   8566   240455.923087
31696   540306721   8566   240294.675890
35496   540306721   8566   240131.693920
25396   540306721   8566   239967.819197
16235   540306721   8566   239803.983695
17462   540306721   8566   239643.687761
20883   540306721   8566   239481.021516
24155   540306721   8566   239318.656149
26268   540306721   8566   239156.848256
26207   540306721   8566   238996.603721
57860   540306721   8566   238835.849650
38165   540306721   8566   238675.003681
21169   540306721   8566   238513.150227
47765   540306721   8566   238353.625257
29291   540306721   8566   238193.643379
30756   540306721   8566   238033.296321
28537   540306721   8566   237872.756684
31195   540306721   8566   237717.339457
32636   540306721   8566   237559.201706
26974   540306721   8566   237399.964773
61480   540306721   8566   237240.794370
47352   540306721   8566   237082.179348
32607   540306721   8566   236924.661486
50879   540306721   8566   236766.437050
44350   540306721   8566   236608.204604
60370   540306721   8566   236450.469048
49481   540306721   8566   236295.058143
28845   540306721   8566   236138.087257
27235   540306721   8566   235980.298175
45786   540306721   8566   235823.313549
28298   540306721   8566   235668.909631
26941   540306721   8566   235512.014238
27636   540306721   8566   235355.879968
28256   540306721   8566   235200.633401
31278   540306721   8566   235046.527315
47280   540306721   8566   234890.659990
38084   540306721   8566   234735.937021
39525   540306721   8566   234580.281185
45595   540306721   8566   234427.569890
29983   540306721   8566   234273.443964
18594   540306721   8566   234118.641900
21939   540306721   8566   233963.997774
18448   540306721   8566   233813.214159
16262   540306721   8566   233659.452227
17214   540306721   8566   233505.537298
18447   540306721   8566   233352.645052
18396   540306721   8566   233201.642407
20604   540306721   8566   233048.490531
19944   540306721   8566   232896.642376
26737   540306721   8566   232744.455530
22815   540306721   8566   232594.560514
42513   540306721   8566   232443.126575
41895   540306721   8566   232291.033240
29469   540306721   8566   232139.183782
29632   540306721   8566   231990.486262
28843   540306721   8566   231839.335327
26277   540306721   8566   231688.388294
26873   540306721   8566   231538.415665
27826   540306721   8566   231389.750531
29074   540306721   8566   231240.128626
25728   540306721   8566   231090.907060
26696   540306721   8566   230940.879910
31877   540306721   8566   230793.147435
29765   540306721   8566   230644.856327
30828   540306721   8566   230495.949642
57469   540306721   8566   230346.836074
58895   540306721   8566   230201.755519
26402   540306721   8566   230053.907372
27874   540306721   8566   229906.075553
29331   540306721   8566   229759.142546
27567   540306721   8566   229613.441969
27361   540306721   8566   229466.145736
30224   540306721   8566   229319.877416
28027   540306721   8566   229172.424982
43665   540306721   8566   229026.785240
27785   540306721   8566   228882.533042
29892   540306721   8566   228736.205808
31878   540306721   8566   228590.027512
54610   540306721   8566   228445.972399
53016   540306721   8566   228300.641374
23770   540306721   8566   228154.976928
25464   540306721   8566   228010.029003
24005   540306721   8566   227865.934760
20972   540306721   8566   227722.903772
21784   540306721   8566   227578.736351
17035   540306721   8566   227433.955534
20955   540306721   8566   227289.459717
21921   540306721   8566   227148.562302
21487   540306721   8566   227004.578572
23226   540306721   8566   226860.361211
33411   540306721   8566   226717.267968
36304   540306721   8566   226577.339022
77652   540306721   8566   226434.408344
28553   540306721   8566   226291.943011
28900   540306721   8566   226149.626445
33037   540306721   8566   226009.134489
29285   540306721   8566   225867.640939
31474   540306721   8566   225725.614243
52773   540306721   8566   225584.095472
28301   540306721   8566   225446.035505
27179   540306721   8566   225304.564539
31687   540306721   8566   225163.328611
30795   540306721   8566   225023.406940
28389   540306721   8566   224884.905394
51434   540306721   8566   224744.177480
49216   540306721   8566   224604.202092
50697   540306721   8566   224464.091065
45455   540306721   8566   224326.856760
33268   540306721   8566   224187.908156
27287   540306721   8566   224048.755198
26958   540306721   8566   223909.329619
29162   540306721   8566   223772.977107
28125   540306721   8566   223633.979933
28948   540306721   8566   223495.278208
28053   540306721   8566   223357.147635
28616   540306721   8566   223221.425871
26534   540306721   8566   223083.418610
30301   540306721   8566   222949.179244
28989   540306721   8566   222811.390892
22711   540306721   8566   222675.493422
37554   540306721   8566   222538.586926
41525   540306721   8566   222401.424775
23783   540306721   8566   222264.398716
19562   540306721   8566   222130.650214
21602   540306721   8566   221994.181988
20242   540306721   8566   221858.114421
50782   540306721   8566   221722.668560
18746   540306721   8566   221588.599452
29631   540306721   8566   221452.601607
37670   540306721   8566   221317.557652
30527   540306721   8566   221182.252310
42434   540306721   8566   221049.043908
68444   540306721   8566   220916.615278
44433   540306721   8566   220782.081551
47248   540306721   8566   220647.160036
53403   540306721   8566   220514.385306
27266   540306721   8566   220380.578809
26662   540306721   8566   220246.627534
42756   540306721   8566   220112.602548
30139   540306721   8566   219980.520875
28938   540306721   8566   219848.279235
30181   540306721   8566   219715.245447
27375   540306721   8566   219582.614976
53107   540306721   8566   219450.580421
28123   540306721   8566   219318.970328
26359   540306721   8566   219187.033311
32368   540306721   8566   219054.433381
42547   540306721   8566   218922.525237
91376   540306721   8566   218793.755479
49854   540306721   8566   218661.755859
30520   540306721   8566   218530.103928
29890   540306721   8566   218399.662565
28379   540306721   8566   218270.355945
26410   540306721   8566   218139.073848
33143   540306721   8566   218008.989660
12518   540306721   8566   217878.367280
30817   540306721   8566   217750.487070
29936   540306721   8566   217620.857044
27960   540306721   8566   217490.776623
35579   540306721   8566   217360.751819
21970   540306721   8566   217233.301267
65431   540306721   8566   217103.629525
30082   540306721   8566   216973.866610
28930   540306721   8566   216845.413978
22530   540306721   8566   216719.456706
25545   540306721   8566   216591.630120
36898   540306721   8566   216463.925182
20654   540306721   8566   216336.881099
21441   540306721   8566   216211.039254
27174   540306721   8566   216085.484121
30719   540306721   8566   215961.118244
30239   540306721   8566   215835.817046
31532   540306721   8566   215711.482292
31173   540306721   8566   215585.555551
34301   540306721   8566   215463.439813
47749   540306721   8566   215341.041038
49593   540306721   8566   215219.791673
37279   540306721   8566   215097.012707
45035   540306721   8566   214977.439923
29127   540306721   8566   214855.975083
39137   540306721   8566   214733.705420
49932   540306721   8566   214614.961854
45034   540306721   8566   214490.961397
52167   540306721   8566   214365.503100
53981   540306721   8566   214243.072502
27989   540306721   8566   214117.861661
29699   540306721   8566   213993.171460
33108   540306721   8566   213868.891954
46760   540306721   8566   213745.926275
29113   540306721   8566   213621.446777
30622   540306721   8566   213498.247777
33540   540306721   8566   213373.919015
18248   540306721   8566   213251.771371
17466   540306721   8566   213130.777435
17117   540306721   8566   213007.908594
20889   540306721   8566   212884.357388
25814   540306721   8566   212762.724199
21744   540306721   8566   212640.943043
19983   540306721   8566   212517.735896
25509   540306721   8566   212395.373962
27881   540306721   8566   212273.455523
17299   540306721   8566   212151.758425
29866   540306721   8566   212029.846672
27337   540306721   8566   211907.702406
51195   540306721   8566   211786.728678
31119   540306721   8566   211667.418720
27475   540306721   8566   211545.811425
22917   540306721   8566   211424.062772
52118   540306721   8566   211303.140967
42590   540306721   8566   211183.191816
54408   540306721   8566   211062.420397
32441   540306721   8566   210941.931245
29144   540306721   8566   210821.298296
32201   540306721   8566   210703.392107
28728   540306721   8566   210583.518675
31761   540306721   8566   210463.360948
46285   540306721   8566   210343.268690
28573   540306721   8566   210226.565688
28657   540306721   8566   210107.094342
28897   540306721   8566   209987.563974
27971   540306721   8566   209868.384242
46071   540306721   8566   209752.223897
43507   540306721   8566   209633.236086
26423   540306721   8566   209514.800556
30637   540306721   8566   209396.085021
26597   540306721   8566   209279.407723
33109   540306721   8566   209161.560841
26396   540306721   8566   209043.513501
29545   540306721   8566   208925.165976
30432   540306721   8566   208810.809995
21564   540306721   8566   208834.921679
22008   540306721   8566   208938.678145
49446   540306721   8566   208821.624319
21610   540306721   8566   208706.018214
25231   540306721   8566   208588.549672
33285   540306721   8566   208471.402680
21613   540306721   8566   208354.596679
21623   540306721   8566   208239.830624
24312   540306721   8566   208123.106663
23196   540306721   8566   208007.187457
29302   540306721   8566   207890.168796
28414   540306721   8566   207775.653957
29147   540306721   8566   207659.711624
28137   540306721   8566   207543.640349
31934   540306721   8566   207427.475009
29460   540306721   8566   207314.748106
31247   540306721   8566   207199.186880
29122   540306721   8566   207083.529373
44656   540306721   8566   206968.786554
45403   540306721   8566   206853.864762
30248   540306721   8566   206739.769036
28687   540306721   8566   206625.571463
29192   540306721   8566   206510.318543
41095   540306721   8566   206397.277900
34165   540306721   8566   206284.105575
29482   540306721   8566   206170.255054
29338   540306721   8566   206056.136211
51147   540306721   8566   205944.634265
30469   540306721   8566   205830.981363
27102   540306721   8566   205717.756140
30075   540306721   8566   205604.924476
32662   540306721   8566   205492.252606
60996   540306721   8566   205380.737216
32339   540306721   8566   205268.424186
28931   540306721   8566   205155.253407
50699   540306721   8566   205042.946525
29540   540306721   8566   204932.582134
35342   540306721   8566   204820.222271
30740   540306721   8566   204707.524420
50350   540306721   8566   204596.034011
17595   540306721   8566   204486.563798
20038   540306721   8566   204375.010418
23013   540306721   8566   204263.910763
17752   540306721   8566   204152.238562
26854   540306721   8566   204042.318254
34414   540306721   8566   203931.495132
21615   540306721   8566   203820.210008
19471   540306721   8566   203709.237816
24119   540306721   8566   203601.126968
21646   540306721   8566   203490.522061
30709   540306721   8566   203380.016008
26895   540306721   8566   203270.292020
30890   540306721   8566   203161.684534
27146   540306721   8566   203051.470549
29094   540306721   8566   202941.732686
28016   540306721   8566   202831.561029
28868   540306721   8566   202724.033448
32431   540306721   8566   202614.975958
50341   540306721   8566   202505.099631
52254   540306721   8566   202395.987987
27715   540306721   8566   202288.935071
26414   540306721   8566   202179.876032
28881   540306721   8566   202070.787779
29457   540306721   8566   201962.151691
34402   540306721   8566   201855.984441
29174   540306721   8566   201747.511330
32981   540306721   8566   201639.553123
29283   540306721   8566   201531.042955
26178   540306721   8566   201424.102987
31723   540306721   8566   201316.546142
45929   540306721   8566   201210.015866
42735   540306721   8566   201110.376482
36794   540306721   8566   201005.407046
44662   540306721   8566   200897.906106
26979   540306721   8566   200790.107770
29833   540306721   8566   200682.698268
27149   540306721   8566   200576.754057
27179   540306721   8566   200469.608997
31052   540306721   8566   200363.478932
17865   540306721   8566   200264.022404
29849   540306721   8566   200158.460532
23285   540306721   8566   200055.835620
30025   540306721   8566   199953.548304
32456   540306721   8566   199850.622776
50880   540306721   8566   199748.747004
30502   540306721   8566   199643.917030
64161   540306721   8566   199539.435476
54928   540306721   8566   199437.752507
43373   540306721   8566   199334.862319
52802   540306721   8566   199233.870361
57531   540306721   8566   199129.804586
50939   540306721   8566   199027.006872
53276   540306721   8566   198924.483812
28531   540306721   8566   198821.115682
46247   540306721   8566   198720.045534
44897   540306721   8566   198618.280782
40292   540306721   8566   198520.791789
27685   540306721   8566   198422.326528
45305   540306721   8566   198325.480566
45937   540306721   8566   198229.085343
35720   540306721   8566   198131.649348
27576   540306721   8566   198032.361515
28443   540306721   8566   197929.855699
27678   540306721   8566   197827.447912
53430   540306721   8566   197724.729458
25087   540306721   8566   197628.970285
52034   540306721   8566   197529.035982
29772   540306721   8566   197429.179832
47445   540306721   8566   197337.825566
53114   540306721   8566   197245.676617
27431   540306721   8566   197147.118871
27705   540306721   8566   197046.938946
53062   540306721   8566   196950.681752
29218   540306721   8566   196852.133854
56185   540306721   8566   196755.447071
47925   540306721   8566   196665.023341
56049   540306721   8566   196573.714479
29983   540306721   8566   196479.189527
29638   540306721   8566   196380.098236
43630   540306721   8566   196281.642354
40539   540306721   8566   196187.639698
27284   540306721   8566   196090.035477
31842   540306721   8566   195992.096268
25311   540306721   8566   195898.902928
22329   540306721   8566   195800.853397
54581   540306721   8566   195703.782379
27378   540306721   8566   195609.084950
53419   540306721   8566   195514.965861
40143   540306721   8566   195425.947078
49039   540306721   8566   195327.963423
27434   540306721   8566   195230.722598
53988   540306721   8566   195136.524563
49975   540306721   8566   195047.593344
29252   540306721   8566   194956.505922
82575   540306721   8566   194867.646378
27640   540306721   8566   194774.529307
63710   540306721   8566   194682.450492
28104   540306721   8566   194590.308637
26924   540306721   8566   194492.305645
27784   540306721   8566   194394.995857
28244   540306721   8566   194302.794246
42312   540306721   8566   194206.351498
43894   540306721   8566   194113.935507
47844   540306721   8566   194022.414721
23401   540306721   8566   193930.971116
22536   540306721   8566   193838.359523
27051   540306721   8566   193745.262981
22752   540306721   8566   193649.498366
20215   540306721   8566   193553.748184
23999   540306721   8566   193459.472572
52416   540306721   8566   193368.839647
18726   540306721   8566   193277.365709
44890   540306721   8566   193187.901415
28859   540306721   8566   193097.584652
33601   540306721   8566   193003.782805
49351   540306721   8566   192917.208963
27090   540306721   8566   192826.995003
29632   540306721   8566   192730.979253
88530   540306721   8566   192642.504323
35919   540306721   8566   192554.923740
17871   540306721   8566   192459.872671
20082   540306721   8566   192364.248798
27365   540306721   8566   192273.949799
31646   540306721   8566   192178.480529
31326   540306721   8566   192082.088746
22347   540306721   8566   191985.665548
18181   540306721   8566   191891.714894
21474   540306721   8566   191795.629923
24453   540306721   8566   191699.641218
16188   540306721   8566   191604.514904
18185   540306721   8566   191511.320083
28820   540306721   8566   191415.479576
30394   540306721   8566   191320.272187
30510   540306721   8566   191225.283651
28780   540306721   8566   191130.773264
42143   540306721   8566   191035.700654
51471   540306721   8566   190941.235339
57310   540306721   8566   190845.872390
27715   540306721   8566   190752.072663
28546   540306721   8566   190658.475991
26297   540306721   8566   190563.504273
27734   540306721   8566   190468.776406
29819   540306721   8566   190376.322087
28756   540306721   8566   190281.806770
27961   540306721   8566   190187.517414
27715   540306721   8566   190093.983305
44633   540306721   8566   190001.276278
27754   540306721   8566   189909.822962
32389   540306721   8566   189816.776563
43075   540306721   8566   189722.847457
68971   540306721   8566   189630.402566
29093   540306721   8566   189537.471748
28161   540306721   8566   189444.060250
30871   540306721   8566   189350.604876
35359   540306721   8566   189258.735396
29467   540306721   8566   189166.962256
26779   540306721   8566   189074.003169
26941   540306721   8566   188981.756715
26746   540306721   8566   188889.063524
20928   540306721   8566   188797.523372
24193   540306721   8566   188705.769092
27408   540306721   8566   188613.176106
35549   540306721   8566   188521.443928
24920   540306721   8566   188432.343341
32822   540306721   8566   188340.235242
35534   540306721   8566   188248.389523
21348   540306721   8566   188157.168139
22595   540306721   8566   188066.799842
28288   540306721   8566   187974.773213
24099   540306721   8566   187883.781182
49606   540306721   8566   187792.319330
44616   540306721   8566   187704.940601
56568   540306721   8566   187619.329515
28821   540306721   8566   187530.062767
29406   540306721   8566   187439.040668
26569   540306721   8566   187350.017062
27454   540306721   8566   187259.328341
27907   540306721   8566   187168.903766
27576   540306721   8566   187079.127303
39357   540306721   8566   186990.760273
50524   540306721   8566   186900.203960
28456   540306721   8566   186811.163454
29235   540306721   8566   186721.012944
29167   540306721   8566   186632.025500
26481   540306721   8566   186542.473739
30655   540306721   8566   186452.835979
27188   540306721   8566   186362.933831
28431   540306721   8566   186275.883534
27072   540306721   8566   186186.434715
31417   540306721   8566   186097.034957
27587   540306721   8566   186007.968879
26720   540306721   8566   185920.414629
71249   540306721   8566   185831.130444
51028   540306721   8566   185742.834892
47504   540306721   8566   185653.620645
57592   540306721   8566   185566.968599
26383   540306721   8566   185478.856629
28067   540306721   8566   185390.569111
29745   540306721   8566   185301.731659
20045   540306721   8566   185215.738103
20694   540306721   8566   185127.515767
20536   540306721   8566   185039.447676
24668   540306721   8566   184951.829055
35114   540306721   8566   184865.815099
20082   540306721   8566   184778.021799
17621   540306721   8566   184690.964671
21513   540306721   8566   184603.157077
20974   540306721   8566   184516.924102
20240   540306721   8566   184429.878808
25690   540306721   8566   184342.509533
40328   540306721   8566   184254.930155
43669   540306721   8566   184168.690184
56275   540306721   8566   184082.953421
29083   540306721   8566   183995.738508
27468   540306721   8566   183909.229816
22156   540306721   8566   183823.412779
27914   540306721   8566   183737.117924
27096   540306721   8566   183651.478400
26635   540306721   8566   183565.028665
45964   540306721   8566   183479.363516
28100   540306721   8566   183395.002444
41800   540306721   8566   183310.678536
30417   540306721   8566   183230.776734
53839   540306721   8566   183148.554042
53421   540306721   8566   183072.839244
34494   540306721   8566   182998.146868
31814   540306721   8566   182918.943657
48722   540306721   8566   182837.021678
48214   540306721   8566   182758.129485
31893   540306721   8566   182675.042105
31853   540306721   8566   182589.947350
27351   540306721   8566   182504.491239
27404   540306721   8566   182420.488417
26089   540306721   8566   182334.961555
23668   540306721   8566   182249.521077
21998   540306721   8566   182164.171589
24977   540306721   8566   182081.740734
21520   540306721   8566   181996.812837
21186   540306721   8566   181911.881010
22730   540306721   8566   181827.325292
19955   540306721   8566   181744.240412
22236   540306721   8566   181659.805289
26026   540306721   8566   181575.627005
38350   540306721   8566   181491.040460
40829   540306721   8566   181408.635714
26637   540306721   8566   181324.831919
28661   540306721   8566   181240.579336
27320   540306721   8566   181159.046890
28979   540306721   8566   181077.060528
28924   540306721   8566   180993.714186
30054   540306721   8566   180909.913288
31291   540306721   8566   180826.488242
22918   540306721   8566   180745.856396
