Act   Max   Min   Avg
0   0   0   -nan
11708   135508   10556   12062.581842
14626   135508   10556   11941.811719
11983   135508   10556   12044.181555
26907   187885   10514   12288.111053
12060   187885   10514   12340.055620
11697   187885   10514   12362.502407
17207   187885   10514   12345.369357
11712   187885   10514   12288.875934
11803   187885   10514   12294.285287
11759   187885   10514   12287.581957
11633   187885   10514   12239.656128
11785   187885   10514   12198.823887
11733   187885   10514   12183.502795
11796   187885   10514   12152.128795
11519   187885   10514   12124.054851
11296   187885   10514   12102.542604
11900   187885   10514   12103.901991
11536   187885   10514   12083.231134
11617   187885   10514   12064.163822
11513   187885   10514   12049.092942
11882   187885   10514   12046.259234
11835   187885   10514   12031.493056
11739   187885   10514   12017.903256
11472   187885   10514   12005.799943
11824   187885   10514   12010.275294
11814   187885   10514   11999.816161
11510   187885   10514   11991.352458
11678   187885   10514   11982.524118
12163   187885   10514   11982.135860
11780   187885   10514   11973.623751
11598   187885   10514   11965.652846
11702   187885   10514   11959.034466
11860   187885   10514   11961.016664
12649   187885   10514   11957.240542
11722   187885   10514   11950.168128
11901   187885   10494   11943.271498
11767   187885   10494   11943.356393
11785   187885   10494   11937.149493
11549   187885   10494   11931.952818
15843   187885   10494   11926.851279
11954   187885   10494   11931.251730
11692   187885   10494   11926.260875
11652   187885   10494   11921.716031
11593   187885   10494   11916.823657
11848   187885   10494   11918.012991
14781   187885   10494   11913.716522
11726   187885   10494   11909.494387
11871   187885   10494   11905.590788
11523   202484   10494   11906.784520
11636   202484   10494   11906.091440
12058   202484   10494   11902.782156
12262   202484   10494   11899.362527
11783   202484   10494   11900.318986
11935   202484   10494   11896.809988
11815   202484   10494   11893.484975
11869   202484   10494   11890.182044
11647   202484   10494   11893.626042
11736   202484   10494   11890.996976
11933   202484   10494   11888.164494
11638   202484   10494   11885.134112
11634   202484   10494   11885.987485
11704   202484   10494   11883.063054
11602   202484   10494   11880.565014
11329   202484   10494   11877.750630
11829   202484   10494   11878.629797
11852   202484   10494   11878.549317
11780   202484   10494   11876.082383
11579   202484   10494   11873.466774
12052   202484   10494   11872.521813
11794   202484   10494   11872.959507
12177   202484   10494   11870.772587
11655   202484   10494   11868.417517
11843   202484   10494   11869.080913
11682   202484   10494   11868.887008
11726   202484   10494   11866.691528
11965   202484   10494   11865.646645
12089   202484   10494   11864.900997
11720   202484   10494   11865.027788
11599   202484   10494   11863.216228
11707   202484   10494   11861.287629
21942   202484   10494   11860.905186
12064   202484   10494   11862.467100
11590   202484   10494   11860.818683
11728   202484   10494   11859.104860
11564   202484   10494   11858.031585
11652   202484   10494   11858.626967
11594   202484   10494   11856.881843
11572   202484   10494   11856.050073
12150   202484   10494   11854.659906
11814   202484   10494   11857.138110
11621   202484   10494   11855.515917
11593   202484   10494   11853.865703
11609   202484   10494   11852.186341
11702   202484   10494   11853.316366
11615   202484   10494   11851.830177
11568   202484   10494   11850.506643
11578   202484   10494   11849.015511
11432   202484   10494   11851.401373
12214   202484   10494   11849.962676
11914   202484   10494   11848.585461
11653   202484   10494   11847.431882
11747   202484   10494   11848.488480
13222   202484   10494   11847.133689
11562   202484   10494   11845.835295
11857   202484   10494   11844.499174
11452   202484   10494   11846.829008
11597   202484   10494   11845.748494
11566   202484   10494   11844.482727
11892   202484   10494   11843.039731
11955   202484   10494   11845.831951
11720   202484   10494   11844.584173
13107   202484   10494   11843.271460
11804   202484   10494   11842.253196
11669   202484   10494   11844.282741
11821   202484   10494   11843.088561
11684   202484   10494   11844.632770
11771   202484   10494   11850.339650
11612   202484   10494   11851.039351
15393   202484   10494   11850.112109
12090   202484   10494   11848.932834
11945   202484   10494   11847.658436
11771   202484   10494   11849.761030
11816   202484   10494   11848.585548
11812   202484   10494   11847.464575
11563   202484   10494   11846.526183
15997   202484   10494   11847.304098
11665   202484   10214   11846.383576
11686   202484   10214   11845.298207
11599   202484   10214   11844.211359
11592   202484   10214   11845.581192
12834   202484   10214   11845.339139
11596   202484   10214   11844.390893
11828   202484   10214   11843.355492
11660   202484   10214   11844.096129
11553   202484   10214   11843.105257
11705   202484   10214   11842.046971
11691   202484   10214   11840.941249
10830   202484   10214   11841.844253
11717   202484   10214   11842.192239
11602   202484   10214   11841.243402
11389   202484   10214   11840.195632
11705   202484   10214   11840.854078
11606   202484   10214   11839.831415
11623   202484   10214   11839.174290
11944   202484   10214   11838.275881
11756   202484   10214   11839.316376
11722   202484   10214   11839.188392
11858   202484   10214   11838.591315
11856   202484   10214   11837.727398
12067   202484   10214   11838.561852
11763   202484   10214   11837.678212
11663   202484   10214   11836.867053
11790   202484   10214   11835.981800
11603   202484   10214   11836.602265
11551   202484   10214   11836.863092
12042   202484   10214   11836.039794
11809   202484   10214   11835.329263
11802   202484   10214   11835.274804
16788   202484   10214   11835.282043
11777   202484   10214   11834.483517
11756   202484   10214   11833.630434
12007   202484   10214   11833.861288
11465   202484   10214   11834.696373
11620   202484   10214   11833.920845
11742   202484   10214   11833.111108
11426   202484   10214   11832.572871
11810   202484   10214   11832.958034
11738   202484   10214   11832.164139
11990   202484   10214   11831.502096
12447   202484   10214   11831.403972
11731   202484   10214   11832.286484
11848   202484   10214   11831.581824
12644   202484   10214   11830.841515
11837   202484   10214   11830.133016
11571   202484   10214   11830.893309
11797   202484   10214   11830.159397
11591   202484   10214   11829.426384
11688   202484   10214   11828.713150
11642   202484   10214   11830.119083
12025   202484   10214   11829.422023
11777   202484   10214   11828.933794
11646   202484   10214   11828.247506
11548   202484   10214   11828.931810
11736   202484   10214   11828.244059
11717   202484   10214   11827.546758
11618   202484   10214   11826.910753
11568   202484   10214   11828.162464
11845   202484   10214   11827.706960
11766   202484   10214   11827.094115
11884   202484   10214   11826.463450
11381   202484   10214   11827.057282
12039   202484   10214   11826.335810
11854   202484   10214   11825.661672
11545   202484   10214   11825.119178
11749   202484   10214   11826.486339
11904   202484   10214   11825.885896
11623   202484   10214   11825.264369
11620   202484   10214   11824.701961
11751   202484   10214   11825.271388
11522   202484   10214   11824.769141
11860   202484   10214   11824.199543
11852   202484   10214   11823.649764
11581   202484   10214   11824.979265
11917   202484   10214   11824.469026
11658   202484   10214   11823.980557
11644   202484   10214   11823.491887
11984   202484   10214   11824.044533
11682   202484   10214   11823.420328
14052   202484   10214   11823.066003
11709   202484   10214   11822.517700
11706   202484   10214   11823.772844
11927   202484   10214   11823.380931
11738   202484   10214   11822.819806
11713   202484   10214   11822.343245
11912   202484   10214   11822.899814
11635   202484   10214   11822.379675
11726   202484   10214   11821.825525
11660   202484   10214   11822.310898
11642   202484   10214   11823.621593
11696   202484   10214   11823.016762
11714   202484   10214   11822.439707
11517   202484   10214   11821.850947
11642   202484   10214   11822.378216
11747   202484   10214   11821.868965
11374   202484   10214   11821.456975
11976   202484   10214   11821.015367
11679   202484   10214   11821.652561
11902   202484   10214   11821.682365
11779   202484   10214   11821.183249
11813   202484   10214   11820.638115
11685   202484   10214   11821.203300
11884   202484   10214   11820.696545
11596   202484   10214   11820.206693
11745   202484   10214   11819.796208
13638   202484   10214   11820.436652
12367   202484   10214   11820.567964
11687   202484   10214   11820.161253
11963   202484   10214   11819.678305
11692   202484   10214   11820.005438
11751   202484   10214   11819.655347
11612   202484   10214   11819.183749
11622   202484   10214   11818.715243
11627   202484   10214   11819.210563
16068   202484   10214   11819.391176
11714   202484   10214   11819.008859
11547   202484   10214   11818.462126
11686   202484   10214   11818.268536
11329   202484   10214   11818.463245
11999   202484   10214   11817.989681
11596   202484   10214   11817.639611
11669   202484   10214   11817.750071
11605   202484   10214   11818.289831
11559   202484   10214   11817.864636
11847   202484   10214   11817.374633
11903   202484   10214   11817.082185
11632   202484   10214   11817.484429
11813   202484   10214   11817.066490
11582   202484   10214   11816.845775
13327   202484   10214   11816.673873
12094   202484   10214   11817.559521
11934   202484   10214   11817.247556
11749   202484   10214   11816.862442
11694   202484   10214   11816.420736
11732   202484   10214   11816.900126
11611   202484   10214   11816.462224
11763   202484   10214   11816.071141
14205   202484   10214   11815.637204
11757   202484   10214   11816.727093
11577   202484   10214   11816.307182
11767   202484   10214   11816.067295
11450   202484   10214   11815.707159
12044   202484   10214   11816.273670
11963   202484   10214   11815.818466
11555   202484   10214   11815.450210
12682   202484   10214   11815.046557
11452   202484   10214   11816.089975
11651   202484   10214   11815.719209
11679   202484   10214   11815.335493
11634   202484   10214   11814.939912
11672   202484   10214   11815.406465
11659   202484   10214   11815.045813
15305   217978   10214   11814.809619
11278   217978   10214   11814.437847
11909   217978   10214   11815.406233
11854   217978   10214   11815.031339
11593   217978   10214   11814.610052
11668   217978   10214   11814.264737
11716   217978   10214   11814.754361
15412   217978   10214   11814.388450
11747   217978   10214   11814.028117
11636   217978   10214   11813.645275
11896   217978   10214   11814.649053
11542   217978   10214   11814.342730
11439   217978   10214   11814.013894
11957   217978   10214   11813.820553
11948   217978   10214   11814.280489
11446   217978   10214   11813.913598
11687   217978   10214   11813.681923
11795   217978   10214   11813.408815
11830   217978   10214   11814.344529
15237   217978   10214   11813.949056
11619   217978   10214   11813.575659
11616   217978   10214   11813.183207
11503   217978   10214   11813.587004
11642   217978   10214   11813.232525
14373   217978   10214   11813.053166
11399   217978   10214   11812.730340
12087   217978   10214   11813.595040
11719   217978   10214   11813.275603
11674   217978   10214   11813.036810
11653   217978   10214   11812.644946
11679   217978   10214   11813.147742
11620   217978   10214   11812.798470
11945   217978   10214   11812.481843
11798   217978   10214   11812.153087
12085   217978   10214   11812.793137
11664   217978   10214   11812.727784
11279   217978   10214   11812.485033
11625   217978   10214   11812.148567
11862   217978   10214   11812.581457
11715   217978   10214   11812.230817
15744   217978   10214   11811.884232
11632   217978   10214   11811.555812
11547   217978   10214   11812.005712
11638   217978   10214   11812.188978
11752   217978   10214   11812.659554
11687   217978   10214   11812.366854
16206   217978   10214   11812.439512
11542   217978   10214   11812.390226
11964   217978   10214   11812.193060
11885   217978   10214   11812.036550
11806   217978   10214   11812.344373
11738   217978   10214   11812.653661
11550   217978   10214   11812.337962
11757   217978   10214   11811.991836
11736   217978   10214   11811.779213
11595   217978   10214   11812.102260
11631   217978   10214   11811.836088
11513   217978   10214   11811.530970
12308   217978   10214   11811.541923
11961   217978   10214   11812.017579
11699   217978   10214   11811.691836
11592   217978   10214   11811.483273
12149   217978   10214   11811.253346
11874   217978   10214   11811.579154
12114   217978   10214   11811.277098
11644   217978   10214   11810.955204
11608   217978   10214   11810.663835
11608   217978   10214   11811.507622
11596   217978   10214   11811.211351
11512   217978   10214   11810.889019
11112   217978   10214   11810.557790
12036   217978   10214   11810.921827
11651   217978   10214   11810.609963
11818   217978   10214   11810.332284
11793   217978   10214   11810.060984
11803   217978   10214   11810.830958
11333   217978   10214   11810.559691
11449   217978   10214   11810.248963
11747   217978   10214   11809.956412
11625   217978   10214   11810.375144
11659   217978   10214   11810.095898
11993   217978   10214   11809.867039
11532   217978   10214   11809.577871
11913   217978   10214   11810.409865
11551   217978   10214   11810.118906
11704   217978   10214   11809.800355
11677   217978   10214   11809.556400
11734   217978   10214   11809.868109
15476   217978   10214   11809.574083
11678   217978   10214   11809.327789
11794   217978   10214   11809.046654
11695   217978   10214   11809.954519
11608   217978   10214   11809.887515
11544   217978   10214   11809.701411
12033   217978   10214   11809.409323
11657   217978   10214   11809.756240
11629   217978   10214   11809.454717
15418   217978   10214   11809.153647
11847   217978   10214   11808.966409
11663   217978   10214   11809.716354
11515   217978   10214   11809.439413
11703   217978   10214   11809.203798
11615   217978   10214   11808.948824
11527   217978   10214   11809.327836
15387   217978   10214   11809.109603
11911   217978   10214   11808.856806
11919   217978   10214   11808.570217
11843   217978   10214   11809.279642
11778   217978   10214   11808.999164
11738   217978   10214   11808.893837
11673   217978   10214   11808.661978
16421   217978   10214   11809.043492
11541   217978   10214   11808.799965
11716   217978   10214   11808.520672
11855   217978   10214   11808.236351
11827   217978   10214   11808.908796
11558   217978   10214   11808.719865
11937   217978   10214   11808.523312
11524   217978   10214   11808.274743
11639   217978   10214   11808.645834
12738   217978   10214   11808.398309
11854   217978   10214   11808.159025
11621   217978   10214   11807.897288
11724   217978   10214   11808.426517
11743   217978   10214   11808.480745
11665   217978   10214   11808.245117
11672   217978   10214   11807.981161
29430   217978   10214   11808.175265
12058   217978   10214   11808.023340
11894   217978   10214   11807.813534
11732   217978   10214   11807.563188
11835   217978   10214   11807.833050
11626   217978   10214   11807.975109
11932   217978   10214   11807.726108
11795   217978   10214   11807.462750
19867   217978   10214   11807.524586
13296   217978   10214   11807.626912
11751   217978   10214   11807.389823
11530   217978   10214   11807.151677
12869   217978   10214   11807.233024
11927   217978   10214   11807.583460
11657   217978   10214   11807.393024
11664   217978   10214   11807.146183
11562   217978   10214   11806.992823
14605   217978   10214   11807.187641
11668   217978   10214   11806.930709
11722   217978   10214   11806.697732
11825   217978   10214   11806.617198
11783   217978   10214   11807.181592
11693   217978   10214   11806.993317
12062   217978   10214   11806.756909
11816   217978   10214   11806.508138
11667   217978   10214   11806.965959
11646   217978   10214   11806.727924
11592   217978   10214   11806.540369
11635   217978   10214   11806.307545
11581   217978   10214   11806.954755
11803   217978   10214   11806.714880
11677   217978   10214   11806.474089
11455   217978   10214   11806.257131
15230   217978   10214   11806.652961
11969   217978   10214   11806.433197
11771   217978   10214   11806.222652
11849   217978   10214   11806.042737
11687   217978   10214   11806.664965
11645   217978   10214   11806.446999
11975   217978   10214   11806.274316
10925   217978   10214   11806.029182
11685   217978   10214   11806.341435
11475   217978   10214   11806.124868
11853   217978   10214   11806.015282
11655   217978   10214   11805.822625
11613   217978   10214   11806.489582
11448   217978   10214   11806.297898
12114   217978   10214   11806.053200
11760   217978   10214   11805.804312
11862   217978   10214   11806.094457
11796   217978   10214   11805.862818
11754   217978   10214   11805.644889
15193   217978   10214   11805.440505
11571   217978   10214   11806.027320
10480   217978   10205   11804.633208
10582   217978   10035   11802.314992
10534   217978   10035   11800.065771
10598   217978   10035   11798.262113
11308   217978   10035   11796.290408
11172   217978   10035   11794.589524
10954   217978   10035   11793.016985
11225   217978   10035   11792.328094
11364   217978   10035   11791.036312
11327   217978   10035   11789.894573
11233   217978   10035   11788.877513
11426   217978   10035   11788.392558
11466   217978   10035   11787.533624
11358   217978   10035   11786.742378
11386   217978   10035   11786.011619
11564   217978   10035   11786.086188
11474   217978   10035   11785.499177
11728   217978   10035   11784.944311
11397   217978   10035   11784.392319
11417   217978   10035   11784.284264
11326   217978   10035   11783.787901
11403   217978   10035   11783.344476
11498   217978   10035   11782.968362
11846   217978   10035   11783.251625
11244   217978   10035   11782.936822
12099   217978   10035   11782.569004
11823   217978   10035   11782.222256
11726   217978   10035   11782.413977
11491   217978   10035   11782.076669
11685   217978   10035   11781.778310
12819   217978   10035   11781.494465
11871   217978   10035   11781.673784
11723   217978   10035   11781.594895
11413   217978   10035   11781.307837
11621   217978   10035   11781.008407
23853   217978   10035   11781.013061
12209   217978   10035   11780.939913
11846   217978   10035   11780.660820
11553   217978   10035   11780.363369
12435   217978   10035   11780.520043
12488   217978   10035   11780.549439
11556   217978   10035   11780.342282
11775   217978   10035   11780.079707
11553   217978   10035   11779.947957
11564   217978   10035   11779.987240
12278   217978   10035   11779.724378
12058   217978   10035   11779.492665
11779   217978   10035   11779.514803
11662   217978   10035   11779.736540
11701   217978   10035   11779.467940
11685   217978   10035   11779.271434
11700   217978   10035   11779.085076
11609   217978   10035   11779.182467
11681   217978   10035   11778.955031
11556   217978   10035   11778.703376
11757   217978   10035   11778.541386
11547   217978   10035   11778.920070
11785   217978   10035   11778.678864
11661   217978   10035   11778.413639
11866   217978   10035   11778.146060
11848   217978   10035   11778.413311
11737   217978   10035   11778.166835
11754   217978   10035   11777.945793
11727   217978   10035   11777.729413
14652   217978   10035   11778.208176
11528   217978   10035   11777.973512
11506   217978   10035   11777.761507
11940   217978   10035   11777.528577
11595   217978   10035   11777.732864
11473   217978   10035   11777.500574
11362   217978   10035   11777.258700
11982   217978   10035   11777.020736
11664   217978   10035   11777.513135
11302   217978   10035   11777.298715
11743   217978   10035   11777.062425
11595   217978   10035   11776.840369
11632   217978   10035   11777.044587
11442   217978   10035   11776.807756
11393   217978   10035   11777.012887
11663   217978   10035   11776.775261
11754   217978   10035   11777.242222
12020   217978   10035   11777.027056
11734   217978   10035   11776.787469
11518   217978   10035   11776.552941
14700   217978   10035   11776.765917
11868   217978   10035   11776.527949
11678   217978   10035   11776.304006
11712   217978   10035   11776.105520
11726   217978   10035   11776.539266
11587   217978   10035   11776.326475
11628   217978   10035   11776.099098
14848   217978   10035   11775.928309
11354   217978   10035   11776.093368
12013   217978   10035   11775.863699
11695   217978   10035   11775.627961
11541   217978   10035   11775.427704
11523   217978   10035   11775.667096
11703   217978   10035   11775.839881
16361   217978   10035   11775.630627
11698   217978   10035   11775.430165
11421   217978   10035   11775.619257
11735   217978   10035   11775.420460
11740   217978   10035   11775.278761
11376   217978   10035   11775.107618
11715   217978   10035   11775.547568
11750   217978   10035   11775.377211
11510   217978   10035   11775.162139
11752   217978   10035   11774.952829
11443   217978   10035   11775.135429
11495   217978   10035   11774.988061
11835   217978   10035   11774.883932
11613   217978   10035   11774.721526
13179   217978   10035   11774.935760
11536   217978   10035   11774.998416
11712   217978   10035   11774.798166
11959   217978   10035   11774.609472
11968   217978   10035   11774.792608
11496   217978   10035   11774.574483
11733   217978   10035   11774.353140
11718   217978   10035   11774.120190
11518   217978   10035   11774.373343
11455   217978   10035   11774.319023
11393   217978   10035   11774.149523
11655   217978   10035   11773.945025
11725   217978   10035   11773.978903
11795   222445   10035   11773.985742
12477   222445   10035   11773.795409
11234   222445   10035   11773.595011
11924   222445   10035   11773.641560
11712   222445   10035   11774.046275
11958   222445   10035   11774.129754
11860   222445   10035   11774.181888
12526   222445   10035   11774.367671
11785   222445   10035   11774.793573
11581   222445   10035   11774.946416
11727   222445   10035   11775.093246
11839   222445   10035   11775.417043
11497   222445   10035   11775.967420
12750   222445   10035   11776.041302
11955   222445   10035   11776.086096
12027   222445   10035   11776.184376
11577   222445   10035   11776.535979
11627   222445   10035   11776.504657
11614   222445   10035   11776.468271
11748   222445   10035   11776.408819
11644   222445   10035   11777.165747
11958   222445   10035   11777.097532
11631   222445   10035   11777.120571
11913   222445   10035   11777.049902
15077   222445   10035   11777.351498
11515   222445   10035   11777.242525
11838   222445   10035   11777.136236
11797   222445   10035   11777.026279
11512   222445   10035   11777.582055
11620   222445   10035   11777.470444
11622   222445   10035   11777.346315
10663   222445   10035   11777.206915
11607   222445   10035   11777.477883
11587   222445   10035   11777.335894
11736   222445   10035   11777.245889
11681   222445   10035   11777.140003
11421   222445   10035   11777.663247
11246   222445   10035   11777.544621
11962   222445   10035   11777.397570
11702   222445   10035   11777.272317
11459   222445   10035   11777.594084
11700   222445   10035   11777.443993
11675   222445   10035   11777.303336
11537   222445   10035   11777.165997
11770   222445   10035   11777.636040
11556   222445   10035   11777.489961
11551   222445   10035   11777.444181
11609   222445   10035   11777.300716
11219   222445   10035   11777.570573
12070   222445   10035   11777.398212
11780   222445   10035   11777.228612
11790   222445   10035   11777.068357
11672   222445   10035   11777.529861
11631   222445   10035   11777.394277
11440   222445   10035   11777.249460
14726   222445   10035   11777.091532
11817   222445   10035   11777.327452
11587   222445   10035   11777.227603
11723   222445   10035   11777.071280
11353   222445   10035   11776.965827
11885   222445   10035   11777.381957
11710   222445   10035   11777.579406
11721   222445   10035   11777.443191
11500   222445   10035   11777.331099
11476   222445   10035   11777.511712
11696   222445   10035   11777.369266
11545   222445   10035   11777.219387
11581   222445   10035   11777.056698
19555   222445   10035   11777.441658
11774   222445   10035   11777.347946
15994   222445   10035   11777.241477
11709   222445   10035   11777.104638
11620   222445   10035   11777.304146
11642   222445   10035   11777.197847
11557   222445   10035   11777.043011
11548   222445   10035   11776.866768
11602   222445   10035   11777.035138
12389   222445   10035   11777.136697
11764   222445   10035   11777.000150
11335   222445   10035   11776.847920
23148   222445   10035   11777.027819
11999   222445   10035   11776.896258
11807   222445   10035   11776.788862
11665   222445   10035   11776.658740
12145   222445   10035   11776.909263
11644   222445   10035   11776.976305
14024   222445   10035   11776.820668
11643   222445   10035   11776.679308
12086   222445   10035   11776.630159
11628   222445   10035   11776.721159
11806   222445   10035   11776.597334
11408   222445   10035   11776.496959
12845   222445   10035   11776.530978
11871   222445   10035   11776.744993
11566   222445   10035   11776.609391
11585   222445   10035   11776.454966
11545   222445   10035   11776.444153
11530   222445   10035   11776.567482
11587   222445   10035   11776.417713
11464   222445   10035   11776.267086
12490   222445   10035   11776.231293
11634   222445   10035   11776.510984
11622   222445   10035   11776.394046
11607   222445   10035   11776.249897
11651   222445   10035   11776.093611
11665   222445   10035   11776.278229
12075   222445   10035   11776.186014
11805   222445   10035   11776.029952
11574   222445   10035   11775.949001
11718   222445   10035   11776.376205
11647   222445   10035   11776.224249
11587   222445   10035   11776.062413
10911   222445   10035   11775.899983
11778   222445   10035   11776.058818
11718   222445   10035   11775.901532
11619   222445   10035   11775.800467
11605   222445   10035   11775.663573
11601   222445   10035   11776.032486
12229   222445   10035   11775.891296
11854   222445   10035   11775.759108
11481   222445   10035   11775.623579
11537   222445   10035   11775.860731
11773   222445   10035   11775.726176
11738   222445   10035   11775.581381
17291   222445   10035   11775.436755
11704   222445   10035   11775.828010
11612   222445   10035   11775.687255
11540   222445   10035   11775.551988
11553   222445   10035   11775.416436
11903   222445   10035   11775.613089
11483   222445   10035   11775.472267
11859   222445   10035   11775.318882
11792   222445   10035   11775.222082
12436   222445   10035   11776.868622
12386   222445   10035   11778.718294
12193   222445   10035   11780.290123
12299   222445   10035   11781.628776
20033   222445   10035   11783.112244
11425   222445   10035   11784.062312
11939   222445   10035   11784.864242
11897   222445   10035   11785.537845
13232   222445   10035   11786.677947
12235   222445   10035   11787.144198
11973   222445   10035   11787.523349
12076   222445   10035   11787.817849
11907   222445   10035   11788.391743
11886   222445   10035   11788.553688
11880   222445   10035   11788.641455
11936   222445   10035   11788.685780
11952   222445   10035   11789.321829
11871   222445   10035   11789.390118
11754   222445   10035   11789.486284
12320   222445   10035   11789.567808
12177   222445   10035   11789.969548
11922   222445   10035   11790.011524
11739   222445   10035   11790.037160
11740   222445   10035   11790.069154
12115   222445   10035   11790.579185
11687   222445   10035   11790.688694
11895   222445   10035   11790.703081
11702   222445   10035   11790.719273
11601   222445   10035   11790.792670
11782   222445   10035   11790.982482
11842   222445   10035   11790.935567
11824   222445   10035   11790.906031
11762   222445   10035   11791.177437
11635   222445   10035   11791.423078
11962   222445   10035   11791.379649
12187   222445   10035   11791.303430
12132   222445   10035   11791.862197
11763   222445   10035   11791.864082
11593   222445   10035   11791.829768
11769   222445   10035   11791.788107
12490   222445   10035   11792.002606
11667   222445   10035   11792.199105
15020   222445   10035   11792.183142
11690   222445   10035   11792.115605
11660   222445   10035   11792.175177
11503   222445   10035   11792.356984
11768   222445   10035   11792.286186
11693   222445   10035   11792.227165
11849   222445   10035   11792.327372
11661   222445   10035   11792.607834
11699   222445   10035   11792.561074
10418   222445   10035   11792.491963
11741   222445   10035   11792.482491
11717   222445   10035   11792.708101
11739   222445   10035   11792.627677
11733   222445   10035   11792.564919
24872   222445   10035   11792.584807
11947   222445   10035   11792.932518
11917   222445   10035   11792.864020
11678   222445   10035   11792.785834
11687   222445   10035   11792.728820
11596   222445   10035   11792.969262
11789   222445   10035   11792.913113
11724   222445   10035   11792.850297
11679   222445   10035   11792.763055
11662   222445   10035   11793.193551
11502   222445   10035   11793.122770
11905   222445   10035   11793.042220
11705   222445   10035   11792.963123
12017   222445   10035   11793.251262
11583   222445   10035   11793.202750
11885   222445   10035   11793.143512
11769   222445   10035   11793.078130
14407   222445   10035   11793.476531
11597   222445   10035   11793.446791
11689   222445   10035   11793.400256
11751   222445   10035   11793.322133
11574   222445   10035   11793.554790
11799   222445   10035   11793.468389
11376   222445   10035   11793.404184
12435   222445   10035   11793.326497
11845   222445   10035   11793.804845
11662   222445   10035   11793.734686
11638   222445   10035   11793.695607
11619   222445   10035   11793.630181
11584   222445   10035   11793.878407
15101   222445   10035   11793.814815
11788   222445   10035   11793.763692
11632   222445   10035   11793.695360
11646   222445   10035   11794.115759
11603   222445   10035   11794.076976
11794   222445   10035   11794.014016
11608   222445   10035   11793.933502
11907   222445   10035   11794.262901
11840   222445   10035   11794.203447
11770   222445   10035   11794.147460
11791   222445   10035   11794.080752
11786   222445   10035   11794.506431
16219   222445   10035   11794.431194
11708   222445   10035   11794.370359
11779   222445   10035   11794.326673
11680   222445   10035   11794.569127
11795   222445   10035   11794.504429
11693   222445   10035   11794.449545
11699   222445   10035   11794.408024
12015   222445   10035   11794.826106
11633   222445   10035   11794.778227
11682   222445   10035   11794.724819
11719   222445   10035   11794.648080
11731   222445   10035   11794.886376
11574   222445   10035   11794.816393
11587   222445   10035   11794.749542
11694   222445   10035   11794.709185
19108   222445   10035   11794.913533
13583   222445   10035   11795.046363
11805   222445   10035   11794.980729
11682   222445   10035   11794.912525
11619   222445   10035   11795.135950
11748   222445   10035   11795.082611
11793   222445   10035   11795.032161
11669   222445   10035   11794.987882
16636   222445   10035   11795.192684
11484   222445   10035   11795.327032
11780   222445   10035   11795.266589
11704   222445   10035   11795.215636
11820   222445   10035   11795.218509
12164   222445   10035   11795.359823
11644   222445   10035   11795.283009
11724   222445   10035   11795.217024
20100   222445   10035   11795.355025
12100   222445   10035   11795.556366
11653   222445   10035   11795.549332
11589   222445   10035   11795.474636
11777   222445   10035   11795.499101
11712   222445   10035   11795.639308
11696   222445   10035   11795.570157
11331   222445   10035   11795.495981
12751   222445   10035   11795.689062
11692   222445   10035   11795.949866
11831   222445   10035   11795.887632
11635   222445   10035   11795.823646
11859   222445   10035   11795.792955
11632   222445   10035   11795.997006
11363   222445   10035   11795.955130
11839   222445   10035   11796.170731
11678   222445   10035   11796.122165
11878   222445   10035   11796.517952
11731   222445   10035   11796.453051
11799   222445   10035   11796.386379
11890   222445   10035   11796.332539
11742   222445   10035   11796.561516
11689   222445   10035   11796.512454
11576   222445   10035   11796.496771
11656   222445   10035   11796.418248
13344   222445   10035   11796.865153
11769   222445   10035   11796.813525
11897   222445   10035   11796.767432
11856   222445   10035   11796.726977
11683   222445   10035   11796.949080
11727   222445   10035   11796.908685
11746   222445   10035   11796.848428
13098   222445   10035   11796.770405
11667   222445   10035   11797.176469
11650   222445   10035   11797.131193
11778   222445   10035   11797.077636
11737   222445   10035   11797.040495
11553   222445   10035   11797.286687
11634   222445   10035   11797.220149
11870   222445   10035   11797.183855
11601   222445   10035   11797.177502
11717   222445   10035   11797.660070
11652   222445   10035   11797.594720
11587   222445   10035   11797.524387
14981   222445   10035   11797.467711
11520   222445   10035   11797.709578
11624   222445   10035   11797.649564
11691   222445   10035   11797.589249
11867   222445   10035   11797.530126
11478   222445   10035   11797.913875
11512   222445   10035   11797.848385
11999   222445   10035   11797.837874
11815   222445   10035   11797.779262
11642   222445   10035   11797.995193
11805   222445   10035   11797.949150
11693   222445   10035   11797.889594
15890   222445   10035   11797.822756
11638   222445   10035   11798.207199
11825   222445   10035   11798.151369
11617   222445   10035   11798.092678
11756   222445   10035   11798.018724
12592   222445   10035   11798.224707
11413   222445   10035   11798.162553
12153   222445   10035   11798.101573
11740   222445   10035   11798.064054
11844   222445   10035   11798.378985
11647   222445   10035   11798.385598
11787   222445   10035   11798.331173
11842   222445   10035   11798.260798
16760   222445   10035   11798.452424
11523   222445   10035   11798.401630
11590   222445   10035   11798.329230
11850   222445   10035   11798.271798
23935   222445   10035   11798.515461
11997   222445   10035   11798.597568
12485   222445   10035   11798.541696
11678   222445   10035   11798.521540
12021   222445   10035   11798.691552
11513   222445   10035   11798.672162
11832   222445   10035   11798.626568
11599   222445   10035   11798.563183
12183   222445   10035   11798.734105
11842   222445   10035   11798.881407
16028   222445   10035   11798.825614
11643   222445   10035   11798.807694
11903   222445   10035   11798.818941
11862   222445   10035   11798.936824
11725   222445   10035   11798.871896
11757   222445   10035   11798.798407
12292   222445   10035   11798.916638
12924   222445   10035   11799.215676
11769   222445   10035   11799.146250
11620   222445   10035   11799.064431
11724   222445   10035   11799.035391
11947   222445   10035   11799.182610
12027   222445   10035   11799.138137
11710   222445   10035   11799.089139
11765   222445   10035   11799.063517
11679   222445   10035   11799.372244
11638   222445   10035   11799.308445
11850   222445   10035   11799.236412
11593   222445   10035   11799.195820
11721   222445   10035   11799.400813
11524   222445   10035   11799.340481
11639   222445   10035   11799.277688
13304   222445   10035   11799.214720
12004   222445   10035   11799.572800
12144   222445   10035   11799.533300
11707   222445   10035   11799.474459
11751   222445   10035   11799.425892
11818   222445   10035   11799.627689
11742   222445   10035   11799.560603
11739   222445   10035   11799.494804
11746   222445   10035   11799.452770
11898   222445   10035   11799.812903
11749   222445   10035   11799.774280
11721   222445   10035   11799.705191
11848   222445   10035   11799.633866
11617   222445   10035   11799.818893
11973   222445   10035   11799.754265
11704   222445   10035   11799.731247
11866   222445   10035   11799.703872
11669   222445   10035   11800.058900
11737   222445   10035   11800.262876
11588   222445   10035   11800.201974
11730   222445   10035   11800.144496
11701   222445   10035   11800.361678
11697   222445   10035   11800.308153
12124   222445   10035   11800.233122
11355   222445   10035   11799.907270
11459   222445   10035   11799.842889
11924   222445   10035   11799.555547
10519   222445   10035   11798.800840
10803   222445   10035   11797.721327
10731   222445   10035   11796.816733
10572   222445   10035   11795.780112
10676   222445   10035   11794.826026
10824   222445   10035   11793.975416
11046   222445   10035   11793.588356
11064   222445   10035   11792.899285
11734   222445   10035   11792.309780
11311   222445   10035   11791.755027
11605   222445   10035   11791.465108
11244   222445   10035   11791.017539
11316   222445   10035   11790.662779
11443   222445   10035   11790.278939
11183   222445   10035   11790.293970
11404   222445   10035   11789.962887
11628   222445   10035   11789.662173
11255   222445   10035   11789.377873
11533   222445   10035   11789.356759
11363   222445   10035   11789.104110
11708   222445   10035   11788.876712
11274   222445   10035   11788.653576
11940   222445   10035   11788.734348
11714   222445   10035   11788.599597
11537   222445   10035   11788.426424
11600   222445   10035   11788.269295
11649   222445   10035   11788.335709
14568   222445   10035   11788.160221
11571   222445   10035   11787.991914
11436   222445   10035   11787.826018
11317   222445   10035   11787.760567
11218   222445   10035   11787.611332
11464   222445   10035   11787.345834
11539   222445   10035   11787.046916
11944   222445   10035   11786.860533
11492   222445   10035   11786.680652
11535   222445   10035   11786.433298
11389   222445   10035   11786.190378
11476   222445   10035   11786.101479
11607   222445   10035   11786.019720
11579   222445   10035   11785.782370
11520   222445   10035   11785.540566
11929   222445   10035   11785.373058
11518   222445   10035   11785.318933
11449   222445   10035   11785.106690
11403   222445   10035   11784.905138
11427   222445   10035   11784.805505
11810   222445   10035   11784.856984
12013   222445   10035   11784.681580
11395   222445   10035   11784.514802
14138   222445   10035   11784.374580
11728   222445   10035   11784.392612
11399   222445   10035   11784.214519
11335   222445   10035   11784.040358
11727   222445   10035   11783.904039
11571   222445   10035   11784.059567
15940   222445   10035   11783.915785
11405   222445   10035   11783.774056
11380   222445   10035   11783.612112
11457   222445   10035   11783.699244
12009   222445   10035   11783.539752
11657   222445   10035   11783.381492
11457   222445   10035   11783.260604
11656   222445   10035   11783.454172
11651   222445   10035   11783.301154
11470   222445   10035   11783.141688
11641   222445   10035   11783.002427
11597   222445   10035   11783.070189
11577   222445   10035   11782.940182
11693   222445   10035   11782.800945
13145   222445   10035   11782.681328
11468   222445   10035   11782.878289
12084   222445   10035   11782.773767
11721   222445   10035   11782.618672
11564   222445   10035   11782.474952
11514   222445   10035   11782.562252
11642   222445   10035   11782.427595
11375   222445   10035   11782.293649
11596   222445   10035   11782.170902
11565   222445   10035   11782.388886
11618   222445   10035   11782.272578
11538   222445   10035   11782.146398
11740   222445   10035   11782.025976
11526   222445   10035   11782.096293
11856   222445   10035   11781.965205
11618   222445   10035   11781.863448
11471   222445   10035   11781.725508
11837   222445   10035   11781.948841
11597   222445   10035   11781.816705
11800   222445   10035   11781.684103
11569   222445   10035   11781.559526
11668   222445   10035   11781.635274
11516   222445   10035   11781.501779
11678   222445   10035   11781.405669
13989   222445   10035   11781.660268
13389   222445   10035   11782.461477
12271   222445   10035   11782.957525
11906   222445   10035   11783.357203
12116   222445   10035   11783.960683
11950   222445   10035   11784.534652
12065   222445   10035   11784.811719
11926   222445   10035   11785.070278
11888   222445   10035   11785.290628
13304   222445   10035   11785.885762
11942   222445   10035   11786.036576
11787   222445   10035   11786.189633
12183   222445   10035   11786.292533
11866   222445   10035   11786.624881
11823   222445   10035   11786.681888
11706   222445   10035   11786.712961
11749   222445   10035   11786.733840
14766   222445   10035   11787.020355
12372   222445   10035   11787.236345
11861   222445   10035   11787.279551
11858   222445   10035   11787.336154
12472   222445   10035   11787.617067
12280   222445   10035   11787.665649
11901   222445   10035   11787.708089
11675   222445   10035   11787.765707
11912   222445   10035   11787.999630
11762   222445   10035   11788.173458
11625   222445   10035   11788.180478
12060   222445   10035   11788.180670
12355   222445   10035   11788.282329
11765   222445   10035   11788.388055
11784   222445   10035   11788.384248
11712   222445   10035   11788.382340
11888   222445   10035   11788.497229
11932   222445   10035   11788.714539
11760   222445   10035   11788.685508
11704   222445   10035   11788.655684
15311   222445   10035   11788.650911
11798   222445   10035   11788.824136
11649   222445   10035   11788.784081
11560   222445   10035   11788.717375
11714   222445   10035   11788.741631
11936   222445   10035   11788.959202
11759   222445   10035   11788.901301
11862   222445   10035   11788.847463
11334   222445   10035   11788.818346
12052   222445   10035   11788.973165
11563   222445   10035   11788.917224
11668   222445   10035   11788.854690
11775   222445   10035   11788.801429
11663   222445   10035   11789.087599
15213   222445   10035   11789.017559
11722   222445   10035   11788.942108
11728   222445   10035   11788.879451
11680   222445   10035   11789.022408
11752   222445   10035   11788.983667
11603   222445   10035   11788.916617
12037   222445   10035   11788.849995
11974   222445   10035   11789.132392
11902   222445   10035   11789.058902
11688   222445   10035   11788.990082
11713   222445   10035   11788.922517
11564   222445   10035   11789.051377
13574   222445   10035   11788.979819
11685   222445   10035   11788.868047
11572   222445   10035   11788.728099
11442   222445   10035   11788.930728
11659   222445   10035   11788.816883
11755   222445   10035   11788.697514
11607   222445   10035   11788.583933
11900   222445   10035   11788.675143
11549   222445   10035   11788.550104
11421   222445   10035   11788.429911
11472   222445   10035   11788.315010
11604   222445   10035   11788.513823
12233   222445   10035   11788.409329
11594   222445   10035   11788.298140
11506   222445   10035   11788.194810
11562   222445   10035   11788.282809
11622   222445   10035   11788.168156
11762   222445   10035   11788.083733
11450   222445   10035   11787.989088
12096   222445   10035   11788.219090
11332   222445   10035   11788.110662
11670   222445   10035   11788.013747
11880   222445   10035   11787.906747
11917   222445   10035   11788.019332
11654   222445   10035   11787.918361
11770   222445   10035   11787.828509
11750   222445   10035   11787.768846
11572   222445   10035   11788.004243
11618   222445   10035   11787.897932
11310   222445   10035   11787.840517
11425   222445   10035   11787.736175
11841   222445   10035   11787.863353
11889   222445   10035   11787.769350
11751   222445   10035   11787.691509
11570   222445   10035   11787.593646
11790   222445   10035   11787.802568
11661   222445   10035   11787.809079
11821   222445   10035   11787.722047
11755   222445   10035   11787.624299
15511   222445   10035   11787.721720
12297   222445   10035   11787.624312
12114   222445   10035   11787.544756
11742   222445   10035   11787.454153
11710   222445   10035   11787.565865
11629   222445   10035   11787.603503
11727   222445   10035   11787.519929
13425   222445   10035   11787.415282
11897   222445   10035   11787.470760
13457   222445   10035   11787.429138
11757   222445   10035   11787.544550
11404   222445   10035   11787.456747
12778   222445   10035   11787.540485
11820   222445   10035   11787.596794
11709   222445   10035   11787.505794
11834   222445   10035   11787.441743
11671   222445   10035   11787.424158
13729   222445   10035   11787.474696
11669   222445   10035   11787.389222
11641   222445   10035   11787.296942
11629   222445   10035   11787.313729
11631   222445   10035   11787.447601
16354   222445   10035   11787.363399
11249   222445   10035   11787.278012
12195   222445   10035   11787.229201
11814   222445   10035   11787.298718
11713   222445   10035   11787.218226
11753   222445   10035   11787.172603
11680   222445   10035   11787.137369
12700   222445   10035   11787.320607
11632   222445   10035   11787.234695
11669   222445   10035   11787.142079
11664   222445   10035   11787.055447
11466   222445   10035   11787.174702
11324   222445   10035   11787.096715
11281   222445   10035   11787.018636
12180   222445   10035   11786.935378
11837   222445   10035   11787.183849
11601   222445   10035   11787.109319
11546   222445   10035   11787.028681
11574   222445   10035   11786.972850
11714   222445   10035   11787.081527
11432   222445   10035   11787.003622
11550   222445   10035   11786.916781
11615   222445   10035   11786.829960
11654   222445   10035   11787.058546
11178   222445   10035   11786.999647
11834   222445   10035   11786.914486
12014   222445   10035   11786.825688
11857   222445   10035   11786.938172
11659   222445   10035   11786.849980
11696   222445   10035   11786.775653
12003   222445   10035   11786.717169
11784   222445   10035   11786.948527
11555   222445   10035   11786.866974
11637   222445   10035   11786.824078
11579   222445   10035   11786.744129
11519   222445   10035   11786.873330
11930   222445   10035   11786.811514
11543   222445   10035   11786.733405
11815   222445   10035   11786.650328
11717   222445   10035   11786.880897
11572   222445   10035   11786.808467
11462   222445   10035   11786.727099
11614   222445   10035   11786.657628
11652   222445   10035   11786.782408
11575   222445   10035   11786.709527
11667   222445   10035   11786.628810
11714   222445   10035   11786.543492
11707   222445   10035   11786.773936
11781   222445   10035   11786.692071
11612   222445   10035   11786.635524
12018   222445   10035   11786.576548
11693   222445   10035   11786.679235
11697   222445   10035   11786.595426
11654   222445   10035   11786.517307
11571   222445   10035   11786.436774
12307   222445   10035   11786.689420
11609   222445   10035   11786.604272
11644   222445   10035   11786.525668
11720   222445   10035   11786.466083
11512   222445   10035   11786.567612
11772   222445   10035   11786.479908
11617   222445   10035   11786.433287
11959   222445   10035   11786.358449
12730   222445   10035   11786.505499
11722   222445   10035   11786.518135
11671   222445   10035   11786.442698
11594   222445   10035   11786.352415
11600   222445   10035   11786.435824
12577   222445   10035   11786.307664
11419   222445   10035   11786.076874
11631   222445   10035   11785.851785
11353   222445   10035   11785.791059
11828   222445   10035   11785.689735
11823   222445   10035   11785.488227
11815   222445   10035   11785.282548
11357   222445   10035   11785.180773
11446   222445   10035   11785.061400
11563   222445   10035   11784.869654
11594   222445   10035   11784.678126
19053   222445   10035   11784.590699
11936   222445   10035   11784.600952
16380   222445   10035   11784.444040
11689   222445   10035   11784.265240
11557   222445   10035   11784.119444
11376   222445   10035   11784.083586
11526   222445   10035   11783.911223
11684   222445   10035   11783.764485
11653   222445   10035   11783.696773
11788   222445   10035   11783.729861
11472   222445   10035   11783.574307
11518   222445   10035   11783.418339
12766   222445   10035   11783.275389
11562   222445   10035   11783.303938
11681   222445   10035   11783.161505
11642   222445   10035   11783.069905
11806   222445   10035   11782.936985
11522   222445   10035   11783.138338
11858   222445   10035   11783.001148
11564   222445   10035   11782.874482
11485   222445   10035   11782.737705
11698   222445   10035   11782.781399
11839   222445   10035   11782.640124
11749   222445   10035   11782.500946
11592   222445   10035   11782.371584
11401   222445   10035   11782.546030
12983   222445   10035   11782.418406
11734   222445   10035   11782.312354
11536   222445   10035   11782.180078
11342   222445   10035   11782.214405
11626   222445   10035   11782.085881
11522   222445   10035   11781.961789
11616   222445   10035   11781.853924
11597   222445   10035   11782.015851
11503   222445   10035   11781.889490
11902   222445   10035   11781.772156
11739   222445   10035   11781.655340
11792   222445   10035   11781.708248
11777   222445   10035   11781.603715
11650   222445   10035   11781.495088
11598   222445   10035   11781.383242
11664   222445   10035   11781.561647
11711   222445   10035   11781.447682
11629   222445   10035   11781.341133
11484   222445   10035   11781.240229
15251   222445   10035   11781.308378
11511   222445   10035   11781.194947
11824   222445   10035   11781.080043
11459   222445   10035   11780.969309
11583   222445   10035   11781.130384
11818   222445   10035   11781.039709
11495   222445   10035   11780.944605
11607   222445   10035   11780.837089
11652   222445   10035   11780.921639
11733   222445   10035   11780.824787
11662   222445   10035   11780.732303
11693   222445   10035   11780.645038
11502   222445   10035   11780.835458
11985   222445   10035   11780.737589
12028   222445   10035   11780.642774
11428   222445   10035   11780.558683
11795   222445   10035   11780.672077
11605   222445   10035   11780.575617
11685   222445   10035   11780.503921
14995   222445   10035   11780.415885
12256   222445   10035   11780.592956
11709   222445   10035   11780.510857
11595   222445   10035   11780.449213
11702   222445   10035   11780.345171
11756   222445   10035   11780.442728
11613   222445   10035   11780.353437
11941   222445   10035   11780.259887
11664   222445   10035   11780.162457
11668   222445   10035   11780.235237
11501   222445   10035   11780.269244
11651   222445   10035   11780.229599
15848   222445   10035   11780.151394
11520   222445   10035   11780.222904
11745   222445   10035   11780.152513
11764   222445   10035   11780.064420
11661   222445   10035   11779.974127
11935   222445   10035   11780.068643
11842   222445   10035   11780.102229
11575   222445   10035   11780.018009
11704   222445   10035   11779.924428
11867   222445   10035   11779.896375
11418   222445   10035   11779.934478
11567   222445   10035   11779.858855
11674   222445   10035   11779.778014
11842   222445   10035   11779.786301
11584   222445   10035   11779.886927
11330   222445   10035   11779.803965
15834   222445   10035   11779.718240
10929   222445   10035   11779.660192
12048   222445   10035   11779.733874
11547   222445   10035   11779.651422
11592   222445   10035   11779.570116
11479   222445   10035   11779.527508
11645   222445   10035   11779.690959
13549   222445   10035   11779.611628
11625   222445   10035   11779.543377
11704   222445   10035   11779.460523
11471   222445   10035   11779.550994
11747   222445   10035   11779.471346
11938   222445   10035   11779.392046
11521   222445   10035   11779.303276
11758   222445   10035   11779.515978
11901   222445   10035   11779.441987
11746   222445   10035   11779.365812
11537   222445   10035   11779.289937
11659   222445   10035   11779.372461
11469   222445   10035   11779.283976
11466   222445   10035   11779.214305
11701   222445   10035   11779.135310
11661   222445   10035   11779.346492
11616   222445   10035   11779.276546
11867   222445   10035   11779.200057
11773   222445   10035   11779.129780
11913   222445   10035   11779.325727
11795   222445   10035   11779.391962
11817   222445   10035   11779.450034
11843   222445   10035   11779.487922
11819   222445   10035   11779.837566
11874   222445   10035   11779.866375
11778   222445   10035   11779.892666
11809   222445   10035   11780.145833
11817   222445   10035   11780.370389
11294   222445   10035   11780.423120
12259   222445   10035   11780.480152
11958   222445   10035   11780.541450
11906   222445   10035   11780.895555
16759   222445   10035   11780.959120
11956   222445   10035   11781.023401
11807   222445   10035   11781.074848
11939   222445   10035   11781.316670
11779   222445   10035   11781.395516
12463   222445   10035   11781.441086
12330   222445   10035   11781.509275
11998   222445   10035   11781.837970
11621   222445   10035   11781.866243
11710   222445   10035   11781.898447
11765   222445   10035   11781.910928
11954   222445   10035   11782.101867
11702   222445   10035   11782.125007
16270   222445   10035   11782.145929
11629   222445   10035   11782.152724
11995   222445   10035   11782.447519
11774   222445   10035   11782.441915
11863   222445   10035   11782.444634
12033   222445   10035   11782.431975
11728   222445   10035   11782.620269
11857   222445   10035   11782.605342
15533   222445   10035   11782.596043
11491   222445   10035   11782.579208
12894   222445   10035   11782.745419
11685   222445   10035   11782.822178
11749   222445   10035   11782.816767
11770   222445   10035   11782.791733
11683   222445   10035   11782.950372
11713   222445   10035   11782.918278
12182   222445   10035   11782.899228
12204   222445   10035   11782.860155
11720   222445   10035   11782.991774
11621   222445   10035   11783.077670
11748   222445   10035   11783.045831
11684   222445   10035   11783.007209
23372   222445   10035   11783.077779
16699   222445   10035   11783.099639
11744   222445   10035   11783.083011
11788   222445   10035   11783.046569
11933   222445   10035   11783.134064
11654   222445   10035   11783.255283
11788   222445   10035   11783.217715
11657   222445   10035   11783.182525
11581   222445   10035   11783.183316
11652   222445   10035   11783.277673
11408   222445   10035   11783.236616
12108   222445   10035   11783.194829
11757   222445   10035   11783.221197
11783   222445   10035   11783.414810
11708   222445   10035   11783.366982
10868   222445   10035   11783.328644
11891   222445   10035   11783.295362
11707   222445   10035   11783.411772
11807   222445   10035   11783.361046
11668   222445   10035   11783.322513
11890   222445   10035   11783.270688
11687   222445   10035   11783.516429
11760   222445   10035   11783.470176
11989   222445   10035   11783.419413
11669   222445   10035   11783.361146
11629   222445   10035   11783.469883
11661   222445   10035   11783.417009
11675   222445   10035   11783.388694
11833   222445   10035   11783.341940
11387   222445   10035   11783.588400
11569   222445   10035   11783.540767
11623   222445   10035   11783.484939
11654   222445   10035   11783.428734
11658   222445   10035   11783.566970
11506   222445   10035   11783.511995
11853   222445   10035   11783.470119
11729   222445   10035   11783.409832
11970   222445   10035   11783.618761
11584   222445   10035   11783.559193
11699   222445   10035   11783.511281
15891   222445   10035   11783.457480
11707   222445   10035   11783.562140
11723   222445   10035   11783.502460
11683   222445   10035   11783.440856
11711   222445   10035   11783.404963
11532   222445   10035   11783.617707
11703   222445   10035   11783.570902
12119   222445   10035   11783.518112
11651   222445   10035   11783.452255
11703   222445   10035   11783.553463
11770   222445   10035   11783.492961
11783   222445   10035   11783.432992
13533   222445   10035   11783.390858
11796   222445   10035   11783.597838
11594   222445   10035   11783.529666
11947   222445   10035   11783.471191
11623   222445   10035   11783.404805
21727   222445   10035   11783.501942
12111   222445   10035   11783.459068
12019   222445   10035   11783.404518
11548   222445   10035   11783.349774
11770   222445   10035   11783.567391
11561   222445   10035   11783.501082
11762   222445   10035   11783.443562
11772   222445   10035   11783.402473
11663   222445   10035   11783.515004
11478   222445   10035   11783.468383
11714   222445   10035   11783.581462
11944   222445   10035   11783.523438
12386   222445   10035   11783.678748
11794   222445   10035   11783.681929
11606   222445   10035   11783.625226
11715   222445   10035   11783.576966
12344   222445   10035   11783.661816
11521   222445   10035   11783.612489
11604   222445   10035   11783.551669
11650   222445   10035   11783.492281
12273   222445   10035   11783.599894
11557   222445   10035   11783.646913
11950   222445   10035   11783.598616
11840   222445   10035   11783.488845
11571   222445   10035   11783.407658
11459   222445   10035   11783.267374
11672   222445   10035   11783.118448
15890   222445   10035   11782.948445
23332   222445   10035   11782.884183
11766   222445   10035   11782.833511
11555   222445   10035   11782.668153
11345   222445   10035   11782.502145
11339   222445   10035   11782.400444
11508   222445   10035   11782.341445
11745   222445   10035   11782.211649
10390   222445   10035   11782.082692
11875   222445   10035   11782.014170
12331   222445   10035   11782.036578
11598   222445   10035   11781.942056
11444   222445   10035   11781.803055
11554   222445   10035   11781.691550
11445   222445   10035   11781.678694
11503   222445   10035   11781.546289
11957   222445   10035   11781.428283
23684   222445   10035   11781.340576
12001   222445   10035   11781.427589
11538   222445   10035   11781.307119
11549   222445   10035   11781.181864
11664   222445   10035   11781.053373
11758   222445   10035   11781.084978
11590   222445   10035   11780.970733
11476   222445   10035   11780.867440
11468   222445   10035   11780.763155
11979   222445   10035   11780.885785
11557   222445   10035   11780.773714
11804   222445   10035   11780.663460
11905   222445   10035   11780.555738
11776   222445   10035   11780.604783
11782   222445   10035   11780.511295
11589   222445   10035   11780.409115
16167   222445   10035   11780.298172
11538   222445   10035   11780.439081
11601   223306   10035   11780.365343
11636   223306   10035   11780.273912
11800   223306   10035   11780.169456
11660   223306   10035   11780.212800
11574   223306   10035   11780.113199
14177   223306   10035   11780.017662
11446   223306   10035   11779.933025
11909   223306   10035   11780.085542
11699   223306   10035   11779.995189
11590   223306   10035   11779.904837
11822   223306   10035   11779.820594
11611   223306   10035   11779.871967
11552   223306   10035   11779.778204
11654   223306   10035   11779.714350
11613   223306   10035   11779.625710
11751   223306   10035   11779.776367
11804   223306   10035   11779.690988
11433   223306   10035   11779.604291
11665   223306   10035   11779.514343
11993   223306   10035   11779.570882
11806   223306   10035   11779.493621
11564   223306   10035   11779.433821
11626   223306   10035   11779.345771
11580   223306   10035   11779.496782
11059   223306   10035   11779.407789
11499   223306   10035   11779.323851
11613   223306   10035   11779.252112
11630   223306   10035   11779.299712
11731   223306   10035   11779.257503
11432   223306   10035   11779.179972
11436   223306   10035   11779.102825
12055   223306   10035   11779.285632
11631   223306   10035   11779.215221
11710   223306   10035   11779.146874
11605   223306   10035   11779.066302
11586   223306   10035   11779.138033
15511   223306   10035   11779.059458
11874   223306   10035   11778.985604
11645   223306   10035   11778.916188
11773   223306   10035   11778.984744
11610   223306   10035   11779.008770
11551   223306   10035   11778.934489
11862   223306   10035   11778.853717
11778   223306   10035   11778.920045
11682   223306   10035   11778.881423
11694   223306   10035   11778.814686
11563   223306   10035   11778.745809
11474   223306   10035   11778.808131
11937   223306   10035   11778.840799
11578   223306   10035   11778.767003
11535   223306   10035   11778.683037
12011   223306   10035   11778.666766
11813   223306   10035   11778.691089
11812   223306   10035   11778.634885
11576   223306   10035   11778.566096
11371   223306   10035   11778.744660
11552   223306   10035   11778.840307
11495   223306   10035   11778.783229
11625   223306   10035   11778.708762
11589   223306   10035   11778.662646
11565   223306   10035   11778.708450
11671   223306   10035   11778.633475
11575   223306   10035   11778.559660
23026   223306   10035   11778.577428
15649   223306   10035   11778.675688
11862   223306   10035   11778.601079
11650   223306   10035   11778.534476
11722   223306   10035   11778.454152
11458   223306   10035   11778.535432
11701   223306   10035   11778.475163
11770   223306   10035   11778.405857
15117   223306   10035   11778.337122
11543   223306   10035   11778.514301
11588   223306   10035   11778.452732
11452   223306   10035   11778.387866
11622   223306   10035   11778.330164
11213   223306   10035   11778.419027
11839   223306   10035   11778.349918
11660   223306   10035   11778.279059
11611   223306   10035   11778.213929
11709   223306   10035   11778.391885
11703   223306   10035   11778.327026
11421   223306   10035   11778.307302
11762   223306   10035   11778.237102
11664   223306   10035   11778.326022
11720   223306   10035   11778.256558
11470   223306   10035   11778.186679
12093   223306   10035   11778.115084
11351   223306   10035   11778.298308
11975   223306   10035   11778.244344
12097   223306   10035   11778.393947
12063   223306   10035   11778.654749
11945   223306   10035   11779.046642
12081   223306   10035   11779.270965
12235   223306   10035   11779.496043
12089   223306   10035   11779.711830
12130   223306   10035   11780.185144
12012   223306   10035   11780.365709
11913   223306   10035   11780.540900
13135   223306   10035   11780.699411
12135   223306   10035   11781.034158
11940   223306   10035   11781.177172
11867   223306   10035   11781.315592
12272   223306   10035   11781.451731
11868   223306   10035   11781.848815
11786   223306   10035   11781.953958
11976   223306   10035   11782.043514
11888   223306   10035   11782.161390
11979   223306   10035   11782.427999
11933   223306   10035   11782.504268
12663   223306   10035   11782.587055
11532   223306   10035   11782.644155
12039   223306   10035   11782.973343
11721   223306   10035   11783.029189
12069   223306   10035   11783.071185
11933   223306   10035   11783.101852
12020   223306   10035   11783.202786
11915   223306   10035   11783.330967
11726   223306   10035   11783.342582
11762   223306   10035   11783.379144
12477   223306   10035   11783.619985
11688   223306   10035   11783.693107
11914   223306   10035   11783.725491
18158   223306   10035   11783.750592
12018   223306   10035   11783.935497
11716   223306   10035   11783.984041
11762   223306   10035   11784.025313
11590   223306   10035   11784.059118
12139   223306   10035   11784.275402
11995   223306   10035   11784.389469
12298   223306   10035   11784.441671
12599   223306   10035   11784.487616
13308   223306   10035   11784.654025
11692   223306   10035   11784.715743
11847   223306   10035   11784.749497
11873   223306   10035   11784.784030
11571   223306   10035   11784.947774
11637   223306   10035   11785.079073
11073   223306   10035   11785.116496
11685   223306   10035   11785.136595
11982   223306   10035   11785.210512
11676   223306   10035   11785.326003
12562   223306   10035   11785.334691
12217   223306   10035   11785.594775
12667   223306   10035   11786.462312
12058   223306   10035   11787.407941
12011   223306   10035   11788.195838
11899   223306   10035   11788.488963
22860   223306   10035   11788.950047
22802   223306   10035   11789.849215
22755   223306   10035   11790.819720
21313   223306   10035   11791.706878
31527   223306   10035   11792.667899
12823   223306   10035   11793.585163
11987   223306   10035   11794.489104
12258   223306   10035   11795.444272
19269   223306   10035   11796.391233
16505   223306   10035   11797.289715
14169   223306   10035   11798.222398
11556   223306   10035   11799.040782
15706   223306   10035   11799.947185
16615   223306   10035   11800.817065
11949   223306   10035   11801.763974
16019   223306   10035   11802.546460
11985   223306   10035   11802.806997
11800   880689   10035   11803.591970
11664   880689   10035   11803.588037
11558   880689   10035   11803.563526
11818   880689   10035   11803.525021
11608   880689   10035   11803.746262
11466   880689   10035   11803.707346
11714   880689   10035   11803.674222
17119   880689   10035   11803.639609
11733   880689   10035   11803.744157
12138   880689   10035   11803.709517
11721   880689   10035   11803.687320
11683   880689   10035   11803.650241
11781   880689   10035   11803.786763
11744   880689   10035   11803.806662
11741   880689   10035   11803.767783
11636   880689   10035   11803.722565
11591   880689   10035   11803.834130
11748   880689   10035   11803.791931
11747   880689   10035   11803.753341
11701   880689   10035   11803.712389
11581   880689   10035   11803.903557
12028   880689   10035   11803.858201
11642   880689   10035   11803.836603
11871   880689   10035   11803.791242
11659   880689   10035   11803.895798
11534   880689   10035   11803.851845
13482   880689   10035   11803.802230
11721   880689   10035   11803.755268
11713   880689   10035   11803.941693
11778   880689   10035   11803.906330
11722   880689   10035   11803.872688
11318   880689   10035   11803.825137
11735   880689   10035   11803.919863
11818   880689   10035   11803.864582
11693   880689   10035   11803.813612
11637   880689   10035   11803.772855
11728   880689   10035   11803.920965
11777   880689   10035   11803.933128
11726   880689   10035   11803.885767
11663   880689   10035   11803.860973
11757   880689   10035   11803.952555
11527   880689   10035   11803.913315
11548   880689   10035   11803.872909
11647   880689   10035   11803.844038
11698   880689   10035   11803.892236
12150   880689   10035   11804.047397
11899   880689   10035   11804.004434
11910   880689   10035   11803.966745
11929   880689   10035   11803.982399
11757   880689   10035   11804.004893
11848   880689   10035   11803.948715
12900   880689   10035   11803.890559
11658   880689   10035   11803.917867
11836   880689   10035   11804.047069
11839   880689   10035   11804.030999
12061   880689   10035   11804.012358
12901   880689   10035   11804.024589
12138   880689   10035   11804.125543
11933   880689   10035   11804.109091
11699   880689   10035   11804.089988
11990   880689   10035   11804.136580
11820   880689   10035   11804.276892
11989   880689   10035   11804.253325
11487   880689   10035   11804.224522
11616   880689   10035   11804.196121
11666   880689   10035   11804.301420
11762   880689   10035   11804.289109
11828   880689   10035   11804.264203
12377   880689   10035   11804.239066
12000   880689   10035   11804.445352
11832   880689   10035   11804.417858
