100
100
100
100
100
100
100
100
100
100
100
100
100
100
100
100
100
100
100
100
100
100
100
100
100
12,34
11,62
11,59
12,15
13,64
12,09
12,09
13,64
13,64
22,17
13,13
8,56
12,88
15,44
12,31
13,57
20,4
12,85
12,34
12,09
21,16
12,37
20,2
12,34
12,34
11,9
12,63
12,37
29,37
14,86
11,59
18,69
12,85
12,59
12,88
12,63
12,12
14,14
11,87
11,39
12,56
11,59
19,44
12,53
11,62
21,46
12,34
11,78
12,34
16,96
17,72
21,21
15,04
12,34
11,62
14,65
11,62
12,63
12,81
12,09
13,89
12,06
12,12
12,12
12,56
12,63
12,12
13,1
30,3
12,88
12,09
11,87
12,81
12,12
16,62
13,35
12,31
14,07
12,37
12,56
16,67
12,12
13,6
12,34
12,09
22,78
19,14
15,29
11,87
12,59
12,34
19,9
12,34
11,87
12,63
11,84
13,03
19,9
12,09
12,31
13,32
12,34
12,09
9,52
12,63
14,11
12,06
12,63
36,68
13,38
11,56
15,11
14,11
12,91
17,59
11,81
11,84
11,14
12,59
18,14
16,62
12,12
12,31
20,45
16,92
19,65
12,37
12,34
11,62
12,56
19,24
16,67
11,62
13,07
11,59
11,62
9,05
12,12
12,59
12,34
12,12
12,37
15,15
11,62
12,34
12,09
13,1
11,34
24,87
12,09
12,34
12,12
12,37
10,1
12,12
11,84
12,12
11,81
19,7
11,87
12,34
21,72
19,4
12,81
9,07
12,06
12,59
11,87
12,37
22,67
12,56
12,37
14,61
18,43
12,34
16,46
12,53
11,9
13,32
12,34
20,71
12,34
12,63
13,35
14,57
12,09
21,01
12,12
23,87
12,06
12,12
23,62
11,87
11,34
12,91
9,8
13,35
