1,51
1,76
1,76
1,76
1,27
1,26
1,26
1,26
1,76
1,76
1,26
1,26
1,01
1,01
1,5
1,01
1,51
1,76
2,26
2,01
2,01
1,51
1,76
1,5
1,01
1
1,25
1,01
1,01
1,5
1,01
1,01
1,25
1
1,01
1,01
1,01
1,26
1,25
1
1,25
1,25
1,25
1,01
1,25
1,01
1,01
1,26
1,01
1,01
1,01
1,25
1,25
1,25
1,01
1,01
1,01
1
1,25
1,01
1,25
1,25
1,01
1,01
1,01
1,01
1,01
1,01
1,01
1,5
1,01
1,01
1,25
1,01
1,01
1,26
1,01
1
1,5
1,01
1,25
1
1,01
1,26
1,01
1,01
1,25
1,01
1,01
1,5
1,01
1,01
1,01
1,01
1,01
1,01
1
1,25
1,25
1,01
1,5
1,01
1,01
1,25
1,01
1,01
1,25
1,01
1,01
1,5
1,01
1,25
1,01
1,01
1,25
1,01
1,01
1,25
1,25
1,01
1,5
1,01
1
1,25
1
1,01
1,25
1,25
1,01
1,25
1,01
1,5
1,01
1
1
1
1,01
1,25
1,25
1,01
1,5
1,01
1,01
1,25
1,01
1,01
1,25
1,01
1,01
1,5
1,01
1,25
1,25
1
1,01
1,25
1,01
1,01
1,01
1,01
1,01
1,25
1,25
1,01
1,25
1,01
1,01
1,01
1,01
1,25
1,01
1,25
1,25
1,25
1,01
1,25
1,01
1
1,25
1,01
1,25
1,01
1,25
1,01
1,25
1,01
1,25
1,01
1,01
1,01
1,01
1,01
1,25
1,25
1,01
1,5
1,01
1,01
1,25
1,01
1
1,25
1,26
1,01
1,5
1,01
1,01
1,25
1,01
1,01
1,01
1,01
1,01
1,25
1,01
1,5
1,01
1
1,25
1,01
1,01
