100
100
100
100
100
100
100
100
100
100
100
100
100
100
100
100
100
100
100
100
100
100
100
100
100
21,21
13,35
12,88
10,33
10,33
10,83
15,66
11,87
11,84
10,58
11,11
12,37
15,54
9,07
10,35
12,18
12,63
18,69
10,35
10,38
10,35
11,28
11,9
20,6
11,14
10,83
10,3
10,58
10,35
27,2
12,31
10,35
10,8
11,65
11,06
18,18
11,34
11,08
12,12
11,36
11,34
17,01
12,06
18,69
18,64
12,41
10,58
14,61
9,6
19,7
12,31
11,56
10,08
18,94
10,86
16,41
10,83
10,61
10,8
7,34
12,88
10,55
10,8
10,35
9,32
15,11
13,64
10,8
12,37
10,05
25,44
10,53
10,86
9,87
11,08
10,08
19,1
9,6
10,83
9,85
11,62
9,34
10,13
9,34
19,6
9,62
12,63
13,67
19,35
9,8
9,57
12,34
11,39
10,83
16,67
10,41
9,41
9,34
16,71
12,88
9,34
10,8
10,08
10,3
10,61
10,55
10,05
9,85
10,58
14,68
10,86
14,07
10,58
9,57
10,83
9,6
10,58
14,32
10,33
9,85
10,33
9,85
10,13
27,39
14,39
20,45
10,83
10,66
10,58
12,59
17,13
11,84
10,3
9,82
9,85
9,87
14,65
12,12
9,57
11,06
21,97
14,11
10,83
10,35
10,83
9,85
17,13
10,08
9,57
9,85
9,85
11,53
21,97
10,61
9,82
13,82
10,33
9,8
10,83
10,33
12,12
15,4
11,28
8,82
14,14
10,61
20,1
11,08
9,8
18,59
9,57
10,33
11,08
16,88
10,08
11,87
9,82
11,08
11,03
10,35
17,93
19,7
10,05
11,11
14,14
10,83
9,57
17,68
9,34
12,56
12,59
10,86
10,33
10,61
9,8
10,83
9,57
