1,76
1,76
1,75
1,75
1,76
1,76
1,76
1,51
1,74
1,76
1,51
1,76
2,26
2,02
1,26
1,76
2,01
2,01
1,76
1,51
1,76
1,76
1,26
1,26
1,75
1,51
1,51
1,51
1,76
2,02
1,76
1,52
1,52
1,51
1,52
1,51
1,51
1,75
1,51
1,76
1,76
1,51
1,26
1,26
1,51
1,51
1,52
2,02
2,78
2,78
2,78
2,78
3,02
2,78
2,78
2,78
2,78
2,78
2,27
1,51
1,25
1,25
1,25
1,01
1,01
1,25
1,01
1,01
1,01
1
1,25
1,01
1,25
1,26
1,51
2,01
1,77
1,76
2
1,77
2,02
2,02
2,01
1,77
2,02
2,02
1,76
2,01
2,02
1,77
2,02
2,01
1,77
2,01
2,02
2,02
2,01
2,01
1,76
2,01
1,76
1,76
2,01
2,02
1,77
2,01
1,77
1,76
2,26
1,77
2,01
2,02
1,76
2,26
2,02
1,77
2,02
2,02
1,76
1,76
1,76
1,76
1,76
1,76
1,76
2,02
1,77
2,01
2,02
2,01
1,76
2,02
2,26
1,77
1,76
2,01
2,02
1,76
2,01
2,02
1,76
2,02
2,26
1,76
1,77
2,02
2,01
1,77
2,02
2,02
1,76
2,02
2,01
1,76
1,77
2,01
2,02
1,77
1,76
2,02
2,01
1,76
2,01
2,02
2,02
1,76
2,02
2,02
1,77
2,02
2,02
2,01
1,76
1,77
2,01
1,77
1,76
2,02
1,76
1,76
2,02
2,02
1,76
2,02
2,02
2,02
2,01
2,02
2,01
1,76
1,76
2,02
2,02
1,76
2,01
2,01
1,77
1,77
2,02
2,01
1,77
2,02
2,02
1,77
1,77
2,02
2,01
1,77
2,26
