11,02
11,02
11,02
11,05
11,05
11,02
11,02
11,2
11,02
11,05
11,26
11,05
11,05
11,05
11,02
11,08
11,32
11,29
11,32
11,08
11,08
11,05
11,05
11,2
11,05
11,05
10,96
11,32
11,08
11,05
11,29
11,05
11,05
11,02
11,05
11,05
11,05
11,02
11,08
11,02
10,81
11,02
11,02
10,81
11,02
11,02
11,02
11,65
13,66
13,15
13,97
13,74
13,66
13,66
13,7
13,5
13,74
13,97
13,08
11,05
11,05
10,75
10,99
11,02
10,75
10,99
10,51
10,75
10,78
10,54
10,99
10,96
10,78
11,02
11,02
11,02
11,05
11,05
11,02
11,02
11,05
11,05
11,05
11,05
11,05
11,02
11,29
11,02
11,02
11,02
10,81
10,81
11,05
10,81
11,05
11,02
11,02
11,02
11,02
11,02
11,05
11,05
11,05
11,02
11,02
10,78
11,02
10,78
10,78
10,81
10,78
10,81
11,02
11,02
11,05
11,05
11,02
11,05
11,02
11,05
11,02
11,02
10,81
11,02
10,78
10,78
10,78
11,05
11,05
11,05
11,05
11,05
10,81
10,78
10,81
11,29
11,02
11,02
11,05
11,05
11,05
10,78
11,02
11,02
11,02
11,05
11,02
11,05
11,05
11,05
11,05
11,05
11,02
11,02
10,81
10,78
10,81
10,81
11,05
11,02
11,02
11,02
11,02
11,05
11,05
11,02
11,05
11,02
11,02
11,05
11,05
11,05
11,02
11,05
11,02
10,78
11,05
11,05
11,02
11,05
11,05
11,05
11,05
11,02
11,05
10,99
11,02
11,29
11,02
10,78
10,81
11,05
11,05
11,02
11,02
11,02
11,02
11,05
11,02
11,02
11,02
10,78
11,05
11,05
11,29
11,02
10,81
11,02
11,02
11,29
